       0.300     140.000     150.000     313.005       Alpha_c    Bbag^1/4     Ms      Pr  ===>  E/A at P=0:     887.101


         nbar              rho           presion         ne            nu            nd            ns            mue           muu           mud           mus    
       [fm^-3]         [gm cm^-3]      [erg cm^-3]     [fm^-3]       [fm^-3]       [fm^-3]       [fm^-3]        [MeV]         [MeV]         [MeV]         [MeV]   

 1.14103747222E+00 2.30422806550E+15   5.50082E+35   1.25342E-06   1.14104E+00   1.18917E+00   1.09291E+00   6.58212E+00   4.74688E+02   4.81270E+02   4.81270E+02
 1.08605589265E+00 2.16485731418E+15   5.09366E+35   1.36956E-06   1.08606E+00   1.13405E+00   1.03806E+00   6.77943E+00   4.66937E+02   4.73717E+02   4.73717E+02
 1.03504036750E+00 2.03756959334E+15   4.72220E+35   1.49207E-06   1.03504E+00   1.08290E+00   9.87179E-01   6.97585E+00   4.59509E+02   4.66484E+02   4.66484E+02
 9.87654180087E-01 1.92114337519E+15   4.38282E+35   1.62097E-06   9.87656E-01   1.03537E+00   9.39934E-01   7.17120E+00   4.52386E+02   4.59558E+02   4.59558E+02
 9.43593201147E-01 1.81449615753E+15   4.07229E+35   1.75620E-06   9.43595E-01   9.91167E-01   8.96017E-01   7.36532E+00   4.45557E+02   4.52922E+02   4.52922E+02
 9.02582397244E-01 1.71666709449E+15   3.78776E+35   1.89771E-06   9.02584E-01   9.50009E-01   8.55154E-01   7.55806E+00   4.39006E+02   4.46564E+02   4.46564E+02
 8.64372745985E-01 1.62680197183E+15   3.52669E+35   2.04541E-06   8.64375E-01   9.11650E-01   8.17094E-01   7.74926E+00   4.32721E+02   4.40471E+02   4.40471E+02
 8.28738507102E-01 1.54414018862E+15   3.28682E+35   2.19918E-06   8.28741E-01   8.75864E-01   7.81611E-01   7.93878E+00   4.26691E+02   4.34630E+02   4.34630E+02
 7.95474805289E-01 1.46800345883E+15   3.06614E+35   2.35889E-06   7.95477E-01   8.42448E-01   7.48499E-01   8.12649E+00   4.20905E+02   4.29031E+02   4.29031E+02
 7.64395486473E-01 1.39778598978E+15   2.86285E+35   2.52438E-06   7.64398E-01   8.11215E-01   7.17573E-01   8.31225E+00   4.15350E+02   4.23662E+02   4.23662E+02
 7.35331214258E-01 1.33294593074E+15   2.67534E+35   2.69546E-06   7.35334E-01   7.81998E-01   6.88662E-01   8.49593E+00   4.10018E+02   4.18514E+02   4.18514E+02
 7.08127777555E-01 1.27299791571E+15   2.50218E+35   2.87193E-06   7.08131E-01   7.54642E-01   6.61611E-01   8.67743E+00   4.04898E+02   4.13575E+02   4.13575E+02
 6.82644584165E-01 1.21750655045E+15   2.34208E+35   3.05356E-06   6.82648E-01   7.29006E-01   6.36280E-01   8.85664E+00   3.99981E+02   4.08838E+02   4.08838E+02
 6.58753318286E-01 1.16608071525E+15   2.19388E+35   3.24011E-06   6.58757E-01   7.04963E-01   6.12540E-01   9.03344E+00   3.95260E+02   4.04293E+02   4.04293E+02
 6.36336742710E-01 1.11836857409E+15   2.05654E+35   3.43132E-06   6.36340E-01   6.82396E-01   5.90274E-01   9.20776E+00   3.90725E+02   3.99932E+02   3.99932E+02
 6.15287628884E-01 1.07405319585E+15   1.92912E+35   3.62691E-06   6.15291E-01   6.61198E-01   5.69373E-01   9.37949E+00   3.86368E+02   3.95748E+02   3.95748E+02
 5.95507800085E-01 1.03284870713E+15   1.81078E+35   3.82659E-06   5.95512E-01   6.41271E-01   5.49740E-01   9.54855E+00   3.82183E+02   3.91731E+02   3.91731E+02
 5.76907274804E-01 9.94496907136E+14   1.70075E+35   4.03006E-06   5.76911E-01   6.22525E-01   5.31285E-01   9.71488E+00   3.78162E+02   3.87876E+02   3.87876E+02
 5.59403498988E-01 9.58764284959E+14   1.59836E+35   4.23701E-06   5.59408E-01   6.04878E-01   5.13924E-01   9.87840E+00   3.74298E+02   3.84176E+02   3.84176E+02
 5.42920657166E-01 9.25439387764E+14   1.50297E+35   4.44712E-06   5.42925E-01   5.88254E-01   4.97583E-01   1.00391E+01   3.70585E+02   3.80624E+02   3.80624E+02
 5.27389053701E-01 8.94330495391E+14   1.41402E+35   4.66005E-06   5.27394E-01   5.72584E-01   4.82190E-01   1.01968E+01   3.67017E+02   3.77214E+02   3.77214E+02
 5.12744556425E-01 8.65263562913E+14   1.33100E+35   4.87548E-06   5.12749E-01   5.57803E-01   4.67681E-01   1.03516E+01   3.63588E+02   3.73939E+02   3.73939E+02
 4.98928095853E-01 8.38080397850E+14   1.25345E+35   5.09306E-06   4.98933E-01   5.43853E-01   4.53998E-01   1.05033E+01   3.60292E+02   3.70796E+02   3.70796E+02
 4.85885213956E-01 8.12637043137E+14   1.18094E+35   5.31246E-06   4.85891E-01   5.30678E-01   4.41087E-01   1.06520E+01   3.57125E+02   3.67777E+02   3.67777E+02
 4.73565657169E-01 7.88802340785E+14   1.11308E+35   5.53335E-06   4.73571E-01   5.18230E-01   4.28896E-01   1.07977E+01   3.54081E+02   3.64879E+02   3.64879E+02
 4.61923008937E-01 7.66456654389E+14   1.04953E+35   5.75537E-06   4.61929E-01   5.06462E-01   4.17379E-01   1.09402E+01   3.51155E+02   3.62096E+02   3.62096E+02
 4.50914357628E-01 7.45490731507E+14   9.89960E+34   5.97819E-06   4.50920E-01   4.95330E-01   4.06493E-01   1.10796E+01   3.48343E+02   3.59423E+02   3.59423E+02
 4.40499996107E-01 7.25804689326E+14   9.34086E+34   6.20149E-06   4.40506E-01   4.84795E-01   3.96198E-01   1.12159E+01   3.45641E+02   3.56857E+02   3.56857E+02
 4.30643149706E-01 7.07307109165E+14   8.81637E+34   6.42494E-06   4.30650E-01   4.74821E-01   3.86459E-01   1.13490E+01   3.43043E+02   3.54392E+02   3.54392E+02
 4.21309729661E-01 6.89914227145E+14   8.32368E+34   6.64822E-06   4.21316E-01   4.65373E-01   3.77240E-01   1.14789E+01   3.40547E+02   3.52026E+02   3.52026E+02
 4.12468109422E-01 6.73549209971E+14   7.86055E+34   6.87102E-06   4.12475E-01   4.56420E-01   3.68510E-01   1.16058E+01   3.38148E+02   3.49754E+02   3.49754E+02
 4.04088921545E-01 6.58141506121E+14   7.42492E+34   7.09303E-06   4.04096E-01   4.47932E-01   3.60239E-01   1.17294E+01   3.35843E+02   3.47572E+02   3.47572E+02
 3.96144873077E-01 6.43626263902E+14   7.01491E+34   7.31396E-06   3.96152E-01   4.39882E-01   3.52401E-01   1.18500E+01   3.33627E+02   3.45477E+02   3.45477E+02
 3.88610577625E-01 6.29943808920E+14   6.62877E+34   7.53354E-06   3.88618E-01   4.32244E-01   3.44969E-01   1.19674E+01   3.31499E+02   3.43466E+02   3.43466E+02
 3.81462402454E-01 6.17039174348E+14   6.26490E+34   7.75147E-06   3.81470E-01   4.24996E-01   3.37921E-01   1.20817E+01   3.29454E+02   3.41536E+02   3.41536E+02
 3.74678329153E-01 6.04861678212E+14   5.92183E+34   7.96752E-06   3.74686E-01   4.18114E-01   3.31234E-01   1.21929E+01   3.27489E+02   3.39682E+02   3.39682E+02
 3.68237826552E-01 5.93364542568E+14   5.59820E+34   8.18142E-06   3.68246E-01   4.11579E-01   3.24888E-01   1.23011E+01   3.25602E+02   3.37903E+02   3.37903E+02
 3.62121734722E-01 5.82504550061E+14   5.29276E+34   8.39295E-06   3.62130E-01   4.05371E-01   3.18864E-01   1.24062E+01   3.23789E+02   3.36196E+02   3.36196E+02
 3.56312159000E-01 5.72241733860E+14   5.00435E+34   8.60188E-06   3.56321E-01   3.99472E-01   3.13143E-01   1.25083E+01   3.22049E+02   3.34557E+02   3.34557E+02
 3.50792373096E-01 5.62539097455E+14   4.73190E+34   8.80801E-06   3.50801E-01   3.93866E-01   3.07710E-01   1.26074E+01   3.20377E+02   3.32984E+02   3.32984E+02
 3.45546730429E-01 5.53362361165E+14   4.47441E+34   9.01113E-06   3.45556E-01   3.88537E-01   3.02548E-01   1.27036E+01   3.18772E+02   3.31476E+02   3.31476E+02
 3.40560582934E-01 5.44679732598E+14   4.23097E+34   9.21107E-06   3.40570E-01   3.83470E-01   2.97642E-01   1.27969E+01   3.17232E+02   3.30028E+02   3.30028E+02
 3.35820206654E-01 5.36461698578E+14   4.00072E+34   9.40766E-06   3.35830E-01   3.78651E-01   2.92980E-01   1.28873E+01   3.15753E+02   3.28640E+02   3.28640E+02
 3.31312733492E-01 5.28680836372E+14   3.78288E+34   9.60075E-06   3.31322E-01   3.74067E-01   2.88548E-01   1.29748E+01   3.14334E+02   3.27309E+02   3.27309E+02
 3.27026088571E-01 5.21311642243E+14   3.57670E+34   9.79020E-06   3.27036E-01   3.69707E-01   2.84335E-01   1.30596E+01   3.12972E+02   3.26032E+02   3.26032E+02
 3.22948932703E-01 5.14330375607E+14   3.38151E+34   9.97588E-06   3.22959E-01   3.65559E-01   2.80329E-01   1.31417E+01   3.11666E+02   3.24808E+02   3.24808E+02
 3.19070609503E-01 5.07714917243E+14   3.19666E+34   1.01577E-05   3.19081E-01   3.61612E-01   2.76519E-01   1.32210E+01   3.10414E+02   3.23635E+02   3.23635E+02
 3.15381096746E-01 5.01444640166E+14   3.02157E+34   1.03355E-05   3.15391E-01   3.57857E-01   2.72895E-01   1.32977E+01   3.09213E+02   3.22511E+02   3.22511E+02
 3.11870961597E-01 4.95500291933E+14   2.85568E+34   1.05092E-05   3.11881E-01   3.54283E-01   2.69449E-01   1.33718E+01   3.08062E+02   3.21433E+02   3.21433E+02
 3.08531319373E-01 4.89863887284E+14   2.69848E+34   1.06788E-05   3.08542E-01   3.50881E-01   2.66170E-01   1.34434E+01   3.06958E+02   3.20401E+02   3.20401E+02
 3.05353795532E-01 4.84518610111E+14   2.54949E+34   1.08442E-05   3.05365E-01   3.47645E-01   2.63052E-01   1.35124E+01   3.05901E+02   3.19413E+02   3.19413E+02
 3.02330490626E-01 4.79448723887E+14   2.40825E+34   1.10053E-05   3.02341E-01   3.44564E-01   2.60086E-01   1.35790E+01   3.04888E+02   3.18467E+02   3.18467E+02
 2.99453947950E-01 4.74639489748E+14   2.27434E+34   1.11621E-05   2.99465E-01   3.41633E-01   2.57264E-01   1.36432E+01   3.03918E+02   3.17561E+02   3.17561E+02
 2.96717123676E-01 4.70077091522E+14   2.14737E+34   1.13146E-05   2.96728E-01   3.38843E-01   2.54580E-01   1.37050E+01   3.02989E+02   3.16694E+02   3.16694E+02
 2.94113359253E-01 4.65748567047E+14   2.02697E+34   1.14627E-05   2.94125E-01   3.36188E-01   2.52027E-01   1.37646E+01   3.02101E+02   3.15865E+02   3.15865E+02
 2.91636355897E-01 4.61641745233E+14   1.91279E+34   1.16065E-05   2.91648E-01   3.33662E-01   2.49599E-01   1.38219E+01   3.01250E+02   3.15072E+02   3.15072E+02
 2.89280150987E-01 4.57745188307E+14   1.80451E+34   1.17459E-05   2.89292E-01   3.31259E-01   2.47290E-01   1.38770E+01   3.00437E+02   3.14314E+02   3.14314E+02
 2.87039096228E-01 4.54048138805E+14   1.70182E+34   1.18810E-05   2.87051E-01   3.28972E-01   2.45094E-01   1.39300E+01   2.99659E+02   3.13589E+02   3.13589E+02
 2.84907837424E-01 4.50540470876E+14   1.60443E+34   1.20117E-05   2.84920E-01   3.26798E-01   2.43006E-01   1.39809E+01   2.98916E+02   3.12896E+02   3.12896E+02
 2.82881295736E-01 4.47212645513E+14   1.51208E+34   1.21381E-05   2.82893E-01   3.24730E-01   2.41021E-01   1.40298E+01   2.98205E+02   3.12235E+02   3.12235E+02
 2.80954650317E-01 4.44055669369E+14   1.42449E+34   1.22602E-05   2.80967E-01   3.22763E-01   2.39134E-01   1.40767E+01   2.97527E+02   3.11603E+02   3.11603E+02
 2.79123322200E-01 4.41061056859E+14   1.34145E+34   1.23781E-05   2.79136E-01   3.20893E-01   2.37341E-01   1.41216E+01   2.96879E+02   3.11001E+02   3.11001E+02
 2.77382959352E-01 4.38220795234E+14   1.26272E+34   1.24918E-05   2.77395E-01   3.19116E-01   2.35637E-01   1.41648E+01   2.96261E+02   3.10426E+02   3.10426E+02
 2.75729422797E-01 4.35527312410E+14   1.18808E+34   1.26014E-05   2.75742E-01   3.17428E-01   2.34018E-01   1.42060E+01   2.95671E+02   3.09877E+02   3.09877E+02
 2.74158773735E-01 4.32973447291E+14   1.11733E+34   1.27069E-05   2.74171E-01   3.15824E-01   2.32481E-01   1.42456E+01   2.95109E+02   3.09354E+02   3.09354E+02
 2.72667261564E-01 4.30552422385E+14   1.05029E+34   1.28084E-05   2.72680E-01   3.14300E-01   2.31022E-01   1.42834E+01   2.94572E+02   3.08856E+02   3.08856E+02
 2.71251312758E-01 4.28257818522E+14   9.86761E+33   1.29059E-05   2.71264E-01   3.12853E-01   2.29636E-01   1.43195E+01   2.94062E+02   3.08381E+02   3.08381E+02
 2.69907520515E-01 4.26083551509E+14   9.26587E+33   1.29995E-05   2.69921E-01   3.11480E-01   2.28322E-01   1.43541E+01   2.93575E+02   3.07929E+02   3.07929E+02
 2.68632635132E-01 4.24023850538E+14   8.69600E+33   1.30893E-05   2.68646E-01   3.10178E-01   2.27075E-01   1.43871E+01   2.93112E+02   3.07500E+02   3.07500E+02
 2.67423555049E-01 4.22073238234E+14   8.15645E+33   1.31754E-05   2.67437E-01   3.08942E-01   2.25892E-01   1.44185E+01   2.92672E+02   3.07091E+02   3.07091E+02
 2.66277318505E-01 4.20226512186E+14   7.64577E+33   1.32579E-05   2.66291E-01   3.07770E-01   2.24771E-01   1.44486E+01   2.92253E+02   3.06702E+02   3.06702E+02
 2.65191095776E-01 4.18478727861E+14   7.16258E+33   1.33368E-05   2.65204E-01   3.06660E-01   2.23709E-01   1.44772E+01   2.91856E+02   3.06333E+02   3.06333E+02
 2.64162181938E-01 4.16825182774E+14   6.70554E+33   1.34122E-05   2.64176E-01   3.05608E-01   2.22703E-01   1.45044E+01   2.91478E+02   3.05982E+02   3.05982E+02
 2.63187990119E-01 4.15261401825E+14   6.27342E+33   1.34842E-05   2.63201E-01   3.04612E-01   2.21751E-01   1.45303E+01   2.91119E+02   3.05649E+02   3.05649E+02
 2.62266045215E-01 4.13783123711E+14   5.86501E+33   1.35529E-05   2.62280E-01   3.03669E-01   2.20849E-01   1.45550E+01   2.90779E+02   3.05334E+02   3.05334E+02
 2.61393978025E-01 4.12386288320E+14   5.47918E+33   1.36184E-05   2.61408E-01   3.02777E-01   2.19997E-01   1.45784E+01   2.90456E+02   3.05034E+02   3.05034E+02
 2.60569519779E-01 4.11067025045E+14   5.11485E+33   1.36808E-05   2.60583E-01   3.01934E-01   2.19191E-01   1.46006E+01   2.90150E+02   3.04751E+02   3.04751E+02
 2.59790497030E-01 4.09821641930E+14   4.77098E+33   1.37402E-05   2.59804E-01   3.01137E-01   2.18430E-01   1.46217E+01   2.89861E+02   3.04483E+02   3.04483E+02
 2.59054826890E-01 4.08646615600E+14   4.44660E+33   1.37967E-05   2.59069E-01   3.00385E-01   2.17711E-01   1.46417E+01   2.89587E+02   3.04229E+02   3.04229E+02
 2.58360512569E-01 4.07538581903E+14   4.14076E+33   1.38503E-05   2.58374E-01   2.99675E-01   2.17033E-01   1.46606E+01   2.89328E+02   3.03989E+02   3.03989E+02
 2.57705639219E-01 4.06494327217E+14   3.85258E+33   1.39011E-05   2.57720E-01   2.99005E-01   2.16393E-01   1.46786E+01   2.89084E+02   3.03762E+02   3.03762E+02
 2.57088370042E-01 4.05510780367E+14   3.58118E+33   1.39494E-05   2.57102E-01   2.98373E-01   2.15790E-01   1.46955E+01   2.88853E+02   3.03548E+02   3.03548E+02
 2.56506942652E-01 4.04585005113E+14   3.32577E+33   1.39950E-05   2.56521E-01   2.97778E-01   2.15222E-01   1.47115E+01   2.88635E+02   3.03346E+02   3.03346E+02
 2.55959665667E-01 4.03714193150E+14   3.08555E+33   1.40382E-05   2.55974E-01   2.97218E-01   2.14687E-01   1.47267E+01   2.88429E+02   3.03156E+02   3.03156E+02
 2.55444915526E-01 4.02895657605E+14   2.85978E+33   1.40790E-05   2.55459E-01   2.96692E-01   2.14184E-01   1.47409E+01   2.88236E+02   3.02977E+02   3.02977E+02
 2.54961133507E-01 4.02126826971E+14   2.64774E+33   1.41176E-05   2.54975E-01   2.96196E-01   2.13712E-01   1.47544E+01   2.88054E+02   3.02808E+02   3.02808E+02
 2.54506822921E-01 4.01405239463E+14   2.44876E+33   1.41539E-05   2.54521E-01   2.95732E-01   2.13268E-01   1.47670E+01   2.87883E+02   3.02650E+02   3.02650E+02
 2.54080546500E-01 4.00728537749E+14   2.26217E+33   1.41881E-05   2.54095E-01   2.95295E-01   2.12852E-01   1.47789E+01   2.87722E+02   3.02501E+02   3.02501E+02
 2.53680923930E-01 4.00094464042E+14   2.08736E+33   1.42204E-05   2.53695E-01   2.94886E-01   2.12461E-01   1.47901E+01   2.87571E+02   3.02361E+02   3.02361E+02
 2.53306629543E-01 3.99500855515E+14   1.92371E+33   1.42506E-05   2.53321E-01   2.94503E-01   2.12096E-01   1.48006E+01   2.87429E+02   3.02230E+02   3.02230E+02
 2.52956390147E-01 3.98945640023E+14   1.77067E+33   1.42791E-05   2.52971E-01   2.94145E-01   2.11754E-01   1.48104E+01   2.87297E+02   3.02107E+02   3.02107E+02
 2.52628982985E-01 3.98426832100E+14   1.62767E+33   1.43057E-05   2.52643E-01   2.93810E-01   2.11434E-01   1.48196E+01   2.87173E+02   3.01993E+02   3.01993E+02
 2.52323233814E-01 3.97942529220E+14   1.49419E+33   1.43307E-05   2.52338E-01   2.93497E-01   2.11136E-01   1.48282E+01   2.87057E+02   3.01885E+02   3.01885E+02
 2.52038015095E-01 3.97490908298E+14   1.36973E+33   1.43540E-05   2.52052E-01   2.93205E-01   2.10857E-01   1.48363E+01   2.86949E+02   3.01785E+02   3.01785E+02
 2.51772244289E-01 3.97070222406E+14   1.25380E+33   1.43758E-05   2.51787E-01   2.92933E-01   2.10598E-01   1.48438E+01   2.86848E+02   3.01692E+02   3.01692E+02
 2.51524882244E-01 3.96678797698E+14   1.14594E+33   1.43962E-05   2.51539E-01   2.92679E-01   2.10356E-01   1.48508E+01   2.86754E+02   3.01605E+02   3.01605E+02
 2.51294931675E-01 3.96315030527E+14   1.04571E+33   1.44151E-05   2.51309E-01   2.92444E-01   2.10132E-01   1.48573E+01   2.86667E+02   3.01524E+02   3.01524E+02
 2.51081435725E-01 3.95977384729E+14   9.52683E+32   1.44327E-05   2.51096E-01   2.92225E-01   2.09923E-01   1.48633E+01   2.86585E+02   3.01449E+02   3.01449E+02
 2.50883476594E-01 3.95664389071E+14   8.66450E+32   1.44491E-05   2.50898E-01   2.92023E-01   2.09730E-01   1.48690E+01   2.86510E+02   3.01379E+02   3.01379E+02
 2.50700174254E-01 3.95374634850E+14   7.86624E+32   1.44643E-05   2.50715E-01   2.91835E-01   2.09551E-01   1.48742E+01   2.86440E+02   3.01315E+02   3.01315E+02
 2.50530685209E-01 3.95106773620E+14   7.12833E+32   1.44784E-05   2.50545E-01   2.91661E-01   2.09385E-01   1.48790E+01   2.86376E+02   3.01255E+02   3.01255E+02
 2.50374201334E-01 3.94859515057E+14   6.44720E+32   1.44914E-05   2.50389E-01   2.91501E-01   2.09233E-01   1.48834E+01   2.86316E+02   3.01200E+02   3.01200E+02
 2.50229948748E-01 3.94631624922E+14   5.81945E+32   1.45034E-05   2.50244E-01   2.91353E-01   2.09092E-01   1.48876E+01   2.86261E+02   3.01149E+02   3.01149E+02
 2.50097186757E-01 3.94421923151E+14   5.24182E+32   1.45145E-05   2.50112E-01   2.91218E-01   2.08962E-01   1.48913E+01   2.86211E+02   3.01102E+02   3.01102E+02
 2.49975206830E-01 3.94229282020E+14   4.71121E+32   1.45247E-05   2.49990E-01   2.91093E-01   2.08843E-01   1.48948E+01   2.86164E+02   3.01059E+02   3.01059E+02
 2.49863331623E-01 3.94052624417E+14   4.22463E+32   1.45340E-05   2.49878E-01   2.90978E-01   2.08734E-01   1.48980E+01   2.86121E+02   3.01019E+02   3.01019E+02
 2.49760914038E-01 3.93890922183E+14   3.77925E+32   1.45426E-05   2.49775E-01   2.90873E-01   2.08634E-01   1.49009E+01   2.86082E+02   3.00983E+02   3.00983E+02
 2.49667336324E-01 3.93743194539E+14   3.37238E+32   1.45504E-05   2.49682E-01   2.90777E-01   2.08543E-01   1.49036E+01   2.86047E+02   3.00950E+02   3.00950E+02
 2.49582009201E-01 3.93608506564E+14   3.00143E+32   1.45575E-05   2.49597E-01   2.90690E-01   2.08459E-01   1.49061E+01   2.86014E+02   3.00920E+02   3.00920E+02
 2.49504371026E-01 3.93485967755E+14   2.66395E+32   1.45641E-05   2.49519E-01   2.90611E-01   2.08384E-01   1.49083E+01   2.85984E+02   3.00893E+02   3.00893E+02
 2.49433886971E-01 3.93374730627E+14   2.35759E+32   1.45700E-05   2.49448E-01   2.90538E-01   2.08315E-01   1.49103E+01   2.85957E+02   3.00868E+02   3.00868E+02
 2.49370048239E-01 3.93273989372E+14   2.08015E+32   1.45753E-05   2.49385E-01   2.90473E-01   2.08253E-01   1.49121E+01   2.85933E+02   3.00845E+02   3.00845E+02
 2.49312371292E-01 3.93182978561E+14   1.82951E+32   1.45802E-05   2.49327E-01   2.90414E-01   2.08196E-01   1.49138E+01   2.85911E+02   3.00825E+02   3.00825E+02
 2.49260397110E-01 3.93100971892E+14   1.60367E+32   1.45845E-05   2.49275E-01   2.90361E-01   2.08145E-01   1.49153E+01   2.85891E+02   3.00806E+02   3.00806E+02
 2.49213690452E-01 3.93027280970E+14   1.40073E+32   1.45885E-05   2.49228E-01   2.90313E-01   2.08100E-01   1.49166E+01   2.85873E+02   3.00790E+02   3.00790E+02
 2.49171839151E-01 3.92961254125E+14   1.21890E+32   1.45920E-05   2.49186E-01   2.90270E-01   2.08059E-01   1.49178E+01   2.85857E+02   3.00775E+02   3.00775E+02
 2.49134453412E-01 3.92902275258E+14   1.05649E+32   1.45951E-05   2.49149E-01   2.90232E-01   2.08023E-01   1.49189E+01   2.85843E+02   3.00762E+02   3.00762E+02
 2.49101165127E-01 3.92849762716E+14   9.11877E+31   1.45979E-05   2.49116E-01   2.90198E-01   2.07990E-01   1.49198E+01   2.85830E+02   3.00750E+02   3.00750E+02
 2.49071627199E-01 3.92803168193E+14   7.83566E+31   1.46004E-05   2.49086E-01   2.90167E-01   2.07961E-01   1.49207E+01   2.85819E+02   3.00740E+02   3.00740E+02
 2.49045512885E-01 3.92761975647E+14   6.70131E+31   1.46026E-05   2.49060E-01   2.90141E-01   2.07936E-01   1.49214E+01   2.85809E+02   3.00730E+02   3.00730E+02
 2.49022515132E-01 3.92725700240E+14   5.70238E+31   1.46046E-05   2.49037E-01   2.90117E-01   2.07913E-01   1.49221E+01   2.85800E+02   3.00722E+02   3.00722E+02
 2.49002345942E-01 3.92693887297E+14   4.82633E+31   1.46063E-05   2.49017E-01   2.90096E-01   2.07894E-01   1.49227E+01   2.85792E+02   3.00715E+02   3.00715E+02
 2.48984735725E-01 3.92666111277E+14   4.06146E+31   1.46077E-05   2.48999E-01   2.90078E-01   2.07876E-01   1.49232E+01   2.85786E+02   3.00709E+02   3.00709E+02
 2.48969432669E-01 3.92641974755E+14   3.39681E+31   1.46090E-05   2.48984E-01   2.90063E-01   2.07861E-01   1.49236E+01   2.85780E+02   3.00703E+02   3.00703E+02
 2.48956202116E-01 3.92621107424E+14   2.82218E+31   1.46101E-05   2.48971E-01   2.90049E-01   2.07849E-01   1.49240E+01   2.85775E+02   3.00699E+02   3.00699E+02
 2.48944825935E-01 3.92603165094E+14   2.32811E+31   1.46111E-05   2.48959E-01   2.90038E-01   2.07837E-01   1.49243E+01   2.85770E+02   3.00695E+02   3.00695E+02
 2.48935101908E-01 3.92587828713E+14   1.90579E+31   1.46119E-05   2.48950E-01   2.90028E-01   2.07828E-01   1.49246E+01   2.85767E+02   3.00691E+02   3.00691E+02
 2.48926843112E-01 3.92574803387E+14   1.54711E+31   1.46126E-05   2.48941E-01   2.90019E-01   2.07820E-01   1.49248E+01   2.85763E+02   3.00688E+02   3.00688E+02
 2.48919877314E-01 3.92563817408E+14   1.24460E+31   1.46132E-05   2.48934E-01   2.90012E-01   2.07813E-01   1.49250E+01   2.85761E+02   3.00686E+02   3.00686E+02
 2.48914046353E-01 3.92554621289E+14   9.91364E+30   1.46137E-05   2.48929E-01   2.90006E-01   2.07807E-01   1.49252E+01   2.85759E+02   3.00684E+02   3.00684E+02
 2.48909205542E-01 3.92546986805E+14   7.81136E+30   1.46141E-05   2.48924E-01   2.90001E-01   2.07803E-01   1.49253E+01   2.85757E+02   3.00682E+02   3.00682E+02
 2.48905223058E-01 3.92540706030E+14   6.08185E+30   1.46144E-05   2.48920E-01   2.89997E-01   2.07799E-01   1.49255E+01   2.85755E+02   3.00681E+02   3.00681E+02
 2.48901979343E-01 3.92535590389E+14   4.67317E+30   1.46147E-05   2.48917E-01   2.89994E-01   2.07796E-01   1.49255E+01   2.85754E+02   3.00680E+02   3.00680E+02
 2.48899366497E-01 3.92531469703E+14   3.53847E+30   1.46149E-05   2.48914E-01   2.89991E-01   2.07793E-01   1.49256E+01   2.85753E+02   3.00679E+02   3.00679E+02
 2.48897287682E-01 3.92528191239E+14   2.63570E+30   1.46151E-05   2.48912E-01   2.89989E-01   2.07791E-01   1.49257E+01   2.85752E+02   3.00678E+02   3.00678E+02
 2.48895656519E-01 3.92525618767E+14   1.92732E+30   1.46152E-05   2.48910E-01   2.89987E-01   2.07789E-01   1.49257E+01   2.85752E+02   3.00677E+02   3.00677E+02
 2.48894396491E-01 3.92523631607E+14   1.38013E+30   1.46154E-05   2.48909E-01   2.89986E-01   2.07788E-01   1.49258E+01   2.85751E+02   3.00677E+02   3.00677E+02
 2.48893440342E-01 3.92522123689E+14   9.64900E+29   1.46154E-05   2.48908E-01   2.89985E-01   2.07787E-01   1.49258E+01   2.85751E+02   3.00677E+02   3.00677E+02
 2.48892729480E-01 3.92521002607E+14   6.56193E+29   1.46155E-05   2.48907E-01   2.89984E-01   2.07787E-01   1.49258E+01   2.85750E+02   3.00676E+02   3.00676E+02
 2.48892213377E-01 3.92520188676E+14   4.32064E+29   1.46155E-05   2.48907E-01   2.89984E-01   2.07786E-01   1.49258E+01   2.85750E+02   3.00676E+02   3.00676E+02
 2.48891848974E-01 3.92519613987E+14   2.73815E+29   1.46156E-05   2.48906E-01   2.89983E-01   2.07786E-01   1.49258E+01   2.85750E+02   3.00676E+02   3.00676E+02
 2.48891600083E-01 3.92519221468E+14   1.65729E+29   1.46156E-05   2.48906E-01   2.89983E-01   2.07786E-01   1.49258E+01   2.85750E+02   3.00676E+02   3.00676E+02
 2.48891436785E-01 3.92518963936E+14   9.48131E+28   1.46156E-05   2.48906E-01   2.89983E-01   2.07785E-01   1.49258E+01   2.85750E+02   3.00676E+02   3.00676E+02
 2.48891334839E-01 3.92518803160E+14   5.05411E+28   1.46156E-05   2.48906E-01   2.89983E-01   2.07785E-01   1.49259E+01   2.85750E+02   3.00676E+02   3.00676E+02
 2.48891275080E-01 3.92518708916E+14  2.3720001E+28   1.46156E-05   2.48906E-01   2.89983E-01   2.07785E-01   1.49259E+01   2.85750E+02   3.00676E+02   3.00676E+02
 3.651E-04        2.413E+10       2.372E+28      106       106        42     *
 1.241E-05        2.060E+10       1.925E+28      106       106        42
 9.854E-06        1.636E+10       1.415E+28      106       106        42
 7.830E-06        1.300E+10       1.041E+28      106       106        42
 6.710E-06        1.114E+10       8.471E+27      106       106        42
 5.709E-06        9.479E+09       6.828E+27      106       106        42
 4.531E-06        7.522E+09       5.012E+27      106       106        42
 3.651E-04        5.621E+09       3.603E+27      106       106        44     *
 2.351E-06        3.903E+09       2.214E+27      106       106        44
 1.483E-06        2.462E+09       1.195E+27      106       106        44
 8.649E-07        1.436E+09       5.798E+26      106       106        44
 6.866E-07        1.140E+09       4.252E+26      106       106        44
 5.924E-07        9.836E+08       3.487E+26      106       106        44
 4.705E-07        7.811E+08       2.557E+26      106       106        44
 2.968E-07        4.928E+08       1.374E+26      106       106        44
 3.651E-04        3.517E+08       9.235E+25      106       106        46     *
 1.535E-07        2.549E+08       5.961E+25      106       106        46
 7.691E-08        1.277E+08       2.321E+25      106       106        46
 3.855E-08        6.401E+07       8.951E+24      106       106        46
 1.932E-08        3.207E+07       3.402E+24      106       106        46
 9.968E-09        1.655E+07       1.325E+24      106       106        46
 4.995E-09        8.293E+06       4.837E+23      106       106        46
 3.968E-09        6.588E+06       3.439E+23      106       106        46
 1.579E-09        2.622E+06       8.503E+22      106       106        46
 6.288E-10        1.044E+06       1.999E+22      106       106        46
 2.503E-10        4.156E+05       4.474E+21      106       106        46
 9.962E-11        1.654E+05       2.075E+21      106       106        46
 3.967E-11        6.587E+04       7.443E+20      106       106        46
 1.579E-11        2.622E+04       2.853E+20      106       106        46
 6.288E-12        1.044E+04       1.126E+20      106       106        46
 6.926E-13        1.150E+03       1.251E+19      106       106        46
 1.277E-13        2.120E+02       2.322E+18      106       106        46
 2.716E-14        4.510E+01       4.961E+17      106       106        46
 9.878E-15        1.640E+01       1.807E+17      106       106        46
 6.987E-15        1.160E+01       1.279E+17      106       106        46
 4.909E-15        8.150E+00       8.988E+16      106       106        46
 4.758E-15        7.900E+00       8.712E+16      106       106        46
 4.734E-15        7.860E+00       8.668E+16      106       106        46
 4.698E-15        7.800E+00       8.602E+16      106       106        46



  1-40 Haensel-Zdunik [A&A 404 (2003), p. L33-36]

  From rho=3.517E+08 (Pd 106 46) it's the T=3e8 K EOS

  * marks the highest density at which the nucleus is present.




