3.9963065977827004
3.5
4.003828494148135
3.5069510460879636
4.011350390513571
3.5138913436255064
4.018872286879006
3.5208190925990523
4.026394183244441
3.527735809747178
4.033916079609876
3.5346404513992002
4.041437975975311
3.5415338299852723
4.048959872340746
3.5484155522660314
4.056481768706181
3.555285831398917
4.064003665071616
3.5621448204294426
4.071525561437052
3.568992236524139
4.079047457802487
3.5758286766097522
4.0865693541679216
3.5826534634121203
4.094091250533356
3.589467537056074
4.101613146898792
3.5962699256676895
4.109135043264227
3.603061813584924
4.116656939629662
3.609842032488006
4.124178835995097
3.616611913619001
4.131700732360533
3.623370188701438
4.1392226287259675
3.630118240226169
4.146744525091402
3.636854794806601
4.154266421456837
3.6435811921585803
4.161788317822273
3.6502962470115516
4.169310214187708
3.6570011638919593
4.176832110553143
3.663694937273114
4.184354006918578
3.670378545664998
4.191875903284013
3.677051253336313
4.199397799649448
3.6837137235188697
4.206919696014883
3.6903655787739127
4.214441592380318
3.697007079336825
4.221963488745754
3.7036382930260343
4.229485385111189
3.710258990883868
4.2370072814766235
3.7168697714398298
4.244529177842058
3.723469831846486
4.252051074207494
3.730060385309216
4.259572970572929
3.736639971872427
4.267094866938364
3.743210467515117
4.274616763303799
3.7497697766104876
4.282138659669235
3.756320027428865
4.2896605560346694
3.7628596077503333
4.297182452400104
3.7693897734675033
4.30470434876554
3.77590982306229
4.312226245130975
3.7824200618042165
4.31974814149641
3.7889207764371267
4.327270037861845
3.7954112447472688
4.3347919342272805
3.8018928179258085
4.342313830592715
3.808363670779768
4.34983572695815
3.8148257873119444
4.357357623323585
3.8212776845993672
4.364879519689021
3.827720402778275
4.372401416054456
3.8341536271579044
4.379923312419891
3.840577098260219
4.3874452087853255
3.8469918357009525
4.394967105150761
3.853396209484876
4.402489001516196
3.8597920610710688
4.410010897881631
3.8661780685272
4.417532794247066
3.872555032694792
4.425054690612502
3.8789230038493416
4.4325765869779366
3.8852812267745196
4.440098483343371
3.8916310745590335
4.447620379708806
3.897970966729679
4.455142276074242
3.904302278226576
4.462664172439677
3.9106245724597883
4.470186068805112
3.9169374903453646
4.477707965170547
3.9232421768324155
4.4852298615359825
3.9295370258993683
4.492751757901417
3.935823518897211
4.500273654266852
3.942101196444808
4.507795550632288
3.948369635211763
4.515317446997723
3.9546299830790597
4.522839343363158
3.96088083254297
4.530361239728593
3.9671233215808344
4.5378831360940275
3.973357414321285
4.545405032459463
3.9795821804516085
4.552926928824898
3.9857989930095012
4.560448825190333
3.992006858457589
4.567970721555769
3.998206138900293
4.575492617921204
4.004397544507483
4.5830145142866385
4.010579532112857
4.590536410652073
4.016753593761547
4.598058307017508
4.022919463626727
4.605580203382944
4.029076312120909
4.613102099748379
4.0352254182371965
4.620623996113814
4.041365986095683
4.62814589247925
4.047498062779771
4.6356677888446844
4.053622473043841
4.643189685210119
4.059738074017312
4.650711581575554
4.06584563603636
4.65823347794099
4.07194560659735
4.665755374306425
4.078036570665598
4.67327727067186
4.084119871670141
4.680799167037295
4.0901955517091455
4.68832106340273
4.096262307279637
4.695842959768165
4.102321597475647
4.7033648561336
4.108373183993926
4.710886752499035
4.114416103245211
4.718408648864471
4.120451629443794
4.725930545229906
4.126479438931968
4.7334524415953405
4.132498766275104
4.740974337960775
4.138510771941895
4.748496234326211
4.144515116051758
4.756018130691646
4.150511092588039
4.763540027057081
4.156499817892309
4.771061923422517
4.16248100351641
4.7785838197879515
4.16845386708621
4.786105716153386
4.174419548949615
4.793627612518821
4.180377878300023
4.801149508884256
4.186327863531279
4.808671405249692
4.192270735676266
4.816193301615127
4.198206506362474
4.823715197980562
4.204133844718792
4.8312370943459975
4.21005413771662
4.838758990711432
4.215967404720822
4.846280887076867
4.22187256265093
4.853802783442302
4.227770503969279
4.861324679807737
4.233661485897961
4.868846576173173
4.239544758707495
4.876368472538608
4.245420572757661
4.8838903689040425
4.251289493159251
4.891412265269478
4.2571511638151
4.898934161634913
4.263005071998717
4.906456058000348
4.268852151424782
4.913977954365783
4.274692420669823
4.921499850731219
4.280524719369735
4.9290217470966535
4.28635017542111
4.936543643462088
4.292168885111957
4.944065539827523
4.29798022247313
4.951587436192959
4.30378426984554
4.959109332558394
4.309581633856469
4.966631228923829
4.315372278999167
4.974153125289264
4.3211551295283055
4.981675021654699
4.326931358885934
4.989196918020134
4.332700984897082
4.996718814385569
4.338463439592581
5.004240710751004
4.344218742520228
5.01176260711644
4.349967503272387
5.019284503481875
4.355709739390808
5.02680639984731
4.361444457573673
5.034328296212745
4.367172557749104
5.04185019257818
4.372894193462312
5.049372088943615
4.378609167509819
5.05689398530905
4.384316809086235
5.064415881674485
4.390018045605468
5.071937778039921
4.395712894117422
5.0794596744053555
4.4014009088866555
5.08698157077079
4.407081944772505
5.094503467136226
4.412756651090544
5.102025363501661
4.418425044621874
5.109547259867096
4.424086530950064
5.117069156232531
4.429741290285166
5.124591052597966
4.435389794325888
5.132112948963401
4.441032059589523
5.139634845328836
4.446667440310679
5.147156741694271
4.452296246788113
5.154678638059707
4.45791887105164
5.162200534425142
4.463535329359596
5.169722430790577
4.469145019473935
5.177244327156012
4.474748191445297
5.1847662235214464
4.480345253112626
5.192288119886882
4.48593622048002
5.199810016252317
4.491520627319097
5.207331912617752
4.497098477896867
5.214853808983188
4.502670288931571
5.222375705348623
4.508236076177628
5.2298976017140575
4.5137955995650305
5.237419498079493
4.519348436721833
5.244941394444928
4.5248953039685915
5.252463290810363
4.5304362168144365
5.259985187175798
4.535971190715558
5.267507083541233
4.541499375886439
5.2750289799066685
4.547021601166167
5.282550876272103
4.5525379403291435
5.290072772637538
4.558048408591341
5.297594669002974
4.563552581177417
5.305116565368409
4.569050461378731
5.312638461733844
4.574542522662992
5.320160358099279
4.580028780009898
5.3276822544647136
4.585509248348052
5.335204150830149
4.590983143786017
5.342726047195584
4.596451218169124
5.350247943561019
4.601913554515699
5.357769839926455
4.607370167522546
5.36529173629189
4.612820886289294
5.372813632657325
4.618265260004535
5.3803355290227595
4.6237039605383385
5.387857425388194
4.6291370023591085
5.39537932175363
4.634564399885738
5.402901218119065
4.639985860503775
5.4104231144845
4.645401205761582
5.417945010849936
4.650810955906174
5.4254669072153705
4.656215125131782
5.432988803580805
4.661613727583849
5.44051069994624
4.667006477472986
5.448032596311675
4.6723932108863755
5.455554492677111
4.6777744257460085
5.463076389042546
4.683150135975932
5.470598285407981
4.688520355452019
5.478120181773416
4.6938849300206
5.485642078138851
4.6992434599619575
5.493163974504286
4.704596546422351
5.500685870869721
4.709944203059003
5.508207767235156
4.71528644348144
5.515729663600592
4.72062328125156
5.523251559966027
4.725954093096808
5.5307734563314614
4.731279449945337
5.538295352696897
4.736599450310716
5.545817249062332
4.741914107538637
5.553339145427767
4.747223434927476
5.560861041793203
4.752527206608756
5.568382938158638
4.757825224636
5.5759048345240725
4.763117958069368
5.583426730889507
4.768405419992432
5.590948627254942
4.773687623441603
5.598470523620378
4.77896458140613
5.605992419985813
4.784235915696124
5.613514316351248
4.789501763631116
5.6210362127166835
4.7947624102422965
5.628558109082118
4.800017868304771
5.636080005447553
4.805268150546425
5.643601901812988
4.810513269647876
5.651123798178423
4.815752861696135
5.658645694543859
4.820987065141917
5.666167590909294
4.8262161485274335
5.6736894872747285
4.831440124318692
5.681211383640164
4.836659004934133
5.688733280005599
4.84187280274454
5.696255176371034
4.847081329312136
5.703777072736469
4.852284400907951
5.711298969101904
4.857482431695768
5.71882086546734
4.8626754338300255
5.7263427618327745
4.867863419416938
5.733864658198209
4.8730464005143475
5.741386554563645
4.878224389131564
5.74890845092908
4.883396959597672
5.756430347294515
4.888564435408792
5.76395224365995
4.893726959474882
5.771474140025385
4.8988845435850665
5.77899603639082
4.904037199479027
5.786517932756255
4.909184938846773
5.79403982912169
4.91432777332843
5.801561725487126
4.919465252002349
5.809083621852561
4.924597780439892
5.816605518217996
4.929725443442191
5.824127414583431
4.934848252423204
5.831649310948866
4.9399662187456785
5.839171207314301
4.94507935372086
5.846693103679736
4.950187668608177
5.854215000045171
4.955290891738749
5.861736896410607
4.960389100600813
5.869258792776042
4.965482527507353
5.876780689141476
4.970571183483262
5.884302585506912
4.975655079499856
5.891824481872347
4.9807342264744845
5.899346378237782
4.985808635270131
5.906868274603217
4.990878316694993
5.914390170968652
4.995942906907317
5.9219120673340875
5.00100270139169
5.929433963699522
5.006057805081183
5.936955860064957
5.01110822853657
5.944477756430393
5.016153982261504
5.951999652795828
5.0211950767020035
5.959521549161263
5.026231522245934
5.967043445526698
5.031263329222466
5.9745653418921325
5.036290296150247
5.982087238257568
5.041312426016672
5.989609134623003
5.046329952250823
5.997131030988438
5.051342884917624
6.004652927353874
5.056351234020306
6.012174823719309
5.061355009499766
6.0196967200847435
5.066354221233907
6.027218616450179
5.071348879036956
6.034740512815613
5.076338992658762
6.042262409181049
5.081324370238205
6.049784305546484
5.086305030318588
6.057306201911919
5.091281179182529
6.064828098277355
5.096252826291322
6.0723499946427895
5.101219981038041
6.079871891008224
5.10618265274672
6.08739378737366
5.111140850671514
6.094915683739094
5.116094583995835
6.10243758010453
5.121043861831471
6.109959476469965
5.125988693217678
6.1174813728354
5.130928841270718
6.125003269200835
5.135864451399203
6.13252516556627
5.140795645648348
6.140047061931705
5.145722432734173
6.147568958297141
5.150644821295217
6.155090854662575
5.155562819891495
6.162612751028011
5.16047643700342
6.1701346473934455
5.165385681030701
6.17765654375888
5.17029056029122
6.185178440124316
5.175191083019877
6.192700336489751
5.180087257367409
6.200222232855186
5.184978849792317
6.207744129220622
5.189866037302359
6.215266025586057
5.194748904041179
6.222787921951491
5.1996274577872565
6.230309818316927
5.204501706228525
6.237831714682361
5.209371656961021
6.245353611047797
5.214237317487505
6.252875507413232
5.219098695216039
6.260397403778667
5.223955797458541
6.2679193001441025
5.228808631429308
6.275441196509537
5.233657204243499
6.282963092874972
5.238501522915591
6.290484989240408
5.243341513775364
6.298006885605842
5.248177073326945
6.305528781971278
5.253008402612813
6.313050678336713
5.257835508206262
6.3205725747021475
5.262658396571636
6.328094471067583
5.267477074062559
6.335616367433018
5.272291546920141
6.343138263798453
5.277101821271144
6.350660160163889
5.2819079031261
6.358182056529323
5.286709798377394
6.3657039528947585
5.291507512797316
6.373225849260193
5.296301052036047
6.380747745625628
5.3010904216196275
6.388269641991064
5.305875626947868
6.395791538356499
5.310656673292217
6.403313434721934
5.3154334686273454
6.41083533108737
5.320205991753799
6.418357227452804
5.3249743741320055
6.425879123818239
5.329738620478029
6.433401020183674
5.334498735368325
6.440922916549109
5.339254723237343
6.448444812914545
5.3440065883750645
6.45596670927998
5.3487543349245
6.463488605645415
5.353497966879132
6.47101050201085
5.358237488080301
6.478532398376285
5.362972902214544
6.48605429474172
5.367704212810876
6.493576191107156
5.372431423238016
6.50109808747259
5.377154536701553
6.508619983838026
5.381873556241072
6.5161418802034605
5.3865884847271905
6.523663776568895
5.391299324858567
6.531185672934331
5.396006079158835
6.538707569299766
5.400708749973474
6.546229465665201
5.405407337853949
6.553751362030637
5.410101689388407
6.561273258396071
5.414791966399844
6.568795154761506
5.419478170476707
6.576317051126941
5.424160303013158
6.583838947492376
5.428838365205581
6.591360843857812
5.433512358049032
6.598882740223247
5.43818228233361
6.606404636588682
5.442848138640777
6.6139265329541175
5.447509927339594
6.6214484293195515
5.452167648582888
6.628970325684987
5.456821302303366
6.636492222050422
5.461470888209635
6.644014118415857
5.466116405782166
6.651536014781293
5.470757854269181
6.659057911146728
5.475395232682467
6.6665798075121625
5.4800285397931185
6.674101703877598
5.4846577741272045
6.681623600243032
5.489282933961362
6.689145496608468
5.493904017318319
6.696667392973903
5.498521021962335
6.704189289339338
5.503133945394577
6.7117111857047735
5.507742784848412
6.719233082070208
5.512347537284632
6.726754978435643
5.516948199386597
6.734276874801079
5.521544767555316
6.741798771166513
5.526137237904433
6.749320667531949
5.530725606255173
6.756842563897385
5.535309868131175
6.764364460262819
5.5398900187532885
6.771886356628254
5.544466053034283
6.779408252993689
5.54903796557348
6.786930149359124
5.5536057506513385
6.79445204572456
5.558169402223955
6.801973942089995
5.5627289139175025
6.80949583845543
5.567284279022615
6.817017734820865
5.571835490488698
6.824539631186299
5.576382540918188
6.832061527551735
5.58092542256076
6.83958342391717
5.585464127307463
6.847105320282605
5.58999864668483
6.854627216648041
5.594528971848921
6.8621491130134755
5.599055093579335
6.86967100937891
5.603577002273178
6.877192905744346
5.608094687938995
6.88471480210978
5.612608140190676
6.892236698475216
5.617117348023449
6.899758594840651
5.621622300253842
6.907280491206086
5.626122986551315
6.914802387571521
5.630619393177655
6.922324283936956
5.635111508324698
6.929846180302391
5.639599319109399
6.937368076667827
5.6440828122110265
6.944889973033261
5.648561973865037
6.952411869398697
5.6530367898569995
6.959933765764132
5.657507245516539
6.9674556621295665
5.661973325711341
6.974977558495002
5.666435014841215
6.982499454860437
5.67089229683223
6.990021351225872
5.675345155130925
6.997543247591308
5.679793572698622
7.005065143956742
5.68423753200584
7.0125870403221775
5.688677015026833
7.020108936687612
5.693112003234257
7.027630833053047
5.697542477593985
7.035152729418483
5.701968418560094
7.042674625783918
5.706389806070017
7.050196522149353
5.710806619539899
7.0577184185147885
5.715218837860166
7.065240314880223
5.719626439391315
7.072762211245658
5.724029401959966
7.080284107611094
5.728427702855166
7.087806003976528
5.7328213188249935
7.095327900341964
5.737210226073465
7.102849796707399
5.741594400257765
7.110371693072834
5.7459738164858365
7.117893589438269
5.750348449314336
7.125415485803704
5.754718272746985
7.132937382169139
5.759083260233349
7.140459278534575
5.76344338466804
7.147981174900009
5.767798618390406
7.155503071265445
5.772148933184709
7.1630249676308795
5.7764943002808
7.170546863996314
5.780834690355368
7.17806876036175
5.785170073533735
7.185590656727185
5.789500419392253
7.19311255309262
5.7938256969613295
7.200634449458056
5.798145874729089
7.20815634582349
5.802460920645715
7.215678242188925
5.806770802128499
7.22320013855436
5.811075486067602
7.230722034919795
5.815374938832587
7.238243931285231
5.819668930005495
7.245765827650666
5.823957531921346
7.253287724016101
5.828240785915668
7.260809620381536
5.832518655920592
7.26833151674697
5.836791105379337
7.275853413112406
5.841058097257745
7.283375309477841
5.845319594056753
7.290897205843276
5.849575557825848
7.298419102208712
5.853825950177515
7.305940998574147
5.858070732302688
7.3134628949395815
5.862309864987254
7.320984791305017
5.866543308629581
7.328506687670452
5.870771023259123
7.336028584035887
5.874992968556103
7.343550480401323
5.8792091038722605
7.351072376766757
5.883419388252716
7.3585942731321925
5.887623780458914
7.366116169497627
5.891822131601159
7.373638065863062
5.896014127041749
7.381159962228498
5.9002000846489935
7.388681858593933
5.904379961655058
7.396203754959368
5.908553715129473
7.4037256513248035
5.9127213020093645
7.4112475476902375
5.916882679130806
7.418769444055673
5.921037803261286
7.426291340421108
5.925186631133251
7.433813236786543
5.929329119478706
7.441335133151979
5.933465225064845
7.448857029517414
5.937594904730652
7.456378925882849
5.941718115424461
7.463900822248284
5.945834617851479
7.471422718613718
5.949944054857224
7.478944614979154
5.954046866568415
7.486466511344589
5.958143010025927
7.493988407710024
5.962232442583972
7.50151030407546
5.9663151219543336
7.5090322004408945
5.970391006251274
7.516554096806329
5.974460054037024
7.524075993171765
5.978522224367769
7.531597889537199
5.982577476840041
7.539119785902635
5.986625771637426
7.54664168226807
5.99066642827692
7.554163578633505
5.99469974232024
7.56168547499894
5.998725948009392
7.569207371364375
6.0027450076947195
7.57672926772981
6.00675688457999
7.584251164095246
6.010761542772985
7.591773060460681
6.0147589473358005
7.599294956826116
6.018749064334684
7.606816853191551
6.022731860889253
7.614338749556985
6.0267066152127065
7.621860645922421
6.030673499894535
7.629382542287856
6.034632932188562
7.636904438653291
6.0385848835505875
7.644426335018727
6.04252932679752
7.651948231384162
6.046466236157186
7.6594701277495965
6.050395587316526
7.666992024115032
6.05431735746784
7.674513920480466
6.058230769567111
7.682035816845902
6.0621359142676186
7.689557713211337
6.066033376556737
7.697079609576772
6.0699231403113165
7.7046015059422075
6.073805191258555
7.712123402307642
6.0776795170190505
7.719645298673077
6.081546107145913
7.727167195038513
6.0854045142164335
7.734689091403947
6.089254006902252
7.742210987769383
6.093095703125289
7.749732884134818
6.096929601698029
7.7572547805002525
6.100755703759476
7.764776676865688
6.104574012805074
7.772298573231123
6.108384534708314
7.779820469596558
6.112186203984821
7.787342365961994
6.115979373954662
7.794864262327428
6.119764754466433
7.802386158692864
6.123542364028496
7.809908055058298
6.127312223984877
7.817429951423733
6.13107435851023
7.824951847789169
6.134828007530613
7.832473744154604
6.138572824379364
7.839995640520039
6.142309984119267
7.847517536885475
6.1460395276467406
7.8550394332509095
6.149761499224292
7.862561329616344
6.153475946417294
7.87008322598178
6.157181703910549
7.877605122347214
6.16087920909308
7.88512701871265
6.164569357020248
7.892648915078085
6.1682522176102195
7.90017081144352
6.1719278646604
7.907692707808955
6.175596177715233
7.91521460417439
6.179255554636289
7.922736500539825
6.182907999632317
7.930258396905261
6.186553615645681
7.937780293270695
6.190192510125282
7.945302189636131
6.193824794716097
7.9528240860015655
6.197448866288667
7.960345982367
6.2010663446720775
7.967867878732436
6.204677683560622
7.975389775097871
6.208283033514511
7.982911671463306
6.2118825497518575
7.990433567828742
6.215474909213738
7.997955464194177
6.219061567388297
8.005477360559611
6.222643081160315
8.012999256925045
6.226219655778901
8.020521153290481
6.22979150164128
8.028043049655917
6.2333574895634705
8.035564946021353
6.236919354481763
8.043086842386787
6.240477466766684
8.05060873875222
6.24403209999377
8.058130635117656
6.2475833632258855
8.065652531483092
6.251131110839352
8.073174427848528
6.254676646491926
8.080696324213962
6.258220319547051
8.088218220579398
6.261762487540024
8.095740116944832
6.265303447604494
8.103262013310268
6.268843947516752
8.110783909675703
6.272384622089158
8.118305806041139
6.275925917476219
8.125827702406573
6.279468291787071
8.133349598772007
6.283012991854829
8.140871495137443
6.286560479502329
8.148393391502879
6.290111161089455
8.155915287868314
6.2936655883988095
8.163437184233748
6.2972244766402765
8.170959080599184
6.300790357317607
8.178480976964618
6.304362394248008
8.186002873330054
6.307941213983861
8.19352476969549
6.311527458879283
8.201046666060925
6.31512244195322
8.20856856242636
6.318728931111195
8.216090458791793
6.322345399500509
8.223612355157229
6.325972501073559
8.231134251522665
6.3296108947105
8.2386561478881
6.3332615699322155
8.246178044253535
6.336928561149656
8.253699940618969
6.340609083403918
8.261221836984404
6.344303680829041
8.26874373334984
6.3480128734518715
8.276265629715276
6.351737150892655
8.28378752608071
6.355478974385968
8.291309422446146
6.359238740460037
8.29883131881158
6.3630146872888265
8.306353215177015
6.366807013219258
8.313875111542451
6.3706158538219055
8.321397007907887
6.374441276356459
8.328918904273321
6.37828375961817
8.336440800638755
6.38214543687998
8.34396269700419
6.386023146381697
8.351484593369626
6.389916616569133
8.359006489735062
6.393825511631866
8.366528386100496
6.397749434094036
8.37405028246593
6.401687928704978
8.381572178831366
6.40564048752999
8.389094075196802
6.409607671957194
8.396615971562237
6.413588387719596
8.404137867927673
6.417581098417731
8.411659764293107
6.421585169397498
8.419181660658541
6.425599952784261
8.426703557023977
6.429624793667048
8.434225453389413
6.433659036014067
8.441747349754849
6.43770202818166
8.449269246120283
6.4417531279097675
8.456791142485717
6.445811956913475
8.464313038851152
6.449878114360664
8.471834935216588
6.453950386499698
8.479356831582024
6.458028224991387
8.486878727947458
6.462111105592136
8.494400624312894
6.46619852929597
8.501922520678328
6.470290023052531
8.509444417043763
6.474385140104122
8.516966313409199
6.4784834599884045
8.524488209774635
6.482584588254575
8.532010106140069
6.486688155940037
8.539532002505503
6.4907939103951025
8.547053898870939
6.494901480406385
8.554575795236374
6.499010465215421
8.56209769160181
6.5031205978483015
8.569619587967244
6.507231631099038
8.577141484332678
6.511343336448623
8.584663380698114
6.5154555029772325
8.59218527706355
6.519567936283997
8.599707173428985
6.5236804574260505
8.60722906979442
6.527792901886192
8.614750966159855
6.531905118576342
8.62227286252529
6.536016966279198
8.629794758890725
6.540128255345033
8.63731665525616
6.544238910119112
8.644838551621596
6.548348827493546
8.65236044798703
6.552457913065365
8.659882344352464
6.556566080463891
8.6674042407179
6.560673250721641
8.674926137083336
6.564779351687481
8.682448033448772
6.568884317480459
8.689969929814206
6.572988087982609
8.697491826179641
6.577090608368793
8.705013722545075
6.5811918286716375
8.712535618910511
6.585291592340586
8.720057515275947
6.589389918599208
8.727579411641383
6.593486811494202
8.735101308006817
6.597582237898699
8.74262320437225
6.601676167682527
8.750145100737686
6.605768573463201
8.757666997103122
6.6098594303768365
8.765188893468558
6.613948715867556
8.772710789833992
6.618036409494004
8.780232686199426
6.622122492751699
8.787754582564862
6.626206948909985
8.795276478930298
6.630289608247966
8.802798375295733
6.634370571183023
8.810320271661167
6.6384498622398125
8.817842168026603
6.64252747083888
8.825364064392037
6.6466033874876915
8.832885960757473
6.6506776036904105
8.840407857122909
6.654750111865068
8.847929753488344
6.658820905267585
8.855451649853778
6.662889977922045
8.862973546219212
6.666957324556764
8.870495442584648
6.671022869534248
8.878017338950084
6.675086538814994
8.88553923531552
6.679148467846755
8.893061131680954
6.6832086538249955
8.900583028046388
6.687267094378076
8.908104924411823
6.691323787531947
8.915626820777259
6.695378731677698
8.923148717142695
6.6994319255417505
8.930670613508129
6.703483368158448
8.938192509873565
6.7075330588448905
8.945714406238999
6.71158093331173
8.953236302604434
6.7156268948519005
8.96075819896987
6.719671102599355
8.968280095335306
6.723713556873409
8.97580199170074
6.727754258167958
8.983323888066174
6.7317932071374615
8.99084578443161
6.7358304045840205
8.998367680797045
6.739865851445482
9.005889577162481
6.743899548784472
9.013411473527915
6.747931497778293
9.020933369893351
6.751961556907901
9.028455266258785
6.75598977910544
9.03597716262422
6.760016256167254
9.043499058989656
6.764040989681896
9.051020955355092
6.768063981308602
9.058542851720526
6.772085232771591
9.06606474808596
6.776104745854798
9.073586644451396
6.78012252239701
9.081108540816832
6.784138564287364
9.088630437182267
6.788152806887679
9.096152333547701
6.7921651435230865
9.103674229913135
6.796175750671948
9.111196126278571
6.800184630406799
9.118718022644007
6.8041917848306115
9.126239919009443
6.8081972160742215
9.133761815374877
6.81220092629396
9.141283711740313
6.816202917669445
9.148805608105747
6.820203192401534
9.156327504471182
6.824201692561284
9.163849400836618
6.828198291661891
9.171371297202054
6.832193180157349
9.178893193567488
6.836186360327314
9.186415089932922
6.840177834463493
9.193936986298358
6.8441676048684545
9.201458882663793
6.848155673854543
9.208980779029229
6.852142043742852
9.216502675394663
6.856126716862285
9.224024571760099
6.860109572891706
9.231546468125533
6.864090603613764
9.239068364490969
6.868069943974603
9.246590260856404
6.872047596332974
9.25411215722184
6.8760235630511195
9.261634053587274
6.879997846494204
9.269155949952708
6.883970449029809
9.276677846318144
6.887941373027452
9.28419974268358
6.891910620858141
9.291721639049015
6.895877942174388
9.29924353541445
6.899843582346604
9.306765431779883
6.903807552890495
9.31428732814532
6.90776985618362
9.321809224510755
6.911730494602964
9.32933112087619
6.915689470524676
9.336853017241625
6.919646786323817
9.34437491360706
6.923602444374149
9.351896809972494
6.927556266451004
9.35941870633793
6.931508347892519
9.366940602703366
6.935458778142391
9.374462499068802
6.939407559570549
9.381984395434236
6.943354694544534
9.38950629179967
6.947300185429374
9.397028188165105
6.951244034587455
9.404550084530541
6.955186244378402
9.412071980895977
6.959126655967676
9.419593877261411
6.963065320234343
9.427115773626845
6.9670023516623
9.43463766999228
6.9709377526018885
9.442159566357716
6.974871525400132
9.449681462723152
6.978803672400674
9.457203359088586
6.9827341959437135
9.464725255454022
6.986663098365949
9.472247151819456
6.9905901885131225
9.479769048184892
6.994515576344861
9.487290944550328
6.998439349530397
9.494812840915763
7.002361510394281
9.502334737281197
7.006282061257278
9.509856633646631
7.010201004436336
9.517378530012067
7.014118342244556
9.524900426377503
7.018034076991163
9.532422322742939
7.021947934518761
9.539944219108373
7.025860185358539
9.547466115473808
7.029770839544271
9.554988011839242
7.033679899371567
9.562509908204678
7.037587367132029
9.570031804570114
7.041493245113234
9.57755370093555
7.045397535598717
9.585075597300984
7.04930012119776
9.592597493666418
7.053200954092726
9.600119390031853
7.057100205835934
9.607641286397289
7.060997878696652
9.615163182762725
7.064893974940045
9.622685079128159
7.068788496827173
9.630206975493593
7.07268144661499
9.637728871859029
7.076572824761433
9.645250768224464
7.080462343030649
9.6527726645899
7.084350295478157
9.660294560955334
7.088236684346327
9.66781645732077
7.0921215118733985
9.675338353686204
7.096004780293478
9.68286025005164
7.099886491836551
9.690382146417075
7.103766648728471
9.697904042782511
7.107645032387609
9.705425939147945
7.111521787562547
9.71294783551338
7.115396994285704
9.720469731878815
7.119270654768245
9.72799162824425
7.1231427712172195
9.735513524609686
7.127013345835561
9.74303542097512
7.130882380822094
9.750557317340554
7.13474969510929
9.75807921370599
7.138615353896111
9.765601110071426
7.142479479182377
9.773123006436862
7.146342073152251
9.780644902802297
7.1502031379858035
9.788166799167731
7.1540626758590244
9.795688695533165
7.15792068894383
9.803210591898601
7.161776996796447
9.810732488264037
7.165631658937894
9.818254384629473
7.1694848023542
9.825776280994907
7.173336429202711
9.83329817736034
7.177186541636728
9.840820073725776
7.181035141805511
9.848341970091212
7.184882231854286
9.855863866456648
7.188727595697181
9.863385762822082
7.192571359798478
9.870907659187518
7.196413619775501
9.878429555552952
7.200254377759045
9.885951451918388
7.204093635875909
9.893473348283823
7.207931396248897
9.900995244649259
7.211767660996834
9.908517141014693
7.215602142740214
9.916039037380127
7.2194351062776265
9.923560933745563
7.223266580118794
9.931082830110999
7.227096566368267
9.938604726476434
7.230925067126655
9.946126622841868
7.234752084490626
9.953648519207302
7.238577544739392
9.961170415572738
7.242401281593019
9.968692311938174
7.246223540925021
9.97621420830361
7.250044324817943
9.983736104669044
7.253863635350431
9.99125800103448
7.257681474597238
9.998779897399913
7.261497844629231
10.00630179376535
7.265312534947339
10.013823690130785
7.26912564873491
10.02134558649622
7.27293729911491
10.028867482861655
7.276747488144267
10.036389379227089
7.280556217876063
10.043911275592524
7.284363490359546
10.05143317195796
7.2881692519424455
10.058955068323396
7.291973288488653
10.06647696468883
7.295775873539009
10.073998861054266
7.299577009128976
10.0815207574197
7.303376697290218
10.089042653785135
7.307174940050608
10.096564550150571
7.310971739434237
10.104086446516007
7.314766841546191
10.111608342881441
7.318560428796912
10.119130239246875
7.322352578359308
10.12665213561231
7.3261432922438745
10.134174031977746
7.3299325724573645
10.141695928343182
7.333720421002795
10.149217824708616
7.337506685725054
10.15673972107405
7.341291342060086
10.164261617439486
7.345074572362019
10.171783513804922
7.348856378620435
10.179305410170358
7.352636762821218
10.186827306535791
7.356415726946564
10.194349202901227
7.360193195338796
10.201871099266661
7.363968987003273
10.209392995632097
7.367743364174398
10.216914891997533
7.37151632882109
10.224436788362969
7.3752878829086175
10.231958684728403
7.379058028398607
10.239480581093837
7.382826741235671
10.247002477459272
7.386593733843176
10.254524373824708
7.390359323382949
10.262046270190144
7.394123511803495
10.269568166555578
7.397886301049717
10.277090062921012
7.401647693062919
10.284611959286448
7.4054076897808185
10.292133855651883
7.409165949377129
10.299655752017319
7.4129228161620295
10.307177648382753
7.416678293120373
10.314699544748189
7.420432382176943
10.322221441113623
7.424185085252969
10.329743337479059
7.427936404266134
10.337265233844494
7.43168599702158
10.34478713020993
7.435434205312288
10.352309026575364
7.4391810349579
10.359830922940798
7.442926487863322
10.367352819306234
7.446670565929955
10.37487471567167
7.450413253939548
10.382396612037105
7.454154236850317
10.38991850840254
7.457893850298817
10.397440404767975
7.461632096173789
10.40496230113341
7.465368976360502
10.412484197498845
7.469104492740763
10.42000609386428
7.47283858549586
10.427527990229716
7.476571025632339
10.43504988659515
7.480302107288958
10.442571782960584
7.4840318323350195
10.45009367932602
7.487760202636397
10.457615575691456
7.491487220055543
10.465137472056892
7.4952127569439835
10.472659368422326
7.498936716869343
10.48018126478776
7.502659329189707
10.487703161153195
7.5063805957551715
10.495225057518631
7.510100518412446
10.502746953884067
7.513819099004867
10.510268850249501
7.517536119144481
10.517790746614937
7.521251660832797
10.52531264298037
7.524965865684699
10.532834539345806
7.5286787355313125
10.540356435711242
7.53239027220042
10.547878332076678
7.536100477516467
10.555400228442112
7.539809019757511
10.562922124807546
7.543516204600556
10.570444021172982
7.547222063270748
10.577965917538418
7.550926597580467
10.585487813903853
7.554629809338794
10.593009710269287
7.5583315970549005
10.600531606634723
7.562031803279089
10.608053503000157
7.56573069209306
10.615575399365593
7.569428265293946
10.623097295731029
7.573124524675614
10.630619192096464
7.576819472028669
10.638141088461898
7.580512851110074
10.645662984827332
7.584204811076893
10.653184881192768
7.587895464109033
10.660706777558204
7.59158481198529
10.66822867392364
7.5952728564812375
10.675750570289074
7.598959536109277
10.683272466654508
7.602644607929756
10.690794363019943
7.606328381425627
10.69831625938538
7.610010858360766
10.705838155750815
7.613692040495865
10.713360052116249
7.617371929588419
10.720881948481685
7.621050269000389
10.728403844847119
7.624727203287699
10.735925741212554
7.628402849541892
10.74344763757799
7.632077209508915
10.750969533943426
7.635750284931558
10.75849143030886
7.639421979291028
10.766013326674294
7.6430921143955235
10.77353522303973
7.646760969927614
10.781057119405165
7.650428547618646
10.788579015770601
7.654094849196846
10.796100912136035
7.657759876387325
10.80362280850147
7.661423298117767
10.811144704866905
7.66508540258804
10.81866660123234
7.668746237597238
10.826188497597776
7.672405804859165
10.83371039396321
7.676064106084537
10.841232290328646
7.679720936503461
10.84875418669408
7.683376329276383
10.856276083059516
7.687030460902707
10.863797979424952
7.690683333081953
10.871319875790387
7.694334947510585
10.878841772155821
7.697985210293837
10.886363668521255
7.701633930440766
10.893885564886691
7.705281397690684
10.901407461252127
7.708927613728962
10.908929357617563
7.712572580237953
10.916451253982997
7.716216298896991
10.923973150348433
7.719858385235917
10.931495046713867
7.723499226826075
10.939016943079302
7.727138825375886
10.946538839444738
7.730777182553724
10.954060735810174
7.734414300024978
10.961582632175608
7.738049871534721
10.969104528541042
7.74168412589459
10.976626424906478
7.74531714532186
10.984148321271913
7.748948931471061
10.991670217637349
7.752579485993769
10.999192114002783
7.756208565939666
11.006714010368217
7.75983627121416
11.014235906733653
7.7634627496008495
11.021757803099089
7.767088002740555
11.029279699464524
7.770712032271173
11.036801595829958
7.774334643794162
11.044323492195394
7.777955837846224
11.051845388560828
7.781575812992909
11.059367284926264
7.785194570861462
11.0668891812917
7.788812113076234
11.074411077657135
7.792428279193737
11.08193297402257
7.796042999606896
11.089454870388003
7.799656509035323
11.09697676675344
7.803268809092819
11.104498663118875
7.806879901390313
11.11202055948431
7.810489644997113
11.119542455849745
7.814097929078023
11.127064352215179
7.817705010033637
11.134586248580614
7.821310889464437
11.14210814494605
7.8249155689680645
11.149630041311486
7.828518912837175
11.157151937676922
7.832120797618116
11.164673834042356
7.835721487072555
11.17219573040779
7.839320982787783
11.179717626773225
7.842919286348284
11.187239523138661
7.84651625313181
11.194761419504097
7.850111775373168
11.202283315869531
7.853706110026739
11.209805212234965
7.8572992586667505
11.2173271086004
7.860891222864649
11.224849004965836
7.864481835094642
11.232370901331272
7.868071031287361
11.239892797696706
7.871659047571483
11.247414694062142
7.875245885508299
11.254936590427576
7.878831546656342
11.262458486793012
7.8824158267456506
11.269980383158448
7.885998733113656
11.277502279523883
7.889580467193284
11.285024175889317
7.8931610305330056
11.292546072254751
7.89674042467857
11.300067968620187
7.90031839492167
11.307589864985623
7.903895047424273
11.315111761351059
7.907470535200285
11.322633657716493
7.911044859785486
11.330155554081927
7.914618022712958
11.337677450447362
7.918189705286792
11.345199346812798
7.9217601396210595
11.352721243178234
7.925329416732632
11.360243139543668
7.928897538144716
11.367765035909104
7.932464505377851
11.375286932274538
7.936029922342649
11.382808828639973
7.939594173945753
11.390330725005409
7.9431572757727
11.397852621370845
7.946719229334242
11.405374517736279
7.950279961499543
11.412896414101713
7.95383920943859
11.420418310467149
7.957397313490136
11.427940206832584
7.960954275155226
11.43546210319802
7.96451009593228
11.442983999563454
7.96806460081557
11.45050589592889
7.971617728781756
11.458027792294324
7.9751697202060745
11.46554968865976
7.978720576577327
11.473071585025195
7.982270299381716
11.480593481390631
7.985818598726465
11.488115377756065
7.989365641447039
11.4956372741215
7.992911554915467
11.503159170486935
7.996456340608421
11.51068106685237
8.0
