4.466971917127046
3.5
4.473947694052817
3.5064404542102983
4.480923470978588
3.512880890140616
4.487899247904359
3.519321304354456
4.49487502483013
3.525761697785191
4.501850801755901
3.5322020697506504
4.508826578681672
3.5386424181932554
4.515802355607443
3.545082745532513
4.5227781325332135
3.5515230463530227
4.529753909458985
3.55796332492616
4.5367296863847555
3.564403576965946
4.543705463310527
3.5708438038145816
4.5506812402362975
3.5772840044303966
4.557657017162069
3.5837241765262764
4.5646327940878395
3.590164322824426
4.57160857101361
3.5966044369623997
4.5785843479393815
3.6030445240253077
4.585560124865152
3.6094845786752816
4.5925359017909235
3.615924602788387
4.599511678716694
3.622364594848587
4.6064874556424655
3.62880455232712
4.613463232568236
3.635244478276369
4.620439009494007
3.641684365220397
4.627414786419778
3.6481242192151795
4.634390563345549
3.654564033622852
4.64136634027132
3.6610038110093233
4.648342117197091
3.6674435492407587
4.655317894122862
3.6738832455356585
4.662293671048633
3.6803229033065827
4.669269447974403
3.6867625137649847
4.676245224900175
3.6932020841271735
4.683221001825945
3.699641606152209
4.690196778751717
3.7060810832883484
4.697172555677487
3.7125205126070684
4.704148332603259
3.7189598910628985
4.711124109529029
3.7253992224632286
4.7180998864548
3.7318384964663376
4.725075663380571
3.7382777216784984
4.732051440306342
3.744716887887001
4.739027217232113
3.7511559996570805
4.746002994157884
3.7575950530505198
4.752978771083655
3.7640340447437337
4.759954548009426
3.770472978982303
4.766930324935196
3.776911843577128
4.773906101860968
3.783350648804504
4.780881878786738
3.7897893820336974
4.78785765571251
3.796228049228591
4.79483343263828
3.802666645184536
4.801809209564052
3.809105166277278
4.808784986489822
3.815543617249903
4.815760763415593
3.8219819837008484
4.8227365403413645
3.8284202779205705
4.829712317267135
3.8348584843235387
4.8366880941929065
3.841296610604028
4.843663871118677
3.8477346499912866
4.850639648044448
3.854172598519372
4.857615424970219
3.860610461516595
4.86459120189599
3.8670482219081928
4.871566978821761
3.8734858944254764
4.878542755747532
3.8799234598875
4.885518532673303
3.886360928099812
4.892494309599074
3.892798290386456
4.899470086524845
3.899235542362953
4.906445863450616
3.9056726900796193
4.913421640376386
3.912109713196226
4.920397417302158
3.9185466294194673
4.927373194227928
3.9249834152160235
4.9343489711537
3.9314200829245767
4.94132474807947
3.9378566215972604
4.948300525005241
3.9442930262893423
4.955276301931012
3.950729303992654
4.962252078856783
3.957165430325185
4.969227855782554
3.9636014266464605
4.976203632708325
3.970037264187933
4.983179409634096
3.976472958263636
4.990155186559867
3.9829084952853573
4.997130963485638
3.989343869494277
5.004106740411409
3.9957790891797154
5.011082517337179
4.002214124880316
5.018058294262951
4.008649002477997
5.025034071188721
4.015083686957128
5.032009848114493
4.021518197028454
5.038985625040263
4.027952516142031
5.045961401966034
4.0343866372834984
5.052937178891805
4.040820570616818
5.059912955817576
4.047254280188464
5.066888732743347
4.053687797534096
5.073864509669118
4.060121080259112
5.080840286594889
4.0665541507971446
5.08781606352066
4.072986989447447
5.094791840446431
4.079419587192268
5.101767617372202
4.085851957000456
5.1087433942979725
4.0922840544695385
5.115719171223744
4.098715918281469
5.1226949481495145
4.105147497440713
5.129670725075286
4.111578818208254
5.1366465020010565
4.118009857818183
5.143622278926827
4.124440604010428
5.1505980558525986
4.130871074045561
5.157573832778369
4.137301212321516
5.164549609704141
4.143731066663121
5.171525386629911
4.150160576226558
5.178501163555683
4.156589770775359
5.185476940481453
4.163018625069422
5.192452717407225
4.169447121592066
5.199428494332995
4.175875284250324
5.206404271258766
4.182303042327835
5.213380048184537
4.18873045549899
5.220355825110308
4.195157451919431
5.227331602036079
4.2015840637693795
5.23430737896185
4.2080102647961315
5.24128315588762
4.214436029002945
5.248258932813392
4.220861390638742
5.255234709739162
4.2272862582460995
5.262210486664934
4.233710707064273
5.269186263590704
4.24013465339921
5.276162040516476
4.246558129480523
5.283137817442246
4.252981110944235
5.290113594368018
4.259403558223802
5.297089371293788
4.265825521659393
5.304065148219559
4.272246880903867
5.31104092514533
4.278667731918388
5.318016702071101
4.285087978956244
5.324992478996872
4.29150764984364
5.331968255922643
4.297926727321172
5.3389440328484135
4.304345150307858
5.345919809774185
4.310762990667803
5.3528955866999555
4.317180097619598
5.359871363625727
4.323596584753963
5.3668471405514975
4.330012348703363
5.373822917477269
4.336427405124962
5.3807986944030395
4.34284175272404
5.387774471328811
4.349255296627839
5.3947502482545815
4.355668134302499
5.401726025180352
4.362080095731743
5.4087018021061235
4.3684912938116645
5.415677579031894
4.374901630109706
5.4226533559576655
4.381311095181629
5.429629132883436
4.387719718203542
5.436604909809207
4.394127351705383
5.443580686734978
4.400534129915555
5.450556463660749
4.406939866728995
5.45753224058652
4.4133446603397175
5.464508017512291
4.419748433171128
5.471483794438061
4.426151129804386
5.478459571363833
4.432552833025137
5.485435348289604
4.438953314191241
5.492411125215375
4.445352760656707
5.499386902141145
4.451750977638497
5.506362679066917
4.458148024780858
5.513338455992687
4.464543871997026
5.520314232918459
4.47093838496523
5.527290009844229
4.477331714857239
5.53426578677
4.483723572998767
5.541241563695771
4.490114159615798
5.548217340621542
4.496503306902178
5.555193117547313
4.502890997007415
5.562168894473084
4.509277290324148
5.569144671398854
4.515661922595982
5.576120448324626
4.522045127031419
5.583096225250397
4.528426616584052
5.590072002176168
4.534806513252249
5.597047779101938
4.541184743171056
5.60402355602771
4.54756114922328
5.61099933295348
4.553935925905124
5.617975109879252
4.5603086730665545
5.624950886805022
4.566679676093608
5.631926663730793
4.573048705180273
5.638902440656564
4.5794157277441805
5.645878217582335
4.585780847561673
5.652853994508106
4.592143672409145
5.659829771433877
4.598504537236146
5.666805548359648
4.604863082134698
5.673781325285419
4.611219413342799
5.6807571022111905
4.617573508775189
5.687732879136961
4.6239250615130185
5.694708656062732
4.630274383629997
5.701684432988503
4.636621000780386
5.708660209914274
4.642965166282472
5.715635986840045
4.649306728197868
5.722611763765816
4.655645461941736
5.729587540691586
4.6619816606376245
5.736563317617358
4.6683147319859435
5.743539094543128
4.6746450745332835
5.7505148714689
4.68097241409209
5.75749064839467
4.687296592348427
5.764466425320441
4.693617894133494
5.771442202246212
4.699935613355528
5.778417979171984
4.706250276231636
5.785393756097754
4.712561511561187
5.792369533023525
4.718869191756542
5.799345309949296
4.725173613917651
5.806321086875067
4.731473973847723
5.813296863800838
4.737770884669083
5.820272640726609
4.744063929082128
5.827248417652379
4.750352946728693
5.834224194578151
4.756638281638518
5.841199971503921
4.762919063792318
5.848175748429693
4.769195919373953
5.855151525355463
4.775468472103667
5.862127302281234
4.781736426373452
5.869103079207005
4.788000227361208
5.876078856132777
4.794258994657097
5.883054633058547
4.800513247833295
5.890030409984318
4.806762788476928
5.897006186910089
4.813007030160423
5.90398196383586
4.819246599958701
5.910957740761631
4.825480693964487
5.917933517687402
4.83170954346769
5.9249092946131725
4.837933331549055
5.931885071538944
4.844150954590089
5.9388608484647145
4.850363337590187
5.945836625390486
4.856569881830267
5.9528124023162565
4.862770266548057
5.959788179242027
4.868965053738245
5.9667639561677985
4.875153185811856
5.97373973309357
4.881335165571129
5.9807155100193405
4.887511076590581
5.987691286945111
4.89367967572133
5.9946670638708826
4.899842029825267
6.001642840796653
4.905997526170572
6.008618617722425
4.912145629793899
6.015594394648195
4.918287084792865
6.022570171573966
4.9244208785296255
6.029545948499737
4.930547178685802
6.036521725425508
4.936666410380863
6.043497502351279
4.942777174333083
6.05047327927705
4.9488803142679485
6.05744905620282
4.954975929549855
6.064424833128592
4.961062323497402
6.071400610054363
4.967140901018233
6.078376386980134
4.973211271719264
6.085352163905904
4.979272118493968
6.092327940831676
4.9853246902082455
6.099303717757446
4.9913684185220735
6.106279494683218
4.997402250553338
6.113255271608988
5.00342733704608
6.120231048534759
5.009443010901972
6.12720682546053
5.015448328898314
6.134182602386301
5.021444420890238
6.141158379312072
5.027430623274999
6.148134156237843
5.033405903077951
6.155109933163613
5.039371468589308
6.162085710089385
5.045326787959709
6.169061487015155
5.051270488404239
6.176037263940927
5.057203980927455
6.1830130408666975
5.063127022642595
6.189988817792469
5.069037594408776
6.1969645947182395
5.074937462067024
6.203940371644011
5.080826474089265
6.2109161485697815
5.086702756138742
6.217891925495552
5.09256745177764
6.2248677024213235
5.098420796462231
6.231843479347094
5.104261568001909
6.2388192562728655
5.110089560128048
6.245795033198636
5.115905710875261
6.252770810124407
5.121709719751658
6.259746587050178
5.127499504195689
6.266722363975949
5.133276965380159
6.27369814090172
5.139041956785369
6.280673917827491
5.1447931462241225
6.287649694753262
5.150530465598047
6.294625471679033
5.156254849634144
6.301601248604804
5.161966157031624
6.308577025530575
5.167662313940374
6.315552802456345
5.173344711953719
6.322528579382117
5.1790135907740105
6.329504356307887
5.184668816320925
6.336480133233659
5.190307954739431
6.343455910159429
5.1959331219057585
6.3504316870852
5.201544223015459
6.357407464010971
5.207141133226395
6.364383240936742
5.212721536666351
6.371359017862513
5.218287347386767
6.378334794788284
5.223838590827301
6.385310571714055
5.229375153352862
6.392286348639826
5.234895413041759
6.399262125565597
5.240399961171985
6.406237902491368
5.245889494660615
6.413213679417138
5.251363912929269
6.42018945634291
5.256822959897175
6.42716523326868
5.262264591385248
6.434141010194452
5.267690822204027
6.441116787120222
5.273101566490447
6.448092564045993
5.278496741862865
6.455068340971764
5.283876036690404
6.462044117897535
5.289237658911737
6.469019894823306
5.294583492429227
6.475995671749077
5.299913471270371
6.4829714486748475
5.305227533299351
6.489947225600619
5.310525620273685
6.49692300252639
5.315806370776054
6.503898779452161
5.321070303966398
6.5108745563779316
5.326318127074744
6.517850333303703
5.331549799656544
6.524826110229474
5.336765285379221
6.531801887155245
5.341964552052514
6.538777664081016
5.347146736411605
6.545753441006786
5.3523116302886
6.552729217932558
5.357460258743088
6.559704994858329
5.362592607964568
6.5666807717841
5.367708668346814
6.57365654870987
5.372808434489278
6.580632325635641
5.3778919051940095
6.587608102561412
5.38295886289426
6.594583879487184
5.388008166482975
6.601559656412954
5.3930412303774355
6.608535433338725
5.398058071380134
6.615511210264495
5.403058710371893
6.622486987190267
5.408043172280177
6.629462764116038
5.4130114860432
6.636438541041809
5.41796368456991
6.643414317967579
5.422899804695928
6.650390094893351
5.427819887135516
6.657365871819122
5.432723099840236
6.664341648744893
5.437610086021335
6.671317425670663
5.442481222535775
6.678293202596434
5.447336565808399
6.685268979522205
5.4521761757883835
6.692244756447977
5.457000115878647
6.699220533373747
5.461808452862246
6.706196310299518
5.466601256825879
6.7131720872252885
5.471378601080656
6.72014786415106
5.476140562080305
6.727123641076831
5.480887219336962
6.734099418002602
5.485618655334722
6.7410751949283725
5.490334955441138
6.748050971854144
5.495036207816808
6.755026748779915
5.499722503323289
6.762002525705686
5.504393935429461
6.7689783026314565
5.509050473238501
6.775954079557227
5.513692049933836
6.7829298564829985
5.51831910357227
6.78990563340877
5.522931736851329
6.7968814103345405
5.527530054535793
6.803857187260311
5.532114163360003
6.810832964186082
5.536684171930054
6.817808741111853
5.54124019062606
6.8247845180376245
5.5457823315046335
6.831760294963395
5.550310708201764
6.838736071889166
5.554825435836245
6.845711848814937
5.559326630913787
6.8526876257407086
5.563814411231982
6.859663402666479
5.568288895786236
6.86663917959225
5.572750204676811
6.87361495651802
5.577198459017082
6.880590733443792
5.581633780843148
6.887566510369563
5.586056293024873
6.894542287295334
5.590466119178474
6.901518064221104
5.594863383580758
6.908493841146875
5.599248211085062
6.915469618072646
5.603620727039001
6.922445394998418
5.6079806917535
6.929421171924188
5.612328516838954
6.936396948849959
5.616664379218727
6.94337272577573
5.620988406531328
6.950348502701502
5.62530072654449
6.957324279627272
5.629601467082978
6.964300056553043
5.633890755958607
6.971275833478813
5.638168720902461
6.978251610404585
5.6424354894993884
6.985227387330356
5.646691189124765
6.992203164256127
5.65093594688356
6.999178941181897
5.6551698895517095
7.006154718107668
5.659393143519825
7.013130495033439
5.6636058347392035
7.020106271959211
5.667808088670176
7.0270820488849814
5.672000030232771
7.034057825810752
5.676181783759681
7.0410336027365235
5.680353472951524
7.048009379662295
5.684514783193047
7.0549851565880655
5.688665812150938
7.061960933513836
5.692807133576771
7.068936710439607
5.696938869421605
7.075912487365378
5.701061140801327
7.0828882642911495
5.705174067963895
7.08986404121692
5.709277770258732
7.096839818142691
5.713372366108224
7.103815595068461
5.71745797298129
7.110791371994233
5.721534707368955
7.117767148920004
5.725602684761898
7.124742925845775
5.729661859249021
7.131718702771545
5.733711602111495
7.138694479697317
5.737752929284937
7.145670256623087
5.7417859531127275
7.152646033548859
5.745810784830069
7.159621810474629
5.749827534551647
7.1665975874004
5.75383631126093
7.173573364326171
5.757837222801049
7.180549141251943
5.761830375867192
7.187524918177713
5.765815876000457
7.194500695103484
5.769792798016092
7.201476472029254
5.773762174215276
7.208452248955026
5.777724216991841
7.215428025880797
5.78167902808181
7.222403802806568
5.785626708029354
7.229379579732338
5.7895673561881145
7.23635535665811
5.793501070723605
7.24333113358388
5.797427948616637
7.250306910509652
5.80134718093141
7.257282687435422
5.80525951835875
7.264258464361193
5.809165318724689
7.271234241286964
5.813064675004577
7.278210018212736
5.8169576789930915
7.285185795138506
5.820844421312965
7.292161572064277
5.824724991424381
7.2991373489900475
5.828599053425057
7.306113125915819
5.832466387366527
7.31308890284159
5.836327830581565
7.320064679767361
5.840183468527421
7.3270404566931315
5.844033385529547
7.334016233618903
5.847877664794574
7.3409920105446735
5.85171638842362
7.347967787470445
5.8555491152082
7.3549435643962155
5.859375839095667
7.361919341321986
5.863197270663412
7.368895118247758
5.86701348814093
7.375870895173529
5.870824568701439
7.3828466720993
5.874630588477279
7.38982244902507
5.878431622575443
7.396798225950841
5.882226721446304
7.403774002876612
5.886016923407228
7.410749779802384
5.889802385351758
7.417725556728154
5.893583178737763
7.424701333653925
5.897359374058357
7.431677110579696
5.901131040858315
7.438652887505467
5.904897514875675
7.445628664431238
5.908659286829638
7.452604441357009
5.91241676168584
7.459580218282779
5.916170005571582
7.466555995208551
5.919919083731939
7.473531772134322
5.923664060546265
7.480507549060093
5.927404304310494
7.487483325985863
5.931140277251726
7.494459102911634
5.934872366855709
7.501434879837405
5.938600634344385
7.508410656763177
5.942325140142313
7.515386433688947
5.9460459438927
7.522362210614718
5.949762268639154
7.529337987540489
5.95347491554221
7.53631376446626
5.957184065944004
7.543289541392031
5.960889776605406
7.550265318317802
5.964592103573982
7.5572410952435725
5.968290902334958
7.564216872169344
5.971985737680384
7.571192649095115
5.9756773854011875
7.578168426020886
5.979365898890543
7.5851442029466565
5.983051330895086
7.592119979872427
5.986733733529273
7.5990957567981985
5.990412570412309
7.60607153372397
5.994088256190479
7.6130473106497405
5.997761098097402
7.620023087575511
6.001431145871249
7.6269988645012825
6.005098448681601
7.633974641427053
6.008762826057374
7.6409504183528245
6.012424022636569
7.647926195278595
6.016082651850721
7.654901972204366
6.019738760715224
7.661877749130137
6.023392395737482
7.6688535260559085
6.027043602929133
7.675829302981679
6.030691734806793
7.68280507990745
6.034337549209597
7.68978085683322
6.037981104742632
7.696756633758992
6.0416224455232435
7.703732410684763
6.045261615229311
7.710708187610534
6.048898173524462
7.717683964536304
6.052532515600657
7.724659741462076
6.0561648492087246
7.731635518387846
6.059795216335242
7.738611295313618
6.063423658580112
7.745587072239388
6.067049875062401
7.752562849165159
6.070674037353087
7.75953862609093
6.074296431672544
7.766514403016702
6.0779170981215875
7.773490179942472
6.081536076463622
7.780465956868243
6.085153155153506
7.787441733794013
6.08876838548874
7.794417510719785
6.092382079557571
7.801393287645556
6.095994275804933
7.808369064571327
6.099605012384191
7.815344841497097
6.103214132024474
7.822320618422868
6.106821638487734
7.829296395348639
6.110427832642929
7.836272172274411
6.114032751493521
7.843247949200181
6.117636431793979
7.850223726125952
6.121238748219893
7.857199503051723
6.1248397038088305
7.864175279977495
6.128439564276022
7.871151056903265
6.1320383653823916
7.878126833829036
6.135636142679406
7.885102610754807
6.139232791036769
7.892078387680578
6.142828337994725
7.8990541646063495
6.1464230011462675
7.90602994153212
6.150016815193512
7.913005718457891
6.153609814665815
7.919981495383661
6.1572019114344725
7.926957272309433
6.160793165235345
7.933933049235204
6.164383741500737
7.940908826160975
6.167973674042851
7.947884603086745
6.171562996535218
7.954860380012517
6.175151641322423
7.961836156938288
6.178739694297838
7.968811933864059
6.182327271716279
7.975787710789829
6.1859144066545495
7.9827634877156
6.18950113208244
7.989739264641371
6.193087409158012
7.996715041567143
6.196673333760444
8.003690818492913
6.2002589811697115
8.010666595418684
6.203844383867764
8.017642372344454
6.207429574258923
8.024618149270225
6.2110145538107595
8.031593926195997
6.21459940550949
8.038569703121768
6.218184175368217
8.045545480047538
6.221768895400951
8.05252125697331
6.225353597571288
8.059497033899081
6.228938336665871
8.066472810824852
6.232523156474544
8.073448587750622
6.236108087316604
8.080424364676393
6.239693160851614
8.087400141602163
6.24327840871381
8.094375918527936
6.246863951951696
8.101351695453706
6.250449768586939
8.108327472379477
6.2540358871071
8.115303249305247
6.257622338917401
8.12227902623102
6.261209163486177
8.12925480315679
6.264796535281415
8.136230580082561
6.2683843669515
8.143206357008332
6.271972689720839
8.150182133934102
6.275561534826886
8.157157910859874
6.279150962454834
8.164133687785645
6.282741170399679
8.171109464711416
6.286332026220771
8.178085241637186
6.2899235610287105
8.185061018562958
6.293515805965826
8.192036795488729
6.297108847809952
8.1990125724145
6.3007028941202305
8.20598834934027
6.304297775155238
8.21296412626604
6.307893521972354
8.219939903191811
6.311490165676872
8.226915680117584
6.315087820109992
8.233891457043354
6.318686699430511
8.240867233969125
6.32228659934204
8.247843010894897
6.325887550894125
8.254818787820668
6.329489585197654
8.261794564746438
6.333092836983396
8.268770341672209
6.336697536723771
8.27574611859798
6.340303442028104
8.28272189552375
6.3439105839671495
8.289697672449522
6.347518993683364
8.296673449375293
6.351128812840074
8.303649226301063
6.3547403130979285
8.310625003226834
6.358353203001167
8.317600780152606
6.361967513652979
8.324576557078377
6.3655832762351485
8.331552334004147
6.369200616585517
8.338528110929918
6.372819889632785
8.345503887855688
6.376440735423218
8.352479664781459
6.380063185083998
8.359455441707231
6.3836872698238505
8.366431218633002
6.387313067222856
8.373406995558772
6.390941076522677
8.380382772484545
6.394570840484913
8.387358549410315
6.398202390230332
8.394334326336086
6.401835756959681
8.401310103261856
6.405470971955182
8.408285880187627
6.409108625899519
8.415261657113398
6.412748259705737
8.42223743403917
6.416389859665512
8.42921321096494
6.420033456911249
8.436188987890711
6.423679082649077
8.443164764816483
6.427327222131078
8.450140541742254
6.43097766465288
8.457116318668024
6.434630251691581
8.464092095593795
6.438285014221953
8.471067872519566
6.441941983278564
8.478043649445336
6.445601469320806
8.485019426371107
6.449263643791413
8.491995203296879
6.452928138522182
8.49897098022265
6.456594984207815
8.505946757148422
6.460264211581769
8.512922534074193
6.463935875669126
8.519898310999963
6.46761068611034
8.526874087925734
6.471287989152425
8.533849864851504
6.474967815049501
8.540825641777275
6.478650194065165
8.547801418703045
6.482335156468472
8.554777195628818
6.486023161094115
8.561752972554588
6.48971414846818
8.56872874948036
6.4934078260139465
8.575704526406131
6.497104223311277
8.582680303331902
6.500803369904732
8.589656080257672
6.50450529529722
8.596631857183443
6.508210812068228
8.603607634109213
6.511919181261422
8.610583411034984
6.515630430740618
8.617559187960756
6.519344589048858
8.624534964886527
6.523061684633127
8.631510741812297
6.526781996194968
8.63848651873807
6.530505858617263
8.64546229566384
6.534232754190975
8.65243807258961
6.53796271011968
8.659413849515381
6.541695753443208
8.666389626441152
6.545431911025783
8.673365403366923
6.5491716126217945
8.680341180292693
6.5529148996148985
8.687316957218465
6.556661388537368
8.694292734144236
6.560411104599977
8.701268511070008
6.564164072752043
8.708244287995779
6.56792031766583
8.71522006492155
6.571680296159418
8.72219584184732
6.575443992447719
8.72917161877309
6.579211042874699
8.736147395698861
6.582981469957173
8.743123172624632
6.586755295828419
8.750098949550404
6.590532542218357
8.757074726476175
6.594313548736901
8.764050503401945
6.5980985192034405
8.771026280327717
6.601886974774987
8.778002057253488
6.605678934422288
8.784977834179259
6.609474416583566
8.79195361110503
6.613273439140022
8.7989293880308
6.617076066670559
8.80590516495657
6.620883026611636
8.81288094188234
6.624693575807819
8.819856718808113
6.628507728669705
8.826832495733884
6.632325498897955
8.833808272659656
6.63614689945396
8.840784049585427
6.639971942529691
8.847759826511197
6.643801037658449
8.854735603436968
6.647634177938048
8.861711380362738
6.651470986971165
8.868687157288509
6.655311472514998
8.87566293421428
6.659155641377561
8.882638711140052
6.6630034993829765
8.889614488065822
6.666855051336024
8.896590264991595
6.670710830944847
8.903566041917365
6.674570519495675
8.910541818843136
6.678433900285291
8.917517595768906
6.6823009725918405
8.924493372694677
6.686171734472731
8.931469149620447
6.690046182725812
8.938444926546218
6.693924312850038
8.94542070347199
6.697806558380688
8.952396480397761
6.701692719971068
8.959372257323531
6.705582527984791
8.966348034249304
6.709475971224662
8.973323811175074
6.71337303698327
8.980299588100845
6.717273711002754
8.987275365026616
6.721177977434524
8.994251141952386
6.725085967810972
9.001226918878157
6.728997990908259
9.008202695803927
6.732913531319282
9.0151784727297
6.736832565342604
9.02215424965547
6.740755067484777
9.029130026581242
6.744681010423163
9.036105803507013
6.748610364969444
9.043081580432784
6.752543100033956
9.050057357358554
6.756479453912578
9.057033134284325
6.760419387919553
9.064008911210095
6.764362575288516
9.070984688135866
6.768308975943243
9.077960465061638
6.772258547751559
9.084936241987409
6.776211246499145
9.091912018913181
6.780167025865159
9.098887795838952
6.784125837399788
9.105863572764722
6.788087801147621
9.112839349690493
6.792052966459038
9.119815126616263
6.7960209795530915
9.126790903542034
6.799991782327951
9.133766680467804
6.80396531449273
9.140742457393577
6.807941513562057
9.147718234319347
6.811920314853651
9.154694011245118
6.815901651489062
9.16166978817089
6.819885454397682
9.16864556509666
6.823871951510641
9.175621342022431
6.827860785992673
9.182597118948202
6.831851836325361
9.189572895873972
6.835845023977862
9.196548672799743
6.839840268330814
9.203524449725514
6.843837486704697
9.210500226651286
6.847836594392183
9.217476003577056
6.851837504694536
9.224451780502829
6.855840136175244
9.2314275574286
6.859844597092009
9.23840333435437
6.863850556401702
9.24537911128014
6.867857919246784
9.252354888205911
6.871866589061434
9.259330665131682
6.875876467634722
9.266306442057452
6.879887455177781
9.273282218983224
6.883899450394903
9.280257995908995
6.887912350558444
9.287233772834767
6.891926051587469
9.294209549760538
6.895940519941862
9.301185326686308
6.899955548863066
9.308161103612079
6.903971023720867
9.31513688053785
6.907986835515387
9.32211265746362
6.912002874388461
9.32908843438939
6.916019029722965
9.336064211315163
6.920035190244517
9.343039988240934
6.924051244125345
9.350015765166704
6.92806707909004
9.356991542092477
6.932082535317799
9.363967319018247
6.936097497019459
9.370943095944018
6.940111864676938
9.377918872869788
6.944125525222736
9.384894649795559
6.948138365747879
9.39187042672133
6.952150273614065
9.3988462036471
6.956161136565522
9.405821980572872
6.960170842840292
9.412797757498643
6.964179281280636
9.419773534424415
6.9681862194207005
9.426749311350186
6.972191547307966
9.433725088275956
6.976195241611095
9.440700865201727
6.980197194894045
9.447676642127497
6.984197300916225
9.454652419053268
6.988195454731305
9.461628195979038
6.992191552783003
9.46860397290481
6.996185492997604
9.475579749830581
7.000177174872997
9.482555526756354
7.004166257609401
9.489531303682124
7.0081527288312975
9.496507080607895
7.0121366145748265
9.503482857533665
7.016117822021715
9.510458634459436
7.020096260373184
9.517434411385207
7.024071840913036
9.524410188310977
7.028044477066066
9.53138596523675
7.032014084451725
9.53836174216252
7.035980528937471
9.54533751908829
7.039943309904511
9.552313296014063
7.043902788755467
9.559289072939833
7.047858891218342
9.566264849865604
7.0518115454662835
9.573240626791375
7.055760682140063
9.580216403717145
7.05970623436581
9.587192180642916
7.063648137768111
9.594167957568686
7.067586330478599
9.601143734494459
7.071520120166255
9.60811951142023
7.07545003159024
9.615095288346001
7.079376032685797
9.622071065271772
7.08329807282507
9.629046842197543
7.08721610390341
9.636022619123313
7.091130080320418
9.642998396049084
7.095039958957557
9.649974172974854
7.098945504253983
9.656949949900625
7.102846288649408
9.663925726826397
7.1067428354200874
9.670901503752168
7.110635112478358
9.67787728067794
7.114523090082265
9.68485305760371
7.118406740793162
9.691828834529481
7.1222860394314145
9.698804611455252
7.126160963030397
9.705780388381022
7.13003066838034
9.712756165306793
7.133895891673084
9.719731942232563
7.137756665192362
9.726707719158336
7.141612975835634
9.733683496084106
7.145464812462748
9.740659273009877
7.149312165840327
9.74763504993565
7.153155028585887
9.75461082686142
7.1569924478723745
9.76158660378719
7.1608253500242816
9.768562380712961
7.16465373706153
9.775538157638731
7.168477609953936
9.782513934564502
7.172296971224757
9.789489711490273
7.1761118248933435
9.796465488416045
7.179921802819519
9.803441265341815
7.1837266453316
9.810417042267588
7.187526992404114
9.817392819193358
7.1913228549504105
9.824368596119129
7.19511424507582
9.8313443730449
7.198901176024156
9.83832014997067
7.202683634483912
9.84529592689644
7.206460637443903
9.852271703822211
7.210233223641224
9.859247480747984
7.214001411741889
9.866223257673754
7.21776522126396
9.873199034599525
7.221524672531426
9.880174811525297
7.225279786629755
9.887150588451068
7.22902958197399
9.894126365376838
7.232775006836123
9.901102142302609
7.236516164111712
9.90807791922838
7.240253078716108
9.91505369615415
7.243985776080639
9.92202947307992
7.247714234817987
9.929005250005693
7.25143747860768
9.935981026931463
7.255156589406324
9.942956803857236
7.258871595452932
9.949932580783006
7.26258252529121
9.956908357708777
7.266289407741871
9.963884134634547
7.269991889284828
9.970859911560318
7.2736896649311795
9.977835688486088
7.277383490085551
9.984811465411859
7.281073395332045
9.991787242337631
7.284759411363977
9.998763019263402
7.288441568964819
10.005738796189174
7.292119003816103
10.012714573114945
7.295792448120513
10.019690350040715
7.299462139011639
10.026666126966486
7.303128108186383
10.033641903892256
7.3067903873050515
10.040617680818027
7.310448541694969
10.047593457743798
7.3141024538772
10.05456923466957
7.317752785036184
10.06154501159534
7.3213995671647325
10.068520788521111
7.325042832123153
10.075496565446883
7.328682429732573
10.082472342372654
7.332317687060038
10.089448119298424
7.3359495381009685
10.096423896224195
7.339578014585087
10.103399673149966
7.343203148040646
10.110375450075736
7.3468249436046476
10.117351227001507
7.350442435154264
10.124327003927279
7.3540566946463315
10.13130278085305
7.35766775312051
10.138278557778822
7.361275641368694
10.145254334704592
7.364880389935859
10.152230111630363
7.368481020858693
10.159205888556134
7.372078573381024
10.166181665481904
7.375673095370269
10.173157442407675
7.37926461658706
10.180133219333445
7.382853133852932
10.187108996259218
7.38643774332197
10.194084773184988
7.390019459276657
10.20106055011076
7.393598310531465
10.208036327036531
7.397174325612007
10.215012103962302
7.400747371747647
10.221987880888072
7.4043168316993
10.228963657813843
7.4078835595243335
10.235939434739613
7.411447582674695
10.242915211665384
7.415008928311293
10.249890988591156
7.418567271764267
10.256866765516927
7.422122409448555
10.263842542442697
7.425674969873322
10.27081831936847
7.429224979048913
10.27779409629424
7.432772462700552
10.28476987322001
7.436316856334084
10.291745650145781
7.439858467796263
10.298721427071552
7.443397649801195
10.305697203997322
7.446934426886388
10.312672980923093
7.450468823315812
10.319648757848865
7.453999999699175
10.326624534774636
7.457528846888837
10.333600311700408
7.461055405060664
10.340576088626179
7.464579697284213
10.34755186555195
7.468101427232755
10.35452764247772
7.4716204142168525
10.36150341940349
7.4751372232737365
10.368479196329261
7.478651876283172
10.375454973255032
7.482164394878054
10.382430750180804
7.485674130583475
10.389406527106575
7.489181642035345
10.396382304032347
7.492687102507095
10.403358080958117
7.496190532472785
10.410333857883888
7.499691708020441
10.417309634809659
7.50319035489968
10.424285411735429
7.506687051058959
10.4312611886612
7.510181815842738
10.43823696558697
7.513674668381334
10.445212742512743
7.517164987872616
10.452188519438513
7.520653329548608
10.459164296364284
7.524139834277881
10.466140073290056
7.527624520112016
10.473115850215827
7.531107099499116
10.480091627141597
7.534587478334953
10.487067404067368
7.538066110058637
10.494043180993138
7.541543011684886
10.501018957918909
7.545018181506328
10.50799473484468
7.548490971292517
10.514970511770452
7.551962099338419
10.521946288696222
7.5554315816670545
10.528922065621995
7.5588994341346405
10.535897842547765
7.562365216998471
10.542873619473536
7.565829193420943
10.549849396399306
7.569291604239976
10.556825173325077
7.572752464380807
10.563800950250847
7.57621156025081
10.570776727176618
7.579668720346793
10.57775250410239
7.583124390849421
10.58472828102816
7.586578585800502
10.591704057953933
7.590031283841276
10.598679834879704
7.593481946716303
10.605655611805474
7.596931192074223
10.612631388731245
7.600379033120941
10.619607165657015
7.603825482937337
10.626582942582786
7.607270079687009
10.633558719508557
7.6107131996549136
10.640534496434329
7.614154982838871
10.6475102733601
7.617595441542124
10.65448605028587
7.621034269093763
10.661461827211642
7.624471548632931
10.668437604137413
7.627907555376272
10.675413381063183
7.631342300894484
10.682389157988954
7.63477560964827
10.689364934914725
7.638207319559281
10.696340711840495
7.641637817296138
10.703316488766266
7.645067113740607
10.710292265692038
7.648495143182269
10.717268042617809
7.6519215407388455
10.724243819543581
7.6553467835462685
10.731219596469352
7.658770881839301
10.738195373395122
7.662193845770082
10.745171150320893
7.665615190482599
10.752146927246663
7.669035419704915
10.759122704172434
7.672454558199898
10.766098481098204
7.6758726155209525
10.773074258023977
7.679289199345443
10.780050034949747
7.682704644207252
10.78702581187552
7.686119049296522
10.79400158880129
7.689532423605366
10.80097736572706
7.692944452331785
10.807953142652831
7.69635533053591
10.814928919578602
7.699765217242947
10.821904696504372
7.703174120919199
10.828880473430143
7.70658179105492
10.835856250355915
7.709988309362531
10.842832027281686
7.713393881915917
10.849807804207456
7.716798516689075
10.856783581133229
7.720202015839421
10.863759358059
7.723604370630313
10.87073513498477
7.727005823017585
10.87771091191054
7.730406380514491
10.884686688836311
7.733805887758513
10.891662465762082
7.737204265570146
10.898638242687852
7.740601782070285
10.905614019613624
7.743998444341104
10.912589796539395
7.74739413060064
10.919565573465167
7.750788708645046
10.926541350390938
7.754182464338818
10.933517127316708
7.757575404360866
10.940492904242479
7.760967432761262
10.94746868116825
7.764358379419364
10.95444445809402
7.767748540677121
10.96142023501979
7.771137922836229
10.968396011945563
7.774526449057518
10.975371788871334
7.777913924350716
10.982347565797106
7.781300649297592
10.989323342722876
7.784686629846987
10.996299119648647
7.7880718024645645
11.003274896574418
7.791455958503718
11.010250673500188
7.794839397462383
11.017226450425959
7.7982221249593096
11.02420222735173
7.8016040857734446
11.0311780042775
7.804985067185601
11.038153781203272
7.808365363096972
11.045129558129043
7.811744978817458
11.052105335054815
7.815123863171149
11.059081111980586
7.818501807504503
11.066056888906356
7.8218790963269065
11.073032665832127
7.8252557346592235
11.080008442757897
7.828631671744109
11.086984219683668
7.832006709851821
11.093959996609438
7.835381120939269
11.10093577353521
7.8387549097567435
11.107911550460981
7.842128022906939
11.114887327386754
7.845500279310529
11.121863104312524
7.848871935770807
11.128838881238295
7.852242996784694
11.135814658164065
7.855613403758515
11.142790435089836
7.858982996991582
11.149766212015606
7.862352016024941
11.156741988941377
7.865720465118165
11.16371776586715
7.869088278367823
11.17069354279292
7.872455321300932
11.17766931971869
7.875821814520186
11.184645096644463
7.879187762062732
11.191620873570233
7.882553088992165
11.198596650496004
7.885917689139709
11.205572427421775
7.889281762872574
11.212548204347545
7.892645314019381
11.219523981273316
7.896008257230455
11.226499758199086
7.899370517040344
11.233475535124859
7.9027322726148626
11.240451312050629
7.906093527587037
11.247427088976401
7.90945418511437
11.254402865902172
7.9128142022414
11.261378642827943
7.916173736255267
11.268354419753713
7.919532790605456
11.275330196679484
7.922891256140206
11.282305973605254
7.926249123703917
11.289281750531025
7.929606528278551
11.296257527456797
7.93296347314127
11.303233304382568
7.93631983624423
11.31020908130834
7.939675643072085
11.31718485823411
7.943031006092231
11.324160635159881
7.946385928419954
11.331136412085652
7.9497402747243076
11.338112189011422
7.953094105580965
11.345087965937193
7.956447510920612
11.352063742862963
7.959800493706394
11.359039519788736
7.9631529051105305
11.366015296714506
7.966504840913991
11.372991073640277
7.969856368649362
11.37996685056605
7.973207491136727
11.38694262749182
7.97655804598749
11.39391840441759
7.979908164012832
11.40089418134336
7.983257890623167
11.407869958269131
7.986607228503978
11.414845735194902
7.989956001770757
11.421821512120673
7.993304375842175
11.428797289046445
7.996652374399002
11.435773065972215
8.0
