       0.300     140.000     250.000     313.005       Alpha_c    Bbag^1/4     Ms      Pr  ===>  E/A at P=0:     930.139


         nbar              rho           presion         ne            nu            nd            ns            mue           muu           mud           mus    
       [fm^-3]         [gm cm^-3]      [erg cm^-3]     [fm^-3]       [fm^-3]       [fm^-3]       [fm^-3]        [MeV]         [MeV]         [MeV]         [MeV]   

 1.12075252573E+00 2.32163865202E+15   5.15409E+35   2.79611E-05   1.12078E+00   1.25806E+00   9.83412E-01   1.85290E+01   4.71861E+02   4.90390E+02   4.90390E+02
 1.06674838856E+00 2.18322754113E+15   4.76817E+35   3.04173E-05   1.06678E+00   1.20364E+00   9.29827E-01   1.90564E+01   4.64158E+02   4.83214E+02   4.83214E+02
 1.01663979873E+00 2.05672341184E+15   4.41644E+35   3.29917E-05   1.01667E+00   1.15310E+00   8.80151E-01   1.95795E+01   4.56774E+02   4.76354E+02   4.76354E+02
 9.70096025613E-01 1.94092825730E+15   4.09541E+35   3.56822E-05   9.70132E-01   1.10610E+00   8.34053E-01   2.00979E+01   4.49695E+02   4.69793E+02   4.69793E+02
 9.26818346628E-01 1.83478006291E+15   3.80197E+35   3.84864E-05   9.26857E-01   1.06237E+00   7.91229E-01   2.06112E+01   4.42906E+02   4.63517E+02   4.63517E+02
 8.86536617785E-01 1.73733583941E+15   3.53336E+35   4.14011E-05   8.86578E-01   1.02162E+00   7.51409E-01   2.11189E+01   4.36395E+02   4.57514E+02   4.57514E+02
 8.49006243719E-01 1.64775694465E+15   3.28714E+35   4.44228E-05   8.49051E-01   9.83622E-01   7.14347E-01   2.16206E+01   4.30149E+02   4.51770E+02   4.51770E+02
 8.14005497291E-01 1.56529636406E+15   3.06114E+35   4.75475E-05   8.14053E-01   9.48146E-01   6.79817E-01   2.21161E+01   4.24156E+02   4.46272E+02   4.46272E+02
 7.81333145392E-01 1.48928767020E+15   2.85342E+35   5.07709E-05   7.81384E-01   9.14996E-01   6.47619E-01   2.26050E+01   4.18404E+02   4.41009E+02   4.41009E+02
 7.50806343328E-01 1.41913542420E+15   2.66225E+35   5.40880E-05   7.50860E-01   8.83991E-01   6.17567E-01   2.30870E+01   4.12883E+02   4.35970E+02   4.35970E+02
 7.22258765106E-01 1.35430681740E+15   2.48609E+35   5.74938E-05   7.22316E-01   8.54965E-01   5.89495E-01   2.35617E+01   4.07584E+02   4.31145E+02   4.31145E+02
 6.95538941143E-01 1.29432438146E+15   2.32356E+35   6.09828E-05   6.95600E-01   8.27768E-01   5.63249E-01   2.40290E+01   4.02495E+02   4.26524E+02   4.26524E+02
 6.70508778636E-01 1.23875962045E+15   2.17342E+35   6.45493E-05   6.70573E-01   8.02262E-01   5.38691E-01   2.44886E+01   3.97609E+02   4.22098E+02   4.22098E+02
 6.47042242936E-01 1.18722743975E+15   2.03457E+35   6.81872E-05   6.47110E-01   7.78323E-01   5.15693E-01   2.49403E+01   3.92917E+02   4.17857E+02   4.17857E+02
 6.25024181035E-01 1.13938126476E+15   1.90600E+35   7.18905E-05   6.25096E-01   7.55836E-01   4.94140E-01   2.53838E+01   3.88410E+02   4.13793E+02   4.13793E+02
 6.04349270649E-01 1.09490875756E+15   1.78683E+35   7.56528E-05   6.04425E-01   7.34697E-01   4.73926E-01   2.58191E+01   3.84080E+02   4.09899E+02   4.09899E+02
 5.84921080406E-01 1.05352805281E+15   1.67624E+35   7.94677E-05   5.85001E-01   7.14810E-01   4.54953E-01   2.62460E+01   3.79921E+02   4.06167E+02   4.06167E+02
 5.66651228455E-01 1.01498444516E+15   1.57352E+35   8.33287E-05   5.66735E-01   6.96086E-01   4.37133E-01   2.66644E+01   3.75925E+02   4.02589E+02   4.02589E+02
 5.49458628358E-01 9.79047469787E+14   1.47799E+35   8.72291E-05   5.49546E-01   6.78446E-01   4.20384E-01   2.70741E+01   3.72085E+02   3.99159E+02   3.99159E+02
 5.33268812464E-01 9.45508325866E+14   1.38906E+35   9.11625E-05   5.33360E-01   6.61816E-01   4.04631E-01   2.74751E+01   3.68396E+02   3.95871E+02   3.95871E+02
 5.18013324160E-01 9.14177599542E+14   1.30621E+35   9.51223E-05   5.18108E-01   6.46126E-01   3.89805E-01   2.78673E+01   3.64850E+02   3.92717E+02   3.92717E+02
 5.03629171396E-01 8.84883248774E+14   1.22894E+35   9.91020E-05   5.03728E-01   6.31316E-01   3.75843E-01   2.82506E+01   3.61443E+02   3.89694E+02   3.89694E+02
 4.90058334803E-01 8.57468817609E+14   1.15680E+35   1.03095E-04   4.90161E-01   6.17326E-01   3.62687E-01   2.86250E+01   3.58168E+02   3.86794E+02   3.86794E+02
 4.77247324485E-01 8.31791851635E+14   1.08940E+35   1.07096E-04   4.77354E-01   6.04104E-01   3.50284E-01   2.89906E+01   3.55022E+02   3.84012E+02   3.84012E+02
 4.65146780269E-01 8.07722490121E+14   1.02638E+35   1.11097E-04   4.65258E-01   5.91600E-01   3.38582E-01   2.93473E+01   3.51997E+02   3.81344E+02   3.81344E+02
 4.53711110775E-01 7.85142213530E+14   9.67386E+34   1.15094E-04   4.53826E-01   5.79770E-01   3.27537E-01   2.96950E+01   3.49090E+02   3.78785E+02   3.78785E+02
 4.42898167239E-01 7.63942727858E+14   9.12131E+34   1.19080E-04   4.43017E-01   5.68571E-01   3.17107E-01   3.00340E+01   3.46296E+02   3.76330E+02   3.76330E+02
 4.32668948425E-01 7.44024969595E+14   8.60335E+34   1.23049E-04   4.32792E-01   5.57964E-01   3.07251E-01   3.03641E+01   3.43611E+02   3.73975E+02   3.73975E+02
 4.22987333432E-01 7.25298217187E+14   8.11743E+34   1.26997E-04   4.23114E-01   5.47913E-01   2.97935E-01   3.06854E+01   3.41031E+02   3.71716E+02   3.71716E+02
 4.13819839511E-01 7.07679296637E+14   7.66124E+34   1.30918E-04   4.13951E-01   5.38384E-01   2.89124E-01   3.09980E+01   3.38551E+02   3.69549E+02   3.69549E+02
 4.05135402361E-01 6.91091870417E+14   7.23266E+34   1.34808E-04   4.05270E-01   5.29348E-01   2.80788E-01   3.13020E+01   3.36168E+02   3.67470E+02   3.67470E+02
 3.96905176618E-01 6.75465800218E+14   6.82975E+34   1.38661E-04   3.97044E-01   5.20774E-01   2.72897E-01   3.15974E+01   3.33878E+02   3.65475E+02   3.65475E+02
 3.89102354536E-01 6.60736575200E+14   6.45073E+34   1.42473E-04   3.89245E-01   5.12637E-01   2.65425E-01   3.18844E+01   3.31677E+02   3.63561E+02   3.63561E+02
 3.81702001030E-01 6.46844798424E+14   6.09396E+34   1.46240E-04   3.81848E-01   5.04911E-01   2.58347E-01   3.21629E+01   3.29563E+02   3.61726E+02   3.61726E+02
 3.74680903501E-01 6.33735725038E+14   5.75793E+34   1.49959E-04   3.74831E-01   4.97572E-01   2.51640E-01   3.24333E+01   3.27531E+02   3.59965E+02   3.59965E+02
 3.68017434972E-01 6.21358846532E+14   5.44126E+34   1.53625E-04   3.68171E-01   4.90600E-01   2.45281E-01   3.26954E+01   3.25580E+02   3.58275E+02   3.58275E+02
 3.61691429269E-01 6.09667516064E+14   5.14266E+34   1.57235E-04   3.61849E-01   4.83974E-01   2.39252E-01   3.29496E+01   3.23705E+02   3.56655E+02   3.56655E+02
 3.55684067080E-01 5.98618610436E+14   4.86097E+34   1.60787E-04   3.55845E-01   4.77675E-01   2.33532E-01   3.31958E+01   3.21905E+02   3.55101E+02   3.55101E+02
 3.49977771869E-01 5.88172224818E+14   4.59509E+34   1.64276E-04   3.50142E-01   4.71685E-01   2.28106E-01   3.34343E+01   3.20176E+02   3.53611E+02   3.53611E+02
 3.44556114698E-01 5.78291396754E+14   4.34402E+34   1.67702E-04   3.44724E-01   4.65989E-01   2.22956E-01   3.36651E+01   3.18516E+02   3.52181E+02   3.52181E+02
 3.39403727146E-01 5.68941856395E+14   4.10684E+34   1.71061E-04   3.39575E-01   4.60570E-01   2.18067E-01   3.38884E+01   3.16922E+02   3.50811E+02   3.50811E+02
 3.34506221556E-01 5.60091800233E+14   3.88267E+34   1.74352E-04   3.34681E-01   4.55414E-01   2.13424E-01   3.41043E+01   3.15392E+02   3.49497E+02   3.49497E+02
 3.29850117950E-01 5.51711685927E+14   3.67073E+34   1.77572E-04   3.30028E-01   4.50507E-01   2.09016E-01   3.43130E+01   3.13924E+02   3.48237E+02   3.48237E+02
 3.25422776996E-01 5.43774046075E+14   3.47026E+34   1.80721E-04   3.25603E-01   4.45837E-01   2.04828E-01   3.45146E+01   3.12515E+02   3.47029E+02   3.47029E+02
 3.21212338480E-01 5.36253319013E+14   3.28060E+34   1.83796E-04   3.21396E-01   4.41392E-01   2.00849E-01   3.47093E+01   3.11163E+02   3.45872E+02   3.45872E+02
 3.17207664796E-01 5.29125694959E+14   3.10110E+34   1.86797E-04   3.17394E-01   4.37160E-01   1.97069E-01   3.48972E+01   3.09866E+02   3.44763E+02   3.44763E+02
 3.13398289006E-01 5.22368975953E+14   2.93116E+34   1.89723E-04   3.13588E-01   4.33131E-01   1.93476E-01   3.50784E+01   3.08622E+02   3.43701E+02   3.43701E+02
 3.09774367056E-01 5.15962448279E+14   2.77023E+34   1.92573E-04   3.09967E-01   4.29294E-01   1.90062E-01   3.52532E+01   3.07430E+02   3.42683E+02   3.42683E+02
 3.06326633805E-01 5.09886766109E+14   2.61780E+34   1.95347E-04   3.06522E-01   4.25641E-01   1.86816E-01   3.54216E+01   3.06287E+02   3.41708E+02   3.41708E+02
 3.03046362518E-01 5.04123845337E+14   2.47339E+34   1.98043E-04   3.03244E-01   4.22163E-01   1.83731E-01   3.55839E+01   3.05191E+02   3.40775E+02   3.40775E+02
 2.99925327533E-01 4.98656766586E+14   2.33655E+34   2.00663E-04   3.00126E-01   4.18851E-01   1.80799E-01   3.57401E+01   3.04141E+02   3.39882E+02   3.39882E+02
 2.96955769834E-01 4.93469686554E+14   2.20686E+34   2.03206E-04   2.97159E-01   4.15697E-01   1.78011E-01   3.58905E+01   3.03136E+02   3.39026E+02   3.39026E+02
 2.94130365281E-01 4.88547756892E+14   2.08393E+34   2.05673E-04   2.94336E-01   4.12694E-01   1.75361E-01   3.60351E+01   3.02173E+02   3.38208E+02   3.38208E+02
 2.91442195267E-01 4.83877049937E+14   1.96740E+34   2.08063E-04   2.91650E-01   4.09835E-01   1.72841E-01   3.61741E+01   3.01251E+02   3.37425E+02   3.37425E+02
 2.88884719615E-01 4.79444490645E+14   1.85691E+34   2.10376E-04   2.89095E-01   4.07113E-01   1.70446E-01   3.63077E+01   3.00369E+02   3.36676E+02   3.36676E+02
 2.86451751518E-01 4.75237794180E+14   1.75216E+34   2.12615E-04   2.86664E-01   4.04521E-01   1.68169E-01   3.64361E+01   2.99524E+02   3.35960E+02   3.35960E+02
 2.84137434356E-01 4.71245408629E+14   1.65283E+34   2.14779E-04   2.84352E-01   4.02055E-01   1.66005E-01   3.65593E+01   2.98717E+02   3.35276E+02   3.35276E+02
 2.81936220249E-01 4.67456462400E+14   1.55864E+34   2.16869E-04   2.82153E-01   3.99707E-01   1.63948E-01   3.66775E+01   2.97945E+02   3.34622E+02   3.34622E+02
 2.79842850183E-01 4.63860715870E+14   1.46934E+34   2.18886E-04   2.80062E-01   3.97473E-01   1.61994E-01   3.67908E+01   2.97207E+02   3.33998E+02   3.33998E+02
 2.77852335612E-01 4.60448516923E+14   1.38466E+34   2.20831E-04   2.78073E-01   3.95347E-01   1.60136E-01   3.68995E+01   2.96502E+02   3.33401E+02   3.33401E+02
 2.75959941390E-01 4.57210760028E+14   1.30437E+34   2.22706E-04   2.76183E-01   3.93325E-01   1.58372E-01   3.70036E+01   2.95828E+02   3.32832E+02   3.32832E+02
 2.74161169954E-01 4.54138848557E+14   1.22825E+34   2.24510E-04   2.74386E-01   3.91402E-01   1.56696E-01   3.71033E+01   2.95185E+02   3.32289E+02   3.32289E+02
 2.72451746639E-01 4.51224660060E+14   1.15608E+34   2.26246E-04   2.72678E-01   3.89574E-01   1.55103E-01   3.71986E+01   2.94572E+02   3.31770E+02   3.31770E+02
 2.70827606052E-01 4.48460514246E+14   1.08768E+34   2.27915E-04   2.71056E-01   3.87836E-01   1.53592E-01   3.72899E+01   2.93986E+02   3.31276E+02   3.31276E+02
 2.69284879414E-01 4.45839143449E+14   1.02286E+34   2.29517E-04   2.69514E-01   3.86184E-01   1.52157E-01   3.73771E+01   2.93428E+02   3.30805E+02   3.30805E+02
 2.67819882800E-01 4.43353665357E+14   9.61434E+33   2.31056E-04   2.68051E-01   3.84614E-01   1.50795E-01   3.74604E+01   2.92896E+02   3.30356E+02   3.30356E+02
 2.66429106214E-01 4.40997557826E+14   9.03240E+33   2.32531E-04   2.66662E-01   3.83123E-01   1.49502E-01   3.75400E+01   2.92389E+02   3.29929E+02   3.29929E+02
 2.65109203418E-01 4.38764635606E+14   8.48120E+33   2.33945E-04   2.65343E-01   3.81708E-01   1.48276E-01   3.76159E+01   2.91906E+02   3.29522E+02   3.29522E+02
 2.63856982480E-01 4.36649028823E+14   7.95923E+33   2.35298E-04   2.64092E-01   3.80365E-01   1.47114E-01   3.76883E+01   2.91447E+02   3.29135E+02   3.29135E+02
 2.62669396980E-01 4.34645163065E+14   7.46509E+33   2.36593E-04   2.62906E-01   3.79090E-01   1.46012E-01   3.77573E+01   2.91010E+02   3.28767E+02   3.28767E+02
 2.61543537810E-01 4.32747740960E+14   6.99743E+33   2.37831E-04   2.61781E-01   3.77881E-01   1.44968E-01   3.78230E+01   2.90594E+02   3.28417E+02   3.28417E+02
 2.60476625551E-01 4.30951725113E+14   6.55496E+33   2.39013E-04   2.60716E-01   3.76735E-01   1.43979E-01   3.78856E+01   2.90200E+02   3.28085E+02   3.28085E+02
 2.59466003367E-01 4.29252322293E+14   6.13649E+33   2.40141E-04   2.59706E-01   3.75650E-01   1.43042E-01   3.79451E+01   2.89824E+02   3.27770E+02   3.27770E+02
 2.58509130373E-01 4.27644968790E+14   5.74085E+33   2.41217E-04   2.58750E-01   3.74621E-01   1.42156E-01   3.80017E+01   2.89469E+02   3.27470E+02   3.27470E+02
 2.57603575468E-01 4.26125316821E+14   5.36694E+33   2.42242E-04   2.57846E-01   3.73648E-01   1.41317E-01   3.80554E+01   2.89131E+02   3.27186E+02   3.27186E+02
 2.56747011569E-01 4.24689221935E+14   5.01373E+33   2.43218E-04   2.56990E-01   3.72726E-01   1.40525E-01   3.81065E+01   2.88811E+02   3.26917E+02   3.26917E+02
 2.55937210240E-01 4.23332731309E+14   4.68022E+33   2.44147E-04   2.56181E-01   3.71855E-01   1.39775E-01   3.81549E+01   2.88507E+02   3.26662E+02   3.26662E+02
 2.55172036673E-01 4.22052072896E+14   4.36546E+33   2.45029E-04   2.55417E-01   3.71032E-01   1.39067E-01   3.82008E+01   2.88220E+02   3.26421E+02   3.26421E+02
 2.54449445007E-01 4.20843645332E+14   4.06855E+33   2.45866E-04   2.54695E-01   3.70254E-01   1.38399E-01   3.82443E+01   2.87948E+02   3.26193E+02   3.26193E+02
 2.53767473951E-01 4.19704008568E+14   3.78863E+33   2.46661E-04   2.54014E-01   3.69520E-01   1.37769E-01   3.82854E+01   2.87691E+02   3.25977E+02   3.25977E+02
 2.53124242701E-01 4.18629875154E+14   3.52487E+33   2.47414E-04   2.53372E-01   3.68827E-01   1.37174E-01   3.83244E+01   2.87449E+02   3.25773E+02   3.25773E+02
 2.52517947109E-01 4.17618102137E+14   3.27650E+33   2.48127E-04   2.52766E-01   3.68174E-01   1.36614E-01   3.83611E+01   2.87220E+02   3.25581E+02   3.25581E+02
 2.51946856122E-01 4.16665683521E+14   3.04275E+33   2.48802E-04   2.52196E-01   3.67558E-01   1.36087E-01   3.83959E+01   2.87003E+02   3.25399E+02   3.25399E+02
 2.51409308427E-01 4.15769743249E+14   2.82293E+33   2.49439E-04   2.51659E-01   3.66979E-01   1.35590E-01   3.84286E+01   2.86799E+02   3.25228E+02   3.25228E+02
 2.50903709326E-01 4.14927528670E+14   2.61633E+33   2.50041E-04   2.51154E-01   3.66434E-01   1.35123E-01   3.84595E+01   2.86608E+02   3.25067E+02   3.25067E+02
 2.50428527806E-01 4.14136404446E+14   2.42230E+33   2.50609E-04   2.50679E-01   3.65922E-01   1.34685E-01   3.84886E+01   2.86427E+02   3.24915E+02   3.24915E+02
 2.49982293788E-01 4.13393846879E+14   2.24023E+33   2.51144E-04   2.50233E-01   3.65441E-01   1.34273E-01   3.85160E+01   2.86257E+02   3.24773E+02   3.24773E+02
 2.49563595553E-01 4.12697438615E+14   2.06950E+33   2.51648E-04   2.49815E-01   3.64989E-01   1.33887E-01   3.85417E+01   2.86097E+02   3.24639E+02   3.24639E+02
 2.49171077327E-01 4.12044863707E+14   1.90955E+33   2.52121E-04   2.49423E-01   3.64566E-01   1.33524E-01   3.85659E+01   2.85948E+02   3.24514E+02   3.24514E+02
 2.48803437008E-01 4.11433902999E+14   1.75983E+33   2.52566E-04   2.49056E-01   3.64169E-01   1.33185E-01   3.85886E+01   2.85807E+02   3.24396E+02   3.24396E+02
 2.48459424040E-01 4.10862429815E+14   1.61980E+33   2.52984E-04   2.48712E-01   3.63798E-01   1.32868E-01   3.86098E+01   2.85676E+02   3.24286E+02   3.24286E+02
 2.48137837403E-01 4.10328405934E+14   1.48897E+33   2.53375E-04   2.48391E-01   3.63451E-01   1.32572E-01   3.86297E+01   2.85553E+02   3.24182E+02   3.24182E+02
 2.47837523728E-01 4.09829877814E+14   1.36685E+33   2.53741E-04   2.48091E-01   3.63127E-01   1.32295E-01   3.86483E+01   2.85438E+02   3.24086E+02   3.24086E+02
 2.47557375524E-01 4.09364973060E+14   1.25299E+33   2.54083E-04   2.47811E-01   3.62824E-01   1.32036E-01   3.86657E+01   2.85330E+02   3.23996E+02   3.23996E+02
 2.47296329493E-01 4.08931897117E+14   1.14693E+33   2.54403E-04   2.47551E-01   3.62543E-01   1.31796E-01   3.86819E+01   2.85230E+02   3.23912E+02   3.23912E+02
 2.47053364960E-01 4.08528930161E+14   1.04826E+33   2.54701E-04   2.47308E-01   3.62280E-01   1.31572E-01   3.86970E+01   2.85137E+02   3.23834E+02   3.23834E+02
 2.46827502369E-01 4.08154424184E+14   9.56563E+32   2.54978E-04   2.47082E-01   3.62036E-01   1.31364E-01   3.87110E+01   2.85050E+02   3.23761E+02   3.23761E+02
 2.46617801871E-01 4.07806800249E+14   8.71459E+32   2.55236E-04   2.46873E-01   3.61810E-01   1.31170E-01   3.87241E+01   2.84970E+02   3.23694E+02   3.23694E+02
 2.46423361985E-01 4.07484545908E+14   7.92573E+32   2.55476E-04   2.46679E-01   3.61600E-01   1.30991E-01   3.87362E+01   2.84895E+02   3.23631E+02   3.23631E+02
 2.46243318327E-01 4.07186212769E+14   7.19549E+32   2.55698E-04   2.46499E-01   3.61406E-01   1.30825E-01   3.87474E+01   2.84826E+02   3.23573E+02   3.23573E+02
 2.46076842397E-01 4.06910414194E+14   6.52047E+32   2.55904E-04   2.46333E-01   3.61226E-01   1.30672E-01   3.87578E+01   2.84762E+02   3.23520E+02   3.23520E+02
 2.45923140434E-01 4.06655823135E+14   5.89739E+32   2.56094E-04   2.46179E-01   3.61060E-01   1.30530E-01   3.87674E+01   2.84703E+02   3.23470E+02   3.23470E+02
 2.45781452318E-01 4.06421170065E+14   5.32315E+32   2.56269E-04   2.46038E-01   3.60907E-01   1.30400E-01   3.87762E+01   2.84648E+02   3.23424E+02   3.23424E+02
 2.45651050521E-01 4.06205241039E+14   4.79477E+32   2.56431E-04   2.45907E-01   3.60766E-01   1.30280E-01   3.87844E+01   2.84598E+02   3.23382E+02   3.23382E+02
 2.45531239109E-01 4.06006875830E+14   4.30939E+32   2.56580E-04   2.45788E-01   3.60636E-01   1.30169E-01   3.87919E+01   2.84552E+02   3.23344E+02   3.23344E+02
 2.45421352778E-01 4.05824966171E+14   3.86429E+32   2.56716E-04   2.45678E-01   3.60518E-01   1.30068E-01   3.87988E+01   2.84509E+02   3.23308E+02   3.23308E+02
 2.45320755936E-01 4.05658454067E+14   3.45690E+32   2.56841E-04   2.45578E-01   3.60409E-01   1.29976E-01   3.88051E+01   2.84471E+02   3.23276E+02   3.23276E+02
 2.45228841811E-01 4.05506330188E+14   3.08472E+32   2.56956E-04   2.45486E-01   3.60310E-01   1.29891E-01   3.88108E+01   2.84435E+02   3.23246E+02   3.23246E+02
 2.45145031604E-01 4.05367632329E+14   2.74540E+32   2.57060E-04   2.45402E-01   3.60219E-01   1.29814E-01   3.88161E+01   2.84403E+02   3.23219E+02   3.23219E+02
 2.45068773651E-01 4.05241443927E+14   2.43670E+32   2.57155E-04   2.45326E-01   3.60137E-01   1.29744E-01   3.88208E+01   2.84373E+02   3.23194E+02   3.23194E+02
 2.44999542636E-01 4.05126892644E+14   2.15648E+32   2.57241E-04   2.45257E-01   3.60062E-01   1.29680E-01   3.88252E+01   2.84347E+02   3.23172E+02   3.23172E+02
 2.44936838805E-01 4.05023148987E+14   1.90270E+32   2.57319E-04   2.45194E-01   3.59994E-01   1.29622E-01   3.88291E+01   2.84322E+02   3.23152E+02   3.23152E+02
 2.44880187219E-01 4.04929424992E+14   1.67344E+32   2.57390E-04   2.45138E-01   3.59933E-01   1.29570E-01   3.88327E+01   2.84301E+02   3.23133E+02   3.23133E+02
 2.44829137014E-01 4.04844972932E+14   1.46686E+32   2.57454E-04   2.45087E-01   3.59878E-01   1.29523E-01   3.88359E+01   2.84281E+02   3.23117E+02   3.23117E+02
 2.44783260690E-01 4.04769084076E+14   1.28123E+32   2.57511E-04   2.45041E-01   3.59828E-01   1.29481E-01   3.88388E+01   2.84263E+02   3.23102E+02   3.23102E+02
 2.44742153406E-01 4.04701087475E+14   1.11492E+32   2.57562E-04   2.45000E-01   3.59784E-01   1.29443E-01   3.88413E+01   2.84247E+02   3.23089E+02   3.23089E+02
 2.44705432297E-01 4.04640348782E+14   9.66353E+31   2.57608E-04   2.44963E-01   3.59744E-01   1.29409E-01   3.88436E+01   2.84233E+02   3.23077E+02   3.23077E+02
 2.44672735799E-01 4.04586269096E+14   8.34080E+31   2.57649E-04   2.44930E-01   3.59709E-01   1.29379E-01   3.88457E+01   2.84220E+02   3.23066E+02   3.23066E+02
 2.44643722986E-01 4.04538283834E+14   7.16715E+31   2.57685E-04   2.44901E-01   3.59677E-01   1.29352E-01   3.88475E+01   2.84209E+02   3.23057E+02   3.23057E+02
 2.44618072922E-01 4.04495861622E+14   6.12957E+31   2.57717E-04   2.44876E-01   3.59650E-01   1.29329E-01   3.88491E+01   2.84199E+02   3.23048E+02   3.23048E+02
 2.44595484015E-01 4.04458503209E+14   5.21586E+31   2.57746E-04   2.44853E-01   3.59625E-01   1.29308E-01   3.88506E+01   2.84191E+02   3.23041E+02   3.23041E+02
 2.44575673386E-01 4.04425740391E+14   4.41456E+31   2.57770E-04   2.44833E-01   3.59604E-01   1.29290E-01   3.88518E+01   2.84183E+02   3.23035E+02   3.23035E+02
 2.44558376237E-01 4.04397134955E+14   3.71494E+31   2.57792E-04   2.44816E-01   3.59585E-01   1.29274E-01   3.88529E+01   2.84176E+02   3.23029E+02   3.23029E+02
 2.44543345233E-01 4.04372277641E+14   3.10699E+31   2.57811E-04   2.44801E-01   3.59569E-01   1.29260E-01   3.88538E+01   2.84170E+02   3.23024E+02   3.23024E+02
 2.44530349888E-01 4.04350787103E+14   2.58139E+31   2.57827E-04   2.44788E-01   3.59555E-01   1.29248E-01   3.88546E+01   2.84165E+02   3.23020E+02   3.23020E+02
 2.44519175948E-01 4.04332308891E+14   2.12947E+31   2.57841E-04   2.44777E-01   3.59543E-01   1.29238E-01   3.88553E+01   2.84161E+02   3.23016E+02   3.23016E+02
 2.44509624791E-01 4.04316514437E+14   1.74319E+31   2.57853E-04   2.44767E-01   3.59533E-01   1.29229E-01   3.88559E+01   2.84157E+02   3.23013E+02   3.23013E+02
 2.44501512818E-01 4.04303100048E+14   1.41511E+31   2.57863E-04   2.44759E-01   3.59524E-01   1.29221E-01   3.88565E+01   2.84154E+02   3.23011E+02   3.23011E+02
 2.44494670854E-01 4.04291785909E+14   1.13841E+31   2.57872E-04   2.44753E-01   3.59516E-01   1.29215E-01   3.88569E+01   2.84152E+02   3.23008E+02   3.23008E+02
 2.44488943554E-01 4.04282315087E+14   9.06780E+30   2.57879E-04   2.44747E-01   3.59510E-01   1.29210E-01   3.88572E+01   2.84149E+02   3.23007E+02   3.23007E+02
 2.44484188801E-01 4.04274452542E+14   7.14488E+30   2.57885E-04   2.44742E-01   3.59505E-01   1.29205E-01   3.88575E+01   2.84148E+02   3.23005E+02   3.23005E+02
 2.44480277117E-01 4.04267984141E+14   5.56293E+30   2.57890E-04   2.44738E-01   3.59501E-01   1.29202E-01   3.88578E+01   2.84146E+02   3.23004E+02   3.23004E+02
 2.44477091067E-01 4.04262715678E+14   4.27445E+30   2.57894E-04   2.44735E-01   3.59497E-01   1.29199E-01   3.88580E+01   2.84145E+02   3.23003E+02   3.23003E+02
 2.44474524671E-01 4.04258471891E+14   3.23656E+30   2.57897E-04   2.44732E-01   3.59495E-01   1.29197E-01   3.88582E+01   2.84144E+02   3.23002E+02   3.23002E+02
 2.44472482812E-01 4.04255095485E+14   2.41081E+30   2.57899E-04   2.44730E-01   3.59492E-01   1.29195E-01   3.88583E+01   2.84143E+02   3.23001E+02   3.23001E+02
 2.44470880648E-01 4.04252446161E+14   1.76288E+30   2.57901E-04   2.44729E-01   3.59491E-01   1.29193E-01   3.88584E+01   2.84142E+02   3.23001E+02   3.23001E+02
 2.44469643020E-01 4.04250399635E+14  1.3990001E+30  2.57903E-04   2.44728E-01   3.59489E-01   1.29192E-01   3.88585E+01   2.84142E+02   3.23000E+02   3.23000E+02
 4.176E-04        6.990E+11       1.399E+30       53        52        16     <--- Neutron drip point
 3.651E-04        6.110E+11       1.361E+30       56        56        18     *
 3.359E-04        5.620E+11       1.218E+30       56        56        18
 2.861E-04        4.784E+11       9.831E+29       56        56        18
 2.426E-04        4.056E+11       7.890E+29       56        56        18
 1.930E-04        3.225E+11       5.816E+29       56        56        18
 1.494E-04        2.496E+11       4.747E+29       56        56        20     *
 1.429E-04        2.387E+11       4.473E+29       56        56        20
 1.135E-04        1.895E+11       3.290E+29       56        56        20
 1.031E-04        1.720E+11       2.892E+29       56        56        20
 9.507E-05        1.587E+11       2.597E+29       56        56        20
 7.913E-05        1.320E+11       2.033E+29       56        56        20
 6.284E-05        1.048E+11       1.495E+29       56        56        20
 4.708E-05        7.848E+10       1.152E+29       56        56        22     *
 4.547E-05        7.580E+10       1.100E+29       56        56        22
 3.612E-05        6.018E+10       8.089E+28       56        56        22
 2.869E-05        4.779E+10       5.949E+28       56        56        22
 2.377E-05        3.958E+10       4.628E+28       56        56        22
 1.888E-05        3.143E+10       3.404E+28       56        56        22
 1.499E-05        2.496E+10       2.503E+28       56        56        22
 1.238E-05        2.060E+10       1.938E+28       56        56        22
 9.833E-06        1.636E+10       1.425E+28       56        56        22
 7.812E-06        1.300E+10       1.048E+28       56        56        22
 6.701E-06        1.114E+10       9.569E+27       56        56        24     *
 5.696E-06        9.479E+09       7.702E+27       56        56        24
 4.524E-06        7.522E+09       5.662E+27       56        56        24
 3.722E-06        6.188E+09       4.362E+27       56        56        24
 2.348E-06        3.903E+09       2.356E+27       56        56        24
 1.482E-06        2.462E+09       1.272E+27       56        56        24
 8.994E-07        1.494E+09       7.235E+26       56        56        26     *
 8.644E-07        1.436E+09       6.860E+26       56        56        26
 6.866E-07        1.140E+09       5.036E+26       56        56        26
 5.923E-07        9.836E+08       4.129E+26       56        56        26
 4.704E-07        7.811E+08       3.029E+26       56        56        26
 2.969E-07        4.928E+08       1.629E+26       56        56        26
 1.873E-07        3.109E+08       8.738E+25       56        56        26
 1.536E-07        2.549E+08       6.676E+25       56        56        26
 7.697E-08        1.277E+08       2.604E+25       56        56        26
 3.858E-08        6.401E+07       1.006E+25       56        56        26
 1.933E-08        3.207E+07       3.833E+24       56        56        26
 1.933E-08        3.207E+07       3.833E+24       56        56        26
 9.976E-09        1.655E+07       1.435E+24       56        56        26
 5.000E-09        8.293E+06       5.259E+23       56        56        26
 3.972E-09        6.588E+06       3.911E+23       56        56        26
 1.581E-09        2.622E+06       1.051E+23       56        56        26
 6.294E-10        1.044E+06       4.183E+22       56        56        26
 2.506E-10        4.156E+05       1.665E+22       56        56        26
 9.976E-11        1.654E+05       6.627E+21       56        56        26
 3.972E-11        6.587E+04       2.639E+21       56        56        26
 1.581E-11        2.622E+04       1.051E+21       56        56        26
 6.295E-12        1.044E+04       4.183E+20       56        56        26
 6.930E-13        1.150E+03       4.608E+19       56        56        26
 1.270E-13        2.120E+02       8.494E+18       56        56        26
 2.720E-14        4.510E+01       1.807E+18       56        56        26
 9.900E-15        1.640E+01       6.571E+17       56        56        26
 6.990E-15        1.160E+01       4.648E+17       56        56        26
 4.910E-15        8.150E+00       3.266E+17       56        56        26
 4.760E-15        7.900E+00       3.165E+17       56        56        26
 4.730E-15        7.860E+00       3.149E+17       56        56        26
 4.700E-15        7.800E+00       3.125E+17       56        56        26


  1-40 Haensel-Zdunik [A&A 229 (1990) p. 117-122]

  A = total nucleon number per cell, including free neutrons above neutron drip
  N+Z = number of nucleons per nucleus
  N and Z are constant in layers

  * marks the highest density at which the nucleus is present.


  It's the zero temperature EOS




