          5        1050

                COND. CRYSTAL PARAMETERS

        Rho         A       Z        IS171      IS5000       IK171      IK5000

     1.000E+04      56      26      0.4568      1.6704      2.0165      3.5106
     1.023E+04      56      26      0.4572      1.6707      2.0208      3.5158
     1.047E+04      56      26      0.4575      1.6710      2.0251      3.5210
     1.072E+04      56      26      0.4579      1.6714      2.0294      3.5262
     1.096E+04      56      26      0.4583      1.6717      2.0337      3.5314
     1.122E+04      56      26      0.4587      1.6720      2.0380      3.5365
     1.148E+04      56      26      0.4590      1.6723      2.0423      3.5417
     1.175E+04      56      26      0.4594      1.6726      2.0466      3.5469
     1.202E+04      56      26      0.4598      1.6729      2.0509      3.5521
     1.230E+04      56      26      0.4601      1.6733      2.0552      3.5573
     1.259E+04      56      26      0.4605      1.6736      2.0595      3.5625
     1.288E+04      56      26      0.4609      1.6739      2.0638      3.5677
     1.318E+04      56      26      0.4612      1.6742      2.0681      3.5729
     1.349E+04      56      26      0.4616      1.6745      2.0724      3.5781
     1.380E+04      56      26      0.4620      1.6749      2.0767      3.5833
     1.413E+04      56      26      0.4623      1.6752      2.0810      3.5885
     1.445E+04      56      26      0.4627      1.6755      2.0853      3.5936
     1.479E+04      56      26      0.4631      1.6758      2.0896      3.5988
     1.514E+04      56      26      0.4634      1.6761      2.0939      3.6040
     1.549E+04      56      26      0.4638      1.6764      2.0982      3.6092
     1.585E+04      56      26      0.4642      1.6768      2.1025      3.6144
     1.622E+04      56      26      0.4645      1.6771      2.1068      3.6196
     1.660E+04      56      26      0.4649      1.6774      2.1111      3.6248
     1.698E+04      56      26      0.4653      1.6777      2.1154      3.6300
     1.738E+04      56      26      0.4656      1.6780      2.1197      3.6352
     1.778E+04      56      26      0.4660      1.6783      2.1240      3.6404
     1.820E+04      56      26      0.4664      1.6787      2.1283      3.6456
     1.862E+04      56      26      0.4667      1.6790      2.1326      3.6507
     1.905E+04      56      26      0.4671      1.6793      2.1369      3.6559
     1.950E+04      56      26      0.4675      1.6796      2.1412      3.6611
     1.995E+04      56      26      0.4678      1.6799      2.1455      3.6663
     2.042E+04      56      26      0.4682      1.6803      2.1499      3.6715
     2.089E+04      56      26      0.4686      1.6806      2.1542      3.6767
     2.138E+04      56      26      0.4689      1.6809      2.1585      3.6819
     2.188E+04      56      26      0.4693      1.6812      2.1628      3.6871
     2.239E+04      56      26      0.4697      1.6815      2.1671      3.6923
     2.291E+04      56      26      0.4700      1.6818      2.1714      3.6975
     2.344E+04      56      26      0.4704      1.6822      2.1757      3.7027
     2.399E+04      56      26      0.4708      1.6825      2.1800      3.7078
     2.455E+04      56      26      0.4711      1.6828      2.1843      3.7130
     2.512E+04      56      26      0.4715      1.6831      2.1886      3.7182
     2.570E+04      56      26      0.4719      1.6834      2.1929      3.7234
     2.630E+04      56      26      0.4722      1.6837      2.1971      3.7284
     2.692E+04      56      26      0.4724      1.6834      2.2006      3.7323
     2.754E+04      56      26      0.4727      1.6831      2.2041      3.7362
     2.818E+04      56      26      0.4729      1.6829      2.2077      3.7402
     2.884E+04      56      26      0.4731      1.6826      2.2112      3.7441
     2.951E+04      56      26      0.4733      1.6824      2.2147      3.7480
     3.020E+04      56      26      0.4735      1.6821      2.2183      3.7519
     3.090E+04      56      26      0.4737      1.6819      2.2218      3.7558
     3.162E+04      56      26      0.4739      1.6816      2.2253      3.7597
     3.236E+04      56      26      0.4741      1.6813      2.2288      3.7636
     3.311E+04      56      26      0.4744      1.6811      2.2324      3.7675
     3.388E+04      56      26      0.4746      1.6808      2.2359      3.7714
     3.467E+04      56      26      0.4748      1.6806      2.2394      3.7753
     3.548E+04      56      26      0.4750      1.6803      2.2430      3.7792
     3.631E+04      56      26      0.4752      1.6801      2.2465      3.7831
     3.715E+04      56      26      0.4754      1.6798      2.2500      3.7870
     3.802E+04      56      26      0.4756      1.6795      2.2536      3.7909
     3.890E+04      56      26      0.4758      1.6793      2.2571      3.7949
     3.981E+04      56      26      0.4761      1.6790      2.2606      3.7988
     4.074E+04      56      26      0.4763      1.6788      2.2641      3.8027
     4.169E+04      56      26      0.4765      1.6785      2.2677      3.8066
     4.266E+04      56      26      0.4767      1.6783      2.2712      3.8105
     4.365E+04      56      26      0.4769      1.6780      2.2747      3.8144
     4.467E+04      56      26      0.4771      1.6777      2.2783      3.8183
     4.571E+04      56      26      0.4773      1.6775      2.2818      3.8222
     4.677E+04      56      26      0.4775      1.6772      2.2853      3.8261
     4.786E+04      56      26      0.4778      1.6770      2.2888      3.8300
     4.898E+04      56      26      0.4780      1.6767      2.2924      3.8339
     5.012E+04      56      26      0.4782      1.6765      2.2959      3.8378
     5.129E+04      56      26      0.4784      1.6762      2.2994      3.8417
     5.248E+04      56      26      0.4786      1.6759      2.3030      3.8456
     5.370E+04      56      26      0.4788      1.6757      2.3065      3.8496
     5.495E+04      56      26      0.4790      1.6754      2.3100      3.8535
     5.623E+04      56      26      0.4792      1.6752      2.3136      3.8574
     5.754E+04      56      26      0.4795      1.6749      2.3171      3.8613
     5.888E+04      56      26      0.4797      1.6747      2.3206      3.8652
     6.026E+04      56      26      0.4799      1.6744      2.3241      3.8691
     6.166E+04      56      26      0.4801      1.6741      2.3277      3.8730
     6.310E+04      56      26      0.4803      1.6739      2.3312      3.8769
     6.457E+04      56      26      0.4805      1.6736      2.3347      3.8808
     6.607E+04      56      26      0.4807      1.6734      2.3381      3.8845
     6.761E+04      56      26      0.4807      1.6731      2.3408      3.8869
     6.918E+04      56      26      0.4808      1.6729      2.3434      3.8893
     7.079E+04      56      26      0.4808      1.6726      2.3461      3.8917
     7.244E+04      56      26      0.4809      1.6723      2.3487      3.8941
     7.413E+04      56      26      0.4809      1.6721      2.3514      3.8965
     7.586E+04      56      26      0.4809      1.6718      2.3540      3.8989
     7.762E+04      56      26      0.4810      1.6716      2.3566      3.9013
     7.943E+04      56      26      0.4810      1.6713      2.3593      3.9037
     8.128E+04      56      26      0.4810      1.6710      2.3619      3.9061
     8.318E+04      56      26      0.4811      1.6708      2.3646      3.9085
     8.511E+04      56      26      0.4811      1.6705      2.3672      3.9109
     8.710E+04      56      26      0.4812      1.6703      2.3698      3.9133
     8.913E+04      56      26      0.4812      1.6700      2.3725      3.9157
     9.120E+04      56      26      0.4812      1.6698      2.3751      3.9181
     9.333E+04      56      26      0.4813      1.6695      2.3778      3.9205
     9.550E+04      56      26      0.4813      1.6692      2.3804      3.9228
     9.772E+04      56      26      0.4813      1.6690      2.3830      3.9252
     1.000E+05      56      26      0.4814      1.6687      2.3857      3.9276
     1.023E+05      56      26      0.4814      1.6685      2.3883      3.9300
     1.047E+05      56      26      0.4815      1.6682      2.3910      3.9324
     1.072E+05      56      26      0.4815      1.6680      2.3936      3.9348
     1.096E+05      56      26      0.4815      1.6677      2.3962      3.9372
     1.122E+05      56      26      0.4816      1.6674      2.3989      3.9396
     1.148E+05      56      26      0.4816      1.6672      2.4015      3.9420
     1.175E+05      56      26      0.4816      1.6669      2.4042      3.9444
     1.202E+05      56      26      0.4817      1.6667      2.4068      3.9468
     1.230E+05      56      26      0.4817      1.6664      2.4095      3.9492
     1.259E+05      56      26      0.4818      1.6662      2.4121      3.9516
     1.288E+05      56      26      0.4818      1.6659      2.4147      3.9540
     1.318E+05      56      26      0.4818      1.6656      2.4174      3.9564
     1.349E+05      56      26      0.4819      1.6654      2.4200      3.9588
     1.380E+05      56      26      0.4819      1.6651      2.4227      3.9612
     1.413E+05      56      26      0.4819      1.6649      2.4253      3.9636
     1.445E+05      56      26      0.4820      1.6646      2.4279      3.9660
     1.479E+05      56      26      0.4820      1.6644      2.4306      3.9684
     1.514E+05      56      26      0.4821      1.6641      2.4332      3.9708
     1.549E+05      56      26      0.4821      1.6638      2.4359      3.9732
     1.585E+05      56      26      0.4821      1.6636      2.4385      3.9756
     1.622E+05      56      26      0.4822      1.6633      2.4411      3.9780
     1.660E+05      56      26      0.4822      1.6627      2.4436      3.9801
     1.698E+05      56      26      0.4820      1.6600      2.4453      3.9808
     1.738E+05      56      26      0.4818      1.6574      2.4470      3.9816
     1.778E+05      56      26      0.4817      1.6547      2.4487      3.9823
     1.820E+05      56      26      0.4815      1.6520      2.4504      3.9830
     1.862E+05      56      26      0.4814      1.6494      2.4521      3.9838
     1.905E+05      56      26      0.4812      1.6467      2.4538      3.9845
     1.950E+05      56      26      0.4810      1.6440      2.4555      3.9852
     1.995E+05      56      26      0.4809      1.6414      2.4572      3.9860
     2.042E+05      56      26      0.4807      1.6387      2.4589      3.9867
     2.089E+05      56      26      0.4805      1.6360      2.4606      3.9874
     2.138E+05      56      26      0.4804      1.6334      2.4623      3.9882
     2.188E+05      56      26      0.4802      1.6307      2.4640      3.9889
     2.239E+05      56      26      0.4800      1.6280      2.4657      3.9896
     2.291E+05      56      26      0.4799      1.6254      2.4674      3.9904
     2.344E+05      56      26      0.4797      1.6227      2.4691      3.9911
     2.399E+05      56      26      0.4795      1.6200      2.4708      3.9918
     2.455E+05      56      26      0.4794      1.6174      2.4725      3.9926
     2.512E+05      56      26      0.4792      1.6147      2.4742      3.9933
     2.570E+05      56      26      0.4790      1.6120      2.4759      3.9940
     2.630E+05      56      26      0.4789      1.6094      2.4776      3.9948
     2.692E+05      56      26      0.4787      1.6067      2.4793      3.9955
     2.754E+05      56      26      0.4785      1.6040      2.4810      3.9962
     2.818E+05      56      26      0.4784      1.6014      2.4827      3.9969
     2.884E+05      56      26      0.4782      1.5987      2.4844      3.9977
     2.951E+05      56      26      0.4781      1.5960      2.4861      3.9984
     3.020E+05      56      26      0.4779      1.5934      2.4878      3.9991
     3.090E+05      56      26      0.4777      1.5907      2.4895      3.9999
     3.162E+05      56      26      0.4776      1.5880      2.4912      4.0006
     3.236E+05      56      26      0.4774      1.5854      2.4929      4.0013
     3.311E+05      56      26      0.4772      1.5827      2.4946      4.0021
     3.388E+05      56      26      0.4771      1.5800      2.4963      4.0028
     3.467E+05      56      26      0.4769      1.5774      2.4980      4.0035
     3.548E+05      56      26      0.4767      1.5747      2.4997      4.0043
     3.631E+05      56      26      0.4766      1.5720      2.5014      4.0050
     3.715E+05      56      26      0.4764      1.5694      2.5031      4.0057
     3.802E+05      56      26      0.4762      1.5667      2.5048      4.0065
     3.890E+05      56      26      0.4761      1.5640      2.5065      4.0072
     3.981E+05      56      26      0.4759      1.5614      2.5082      4.0079
     4.074E+05      56      26      0.4757      1.5587      2.5099      4.0087
     4.169E+05      56      26      0.4756      1.5560      2.5115      4.0092
     4.266E+05      56      26      0.4752      1.5532      2.5123      4.0083
     4.365E+05      56      26      0.4748      1.5504      2.5131      4.0075
     4.467E+05      56      26      0.4745      1.5476      2.5139      4.0066
     4.571E+05      56      26      0.4741      1.5448      2.5147      4.0058
     4.677E+05      56      26      0.4738      1.5420      2.5156      4.0049
     4.786E+05      56      26      0.4734      1.5392      2.5164      4.0041
     4.898E+05      56      26      0.4731      1.5364      2.5172      4.0032
     5.012E+05      56      26      0.4727      1.5335      2.5180      4.0024
     5.129E+05      56      26      0.4724      1.5307      2.5188      4.0015
     5.248E+05      56      26      0.4720      1.5279      2.5196      4.0007
     5.370E+05      56      26      0.4716      1.5251      2.5204      3.9998
     5.495E+05      56      26      0.4713      1.5223      2.5212      3.9990
     5.623E+05      56      26      0.4709      1.5195      2.5220      3.9981
     5.754E+05      56      26      0.4706      1.5167      2.5228      3.9973
     5.888E+05      56      26      0.4702      1.5139      2.5237      3.9964
     6.026E+05      56      26      0.4699      1.5111      2.5245      3.9956
     6.166E+05      56      26      0.4695      1.5083      2.5253      3.9947
     6.310E+05      56      26      0.4692      1.5055      2.5261      3.9939
     6.457E+05      56      26      0.4688      1.5026      2.5269      3.9930
     6.607E+05      56      26      0.4685      1.4998      2.5277      3.9922
     6.761E+05      56      26      0.4681      1.4970      2.5285      3.9913
     6.918E+05      56      26      0.4677      1.4942      2.5293      3.9905
     7.079E+05      56      26      0.4674      1.4914      2.5301      3.9896
     7.244E+05      56      26      0.4670      1.4886      2.5309      3.9888
     7.413E+05      56      26      0.4667      1.4858      2.5318      3.9879
     7.586E+05      56      26      0.4663      1.4830      2.5326      3.9871
     7.762E+05      56      26      0.4660      1.4802      2.5334      3.9862
     7.943E+05      56      26      0.4656      1.4774      2.5342      3.9854
     8.128E+05      56      26      0.4653      1.4745      2.5350      3.9845
     8.318E+05      56      26      0.4649      1.4717      2.5358      3.9837
     8.511E+05      56      26      0.4645      1.4689      2.5366      3.9828
     8.710E+05      56      26      0.4642      1.4661      2.5374      3.9820
     8.913E+05      56      26      0.4638      1.4633      2.5382      3.9811
     9.120E+05      56      26      0.4635      1.4605      2.5390      3.9803
     9.333E+05      56      26      0.4631      1.4577      2.5399      3.9794
     9.550E+05      56      26      0.4628      1.4549      2.5407      3.9786
     9.772E+05      56      26      0.4624      1.4521      2.5415      3.9777
     1.000E+06      56      26      0.4621      1.4493      2.5423      3.9769
     1.023E+06      56      26      0.4617      1.4464      2.5431      3.9760
     1.047E+06      56      26      0.4613      1.4436      2.5438      3.9750
     1.072E+06      56      26      0.4609      1.4402      2.5439      3.9731
     1.096E+06      56      26      0.4604      1.4369      2.5441      3.9711
     1.122E+06      56      26      0.4599      1.4335      2.5442      3.9691
     1.148E+06      56      26      0.4594      1.4302      2.5443      3.9671
     1.175E+06      56      26      0.4590      1.4268      2.5444      3.9652
     1.202E+06      56      26      0.4585      1.4235      2.5445      3.9632
     1.230E+06      56      26      0.4580      1.4201      2.5447      3.9612
     1.259E+06      56      26      0.4575      1.4168      2.5448      3.9592
     1.288E+06      56      26      0.4570      1.4135      2.5449      3.9572
     1.318E+06      56      26      0.4566      1.4101      2.5450      3.9553
     1.349E+06      56      26      0.4561      1.4068      2.5451      3.9533
     1.380E+06      56      26      0.4556      1.4034      2.5453      3.9513
     1.413E+06      56      26      0.4551      1.4001      2.5454      3.9493
     1.445E+06      56      26      0.4547      1.3967      2.5455      3.9474
     1.479E+06      56      26      0.4542      1.3934      2.5456      3.9454
     1.514E+06      56      26      0.4537      1.3900      2.5457      3.9434
     1.549E+06      56      26      0.4532      1.3867      2.5459      3.9414
     1.585E+06      56      26      0.4527      1.3833      2.5460      3.9394
     1.622E+06      56      26      0.4523      1.3800      2.5461      3.9375
     1.660E+06      56      26      0.4518      1.3767      2.5462      3.9355
     1.698E+06      56      26      0.4513      1.3733      2.5463      3.9335
     1.738E+06      56      26      0.4508      1.3700      2.5465      3.9315
     1.778E+06      56      26      0.4504      1.3666      2.5466      3.9296
     1.820E+06      56      26      0.4499      1.3633      2.5467      3.9276
     1.862E+06      56      26      0.4494      1.3599      2.5468      3.9256
     1.905E+06      56      26      0.4489      1.3566      2.5469      3.9236
     1.950E+06      56      26      0.4484      1.3532      2.5471      3.9216
     1.995E+06      56      26      0.4480      1.3499      2.5472      3.9197
     2.042E+06      56      26      0.4475      1.3465      2.5473      3.9177
     2.089E+06      56      26      0.4470      1.3432      2.5474      3.9157
     2.138E+06      56      26      0.4465      1.3399      2.5475      3.9137
     2.188E+06      56      26      0.4461      1.3365      2.5477      3.9118
     2.239E+06      56      26      0.4456      1.3332      2.5478      3.9098
     2.291E+06      56      26      0.4451      1.3298      2.5479      3.9078
     2.344E+06      56      26      0.4446      1.3265      2.5480      3.9058
     2.399E+06      56      26      0.4441      1.3231      2.5481      3.9038
     2.455E+06      56      26      0.4437      1.3198      2.5483      3.9019
     2.512E+06      56      26      0.4432      1.3164      2.5484      3.8999
     2.570E+06      56      26      0.4427      1.3131      2.5485      3.8979
     2.630E+06      56      26      0.4422      1.3098      2.5486      3.8959
     2.692E+06      56      26      0.4417      1.3065      2.5483      3.8935
     2.754E+06      56      26      0.4413      1.3032      2.5480      3.8911
     2.818E+06      56      26      0.4408      1.3000      2.5478      3.8888
     2.884E+06      56      26      0.4403      1.2967      2.5475      3.8864
     2.951E+06      56      26      0.4398      1.2935      2.5473      3.8841
     3.020E+06      56      26      0.4393      1.2902      2.5470      3.8817
     3.090E+06      56      26      0.4388      1.2869      2.5467      3.8793
     3.162E+06      56      26      0.4383      1.2837      2.5465      3.8770
     3.236E+06      56      26      0.4378      1.2804      2.5462      3.8746
     3.311E+06      56      26      0.4373      1.2772      2.5460      3.8722
     3.388E+06      56      26      0.4368      1.2739      2.5457      3.8699
     3.467E+06      56      26      0.4364      1.2706      2.5454      3.8675
     3.548E+06      56      26      0.4359      1.2674      2.5452      3.8651
     3.631E+06      56      26      0.4354      1.2641      2.5449      3.8628
     3.715E+06      56      26      0.4349      1.2609      2.5447      3.8604
     3.802E+06      56      26      0.4344      1.2576      2.5444      3.8580
     3.890E+06      56      26      0.4339      1.2544      2.5441      3.8557
     3.981E+06      56      26      0.4334      1.2511      2.5439      3.8533
     4.074E+06      56      26      0.4329      1.2478      2.5436      3.8510
     4.169E+06      56      26      0.4324      1.2446      2.5434      3.8486
     4.266E+06      56      26      0.4319      1.2413      2.5431      3.8462
     4.365E+06      56      26      0.4315      1.2381      2.5428      3.8439
     4.467E+06      56      26      0.4310      1.2348      2.5426      3.8415
     4.571E+06      56      26      0.4305      1.2315      2.5423      3.8391
     4.677E+06      56      26      0.4300      1.2283      2.5421      3.8368
     4.786E+06      56      26      0.4295      1.2250      2.5418      3.8344
     4.898E+06      56      26      0.4290      1.2218      2.5415      3.8320
     5.012E+06      56      26      0.4285      1.2185      2.5413      3.8297
     5.129E+06      56      26      0.4280      1.2152      2.5410      3.8273
     5.248E+06      56      26      0.4275      1.2120      2.5408      3.8249
     5.370E+06      56      26      0.4270      1.2087      2.5405      3.8226
     5.495E+06      56      26      0.4266      1.2055      2.5402      3.8202
     5.623E+06      56      26      0.4261      1.2022      2.5400      3.8179
     5.754E+06      56      26      0.4256      1.1989      2.5397      3.8155
     5.888E+06      56      26      0.4251      1.1957      2.5395      3.8131
     6.026E+06      56      26      0.4246      1.1924      2.5392      3.8108
     6.166E+06      56      26      0.4241      1.1892      2.5389      3.8084
     6.310E+06      56      26      0.4236      1.1859      2.5387      3.8060
     6.457E+06      56      26      0.4231      1.1827      2.5384      3.8037
     6.607E+06      56      26      0.4225      1.1795      2.5383      3.8020
     6.761E+06      56      26      0.4206      1.1770      2.5389      3.8055
     6.918E+06      56      26      0.4187      1.1745      2.5395      3.8090
     7.079E+06      56      26      0.4168      1.1720      2.5402      3.8125
     7.244E+06      56      26      0.4149      1.1694      2.5408      3.8160
     7.413E+06      56      26      0.4130      1.1669      2.5414      3.8195
     7.586E+06      56      26      0.4111      1.1644      2.5421      3.8230
     7.762E+06      56      26      0.4092      1.1619      2.5427      3.8265
     7.943E+06      56      26      0.4073      1.1594      2.5433      3.8300
     8.128E+06      56      26      0.4054      1.1569      2.5440      3.8335
     8.318E+06      62      28      0.4037      1.1544      2.5445      3.8362
     8.511E+06      62      28      0.4033      1.1518      2.5442      3.8342
     8.710E+06      62      28      0.4029      1.1492      2.5439      3.8322
     8.913E+06      62      28      0.4026      1.1467      2.5436      3.8302
     9.120E+06      62      28      0.4022      1.1441      2.5432      3.8281
     9.333E+06      62      28      0.4018      1.1415      2.5429      3.8261
     9.550E+06      62      28      0.4015      1.1389      2.5426      3.8241
     9.772E+06      62      28      0.4011      1.1364      2.5423      3.8221
     1.000E+07      62      28      0.4007      1.1338      2.5420      3.8200
     1.023E+07      62      28      0.4004      1.1312      2.5417      3.8180
     1.047E+07      62      28      0.4000      1.1286      2.5414      3.8160
     1.072E+07      62      28      0.3996      1.1261      2.5411      3.8140
     1.096E+07      62      28      0.3993      1.1235      2.5408      3.8119
     1.122E+07      62      28      0.3989      1.1209      2.5405      3.8099
     1.148E+07      62      28      0.3985      1.1184      2.5402      3.8079
     1.175E+07      62      28      0.3982      1.1158      2.5399      3.8058
     1.202E+07      62      28      0.3978      1.1132      2.5396      3.8038
     1.230E+07      62      28      0.3974      1.1106      2.5393      3.8018
     1.259E+07      62      28      0.3971      1.1081      2.5390      3.7998
     1.288E+07      62      28      0.3967      1.1055      2.5387      3.7977
     1.318E+07      62      28      0.3963      1.1029      2.5384      3.7957
     1.349E+07      62      28      0.3960      1.1003      2.5381      3.7937
     1.380E+07      62      28      0.3956      1.0978      2.5378      3.7917
     1.413E+07      62      28      0.3952      1.0952      2.5375      3.7896
     1.445E+07      62      28      0.3949      1.0926      2.5372      3.7876
     1.479E+07      62      28      0.3945      1.0901      2.5369      3.7856
     1.514E+07      62      28      0.3941      1.0875      2.5366      3.7836
     1.549E+07      62      28      0.3938      1.0849      2.5363      3.7815
     1.585E+07      62      28      0.3934      1.0823      2.5360      3.7795
     1.622E+07      62      28      0.3930      1.0798      2.5357      3.7775
     1.660E+07      62      28      0.3927      1.0773      2.5354      3.7755
     1.698E+07      62      28      0.3924      1.0753      2.5351      3.7739
     1.738E+07      62      28      0.3921      1.0733      2.5348      3.7723
     1.778E+07      62      28      0.3918      1.0713      2.5346      3.7706
     1.820E+07      62      28      0.3915      1.0693      2.5343      3.7690
     1.862E+07      62      28      0.3912      1.0673      2.5340      3.7674
     1.905E+07      62      28      0.3910      1.0653      2.5337      3.7657
     1.950E+07      62      28      0.3907      1.0633      2.5335      3.7641
     1.995E+07      62      28      0.3904      1.0613      2.5332      3.7625
     2.042E+07      62      28      0.3901      1.0593      2.5329      3.7609
     2.089E+07      62      28      0.3898      1.0574      2.5327      3.7592
     2.138E+07      62      28      0.3895      1.0554      2.5324      3.7576
     2.188E+07      62      28      0.3893      1.0534      2.5321      3.7560
     2.239E+07      62      28      0.3890      1.0514      2.5319      3.7544
     2.291E+07      62      28      0.3887      1.0494      2.5316      3.7527
     2.344E+07      62      28      0.3884      1.0474      2.5313      3.7511
     2.399E+07      62      28      0.3881      1.0454      2.5310      3.7495
     2.455E+07      62      28      0.3878      1.0434      2.5308      3.7478
     2.512E+07      62      28      0.3876      1.0414      2.5305      3.7462
     2.570E+07      62      28      0.3873      1.0394      2.5302      3.7446
     2.630E+07      62      28      0.3870      1.0375      2.5300      3.7430
     2.692E+07      62      28      0.3867      1.0355      2.5297      3.7413
     2.754E+07      62      28      0.3864      1.0335      2.5294      3.7397
     2.818E+07      62      28      0.3861      1.0315      2.5292      3.7381
     2.884E+07      62      28      0.3859      1.0295      2.5289      3.7365
     2.951E+07      62      28      0.3856      1.0275      2.5286      3.7348
     3.020E+07      62      28      0.3853      1.0255      2.5283      3.7332
     3.090E+07      62      28      0.3850      1.0235      2.5281      3.7316
     3.162E+07      62      28      0.3847      1.0215      2.5278      3.7300
     3.236E+07      62      28      0.3844      1.0195      2.5275      3.7283
     3.311E+07      62      28      0.3842      1.0176      2.5273      3.7268
     3.388E+07      62      28      0.3840      1.0162      2.5271      3.7255
     3.467E+07      62      28      0.3838      1.0147      2.5269      3.7243
     3.548E+07      62      28      0.3836      1.0133      2.5266      3.7231
     3.631E+07      62      28      0.3834      1.0118      2.5264      3.7218
     3.715E+07      62      28      0.3832      1.0103      2.5262      3.7206
     3.802E+07      62      28      0.3830      1.0089      2.5260      3.7194
     3.890E+07      62      28      0.3828      1.0074      2.5258      3.7182
     3.981E+07      62      28      0.3825      1.0060      2.5256      3.7169
     4.074E+07      62      28      0.3823      1.0045      2.5254      3.7157
     4.169E+07      62      28      0.3821      1.0031      2.5252      3.7145
     4.266E+07      62      28      0.3819      1.0016      2.5250      3.7133
     4.365E+07      62      28      0.3817      1.0001      2.5248      3.7120
     4.467E+07      62      28      0.3815      0.9987      2.5245      3.7108
     4.571E+07      62      28      0.3813      0.9972      2.5243      3.7096
     4.677E+07      62      28      0.3811      0.9958      2.5241      3.7084
     4.786E+07      62      28      0.3809      0.9943      2.5239      3.7071
     4.898E+07      62      28      0.3807      0.9929      2.5237      3.7059
     5.012E+07      62      28      0.3805      0.9914      2.5235      3.7047
     5.129E+07      62      28      0.3803      0.9899      2.5233      3.7034
     5.248E+07      62      28      0.3801      0.9885      2.5231      3.7022
     5.370E+07      62      28      0.3799      0.9870      2.5229      3.7010
     5.495E+07      62      28      0.3797      0.9856      2.5227      3.6998
     5.623E+07      62      28      0.3795      0.9841      2.5224      3.6985
     5.754E+07      62      28      0.3793      0.9827      2.5222      3.6973
     5.888E+07      62      28      0.3791      0.9812      2.5220      3.6961
     6.026E+07      62      28      0.3789      0.9798      2.5218      3.6949
     6.166E+07      62      28      0.3787      0.9783      2.5216      3.6936
     6.310E+07      62      28      0.3785      0.9768      2.5214      3.6924
     6.457E+07      62      28      0.3783      0.9754      2.5212      3.6912
     6.607E+07      62      28      0.3781      0.9740      2.5210      3.6900
     6.761E+07      62      28      0.3779      0.9729      2.5208      3.6891
     6.918E+07      62      28      0.3778      0.9719      2.5207      3.6882
     7.079E+07      62      28      0.3777      0.9709      2.5205      3.6873
     7.244E+07      62      28      0.3775      0.9698      2.5204      3.6864
     7.413E+07      62      28      0.3774      0.9688      2.5202      3.6855
     7.586E+07      62      28      0.3772      0.9677      2.5201      3.6846
     7.762E+07      62      28      0.3771      0.9667      2.5199      3.6836
     7.943E+07      62      28      0.3769      0.9657      2.5198      3.6827
     8.128E+07      62      28      0.3768      0.9646      2.5196      3.6818
     8.318E+07      62      28      0.3767      0.9636      2.5195      3.6809
     8.511E+07      62      28      0.3765      0.9625      2.5193      3.6800
     8.710E+07      62      28      0.3764      0.9615      2.5192      3.6791
     8.913E+07      62      28      0.3762      0.9605      2.5190      3.6782
     9.120E+07      62      28      0.3761      0.9594      2.5189      3.6773
     9.333E+07      62      28      0.3759      0.9584      2.5187      3.6764
     9.550E+07      62      28      0.3758      0.9573      2.5186      3.6755
     9.772E+07      62      28      0.3756      0.9563      2.5184      3.6746
     1.000E+08      62      28      0.3755      0.9553      2.5183      3.6737
     1.023E+08      62      28      0.3754      0.9542      2.5181      3.6728
     1.047E+08      62      28      0.3752      0.9532      2.5180      3.6719
     1.072E+08      62      28      0.3751      0.9521      2.5178      3.6710
     1.096E+08      62      28      0.3749      0.9511      2.5177      3.6701
     1.122E+08      62      28      0.3748      0.9501      2.5175      3.6691
     1.148E+08      62      28      0.3746      0.9490      2.5174      3.6682
     1.175E+08      62      28      0.3745      0.9480      2.5172      3.6673
     1.202E+08      62      28      0.3744      0.9469      2.5171      3.6664
     1.230E+08      62      28      0.3742      0.9459      2.5169      3.6655
     1.259E+08      62      28      0.3741      0.9449      2.5168      3.6646
     1.288E+08      62      28      0.3739      0.9438      2.5166      3.6637
     1.318E+08      62      28      0.3738      0.9428      2.5165      3.6628
     1.349E+08      62      28      0.3737      0.9421      2.5164      3.6622
     1.380E+08      62      28      0.3736      0.9413      2.5163      3.6615
     1.413E+08      62      28      0.3735      0.9406      2.5162      3.6608
     1.445E+08      62      28      0.3734      0.9398      2.5161      3.6601
     1.479E+08      62      28      0.3733      0.9391      2.5160      3.6594
     1.514E+08      62      28      0.3732      0.9384      2.5159      3.6588
     1.549E+08      62      28      0.3731      0.9376      2.5158      3.6581
     1.585E+08      62      28      0.3730      0.9369      2.5157      3.6574
     1.622E+08      62      28      0.3729      0.9361      2.5156      3.6567
     1.660E+08      62      28      0.3728      0.9354      2.5155      3.6561
     1.698E+08      62      28      0.3727      0.9346      2.5154      3.6554
     1.738E+08      62      28      0.3726      0.9339      2.5152      3.6547
     1.778E+08      62      28      0.3725      0.9332      2.5151      3.6540
     1.820E+08      62      28      0.3724      0.9324      2.5150      3.6534
     1.862E+08      62      28      0.3723      0.9317      2.5149      3.6527
     1.905E+08      62      28      0.3722      0.9309      2.5148      3.6520
     1.950E+08      62      28      0.3721      0.9302      2.5147      3.6513
     1.995E+08      62      28      0.3720      0.9294      2.5146      3.6506
     2.042E+08      62      28      0.3719      0.9287      2.5145      3.6500
     2.089E+08      62      28      0.3718      0.9280      2.5144      3.6493
     2.138E+08      62      28      0.3717      0.9272      2.5143      3.6486
     2.188E+08      62      28      0.3716      0.9265      2.5142      3.6479
     2.239E+08      62      28      0.3715      0.9257      2.5141      3.6473
     2.291E+08      62      28      0.3714      0.9250      2.5140      3.6466
     2.344E+08      62      28      0.3713      0.9242      2.5139      3.6459
     2.399E+08      62      28      0.3712      0.9235      2.5138      3.6452
     2.455E+08      62      28      0.3711      0.9228      2.5137      3.6446
     2.512E+08      62      28      0.3710      0.9220      2.5136      3.6439
     2.570E+08      62      28      0.3709      0.9213      2.5135      3.6432
     2.630E+08      62      28      0.3708      0.9206      2.5134      3.6426
     2.692E+08      62      28      0.3707      0.9201      2.5133      3.6421
     2.754E+08      62      28      0.3707      0.9196      2.5133      3.6417
     2.818E+08      62      28      0.3706      0.9191      2.5132      3.6413
     2.884E+08      62      28      0.3706      0.9187      2.5131      3.6408
     2.951E+08      62      28      0.3705      0.9182      2.5130      3.6404
     3.020E+08      62      28      0.3704      0.9177      2.5130      3.6400
     3.090E+08      62      28      0.3704      0.9173      2.5129      3.6395
     3.162E+08      62      28      0.3703      0.9168      2.5128      3.6391
     3.236E+08      62      28      0.3703      0.9163      2.5128      3.6387
     3.311E+08      64      28      0.3702      0.9159      2.5127      3.6383
     3.388E+08      64      28      0.3701      0.9153      2.5126      3.6377
     3.467E+08      64      28      0.3701      0.9148      2.5126      3.6372
     3.548E+08      64      28      0.3700      0.9143      2.5125      3.6367
     3.631E+08      64      28      0.3699      0.9138      2.5124      3.6362
     3.715E+08      64      28      0.3699      0.9133      2.5123      3.6357
     3.802E+08      64      28      0.3698      0.9127      2.5123      3.6352
     3.890E+08      64      28      0.3697      0.9122      2.5122      3.6346
     3.981E+08      64      28      0.3697      0.9117      2.5121      3.6341
     4.074E+08      64      28      0.3696      0.9112      2.5121      3.6336
     4.169E+08      64      28      0.3695      0.9107      2.5120      3.6331
     4.266E+08      64      28      0.3695      0.9101      2.5119      3.6326
     4.365E+08      64      28      0.3694      0.9096      2.5119      3.6321
     4.467E+08      64      28      0.3693      0.9091      2.5118      3.6316
     4.571E+08      64      28      0.3693      0.9086      2.5117      3.6310
     4.677E+08      64      28      0.3692      0.9081      2.5116      3.6305
     4.786E+08      64      28      0.3692      0.9075      2.5116      3.6300
     4.898E+08      64      28      0.3691      0.9070      2.5115      3.6295
     5.012E+08      64      28      0.3690      0.9065      2.5114      3.6290
     5.129E+08      64      28      0.3690      0.9060      2.5114      3.6285
     5.248E+08      64      28      0.3689      0.9055      2.5113      3.6280
     5.370E+08      64      28      0.3688      0.9050      2.5112      3.6275
     5.495E+08      64      28      0.3688      0.9046      2.5112      3.6270
     5.623E+08      64      28      0.3687      0.9041      2.5111      3.6265
     5.754E+08      64      28      0.3687      0.9037      2.5110      3.6261
     5.888E+08      64      28      0.3686      0.9032      2.5110      3.6256
     6.026E+08      64      28      0.3686      0.9028      2.5109      3.6251
     6.166E+08      64      28      0.3685      0.9023      2.5108      3.6247
     6.310E+08      64      28      0.3685      0.9019      2.5108      3.6242
     6.457E+08      64      28      0.3684      0.9015      2.5107      3.6237
     6.607E+08      64      28      0.3684      0.9010      2.5106      3.6233
     6.761E+08      64      28      0.3683      0.9006      2.5106      3.6228
     6.918E+08      64      28      0.3683      0.9001      2.5105      3.6223
     7.079E+08      64      28      0.3682      0.8997      2.5104      3.6218
     7.244E+08      64      28      0.3682      0.8992      2.5104      3.6214
     7.413E+08      64      28      0.3681      0.8988      2.5103      3.6209
     7.586E+08      64      28      0.3681      0.8983      2.5103      3.6204
     7.762E+08      64      28      0.3680      0.8979      2.5102      3.6200
     7.943E+08      64      28      0.3680      0.8975      2.5101      3.6195
     8.128E+08      64      28      0.3679      0.8970      2.5101      3.6190
     8.318E+08      64      28      0.3679      0.8966      2.5100      3.6186
     8.511E+08      64      28      0.3679      0.8962      2.5099      3.6181
     8.710E+08      64      28      0.3678      0.8958      2.5099      3.6177
     8.913E+08      64      28      0.3678      0.8954      2.5098      3.6172
     9.120E+08      64      28      0.3677      0.8950      2.5098      3.6168
     9.333E+08      64      28      0.3677      0.8946      2.5097      3.6164
     9.550E+08      64      28      0.3677      0.8942      2.5097      3.6159
     9.772E+08      64      28      0.3676      0.8938      2.5096      3.6155
     1.000E+09      64      28      0.3676      0.8934      2.5096      3.6150
     1.023E+09      64      28      0.3675      0.8931      2.5095      3.6146
     1.047E+09      64      28      0.3672      0.8927      2.5098      3.6155
     1.072E+09      64      28      0.3641      0.8932      2.5128      3.6307
     1.096E+09      64      28      0.3610      0.8937      2.5158      3.6459
     1.122E+09      64      28      0.3578      0.8942      2.5188      3.6610
     1.148E+09      64      28      0.3547      0.8947      2.5219      3.6762
     1.175E+09      64      28      0.3516      0.8951      2.5249      3.6914
     1.202E+09      64      28      0.3485      0.8956      2.5279      3.7066
     1.230E+09      64      28      0.3453      0.8961      2.5309      3.7217
     1.259E+09      64      28      0.3422      0.8966      2.5340      3.7369
     1.288E+09      64      28      0.3391      0.8971      2.5370      3.7521
     1.318E+09      84      34      0.3362      0.8975      2.5398      3.7661
     1.349E+09      84      34      0.3362      0.8972      2.5397      3.7657
     1.380E+09      84      34      0.3361      0.8968      2.5397      3.7653
     1.413E+09      84      34      0.3361      0.8965      2.5396      3.7650
     1.445E+09      84      34      0.3361      0.8962      2.5396      3.7646
     1.479E+09      84      34      0.3360      0.8959      2.5395      3.7642
     1.514E+09      84      34      0.3360      0.8956      2.5395      3.7639
     1.549E+09      84      34      0.3360      0.8952      2.5394      3.7635
     1.585E+09      84      34      0.3360      0.8949      2.5394      3.7631
     1.622E+09      84      34      0.3359      0.8946      2.5393      3.7627
     1.660E+09      84      34      0.3359      0.8943      2.5393      3.7624
     1.698E+09      84      34      0.3359      0.8940      2.5392      3.7620
     1.738E+09      84      34      0.3358      0.8937      2.5392      3.7616
     1.778E+09      84      34      0.3358      0.8933      2.5391      3.7613
     1.820E+09      84      34      0.3358      0.8930      2.5391      3.7609
     1.862E+09      84      34      0.3357      0.8927      2.5390      3.7605
     1.905E+09      84      34      0.3357      0.8924      2.5390      3.7602
     1.950E+09      84      34      0.3357      0.8921      2.5389      3.7598
     1.995E+09      84      34      0.3357      0.8918      2.5389      3.7594
     2.042E+09      84      34      0.3356      0.8915      2.5388      3.7590
     2.089E+09      84      34      0.3356      0.8912      2.5387      3.7587
     2.138E+09      84      34      0.3356      0.8909      2.5387      3.7583
     2.188E+09      84      34      0.3355      0.8906      2.5386      3.7579
     2.239E+09      84      34      0.3355      0.8902      2.5386      3.7576
     2.291E+09      84      34      0.3355      0.8899      2.5385      3.7572
     2.344E+09      84      34      0.3354      0.8896      2.5385      3.7568
     2.399E+09      84      34      0.3354      0.8893      2.5384      3.7565
     2.455E+09      84      34      0.3354      0.8890      2.5384      3.7561
     2.512E+09      84      34      0.3354      0.8887      2.5383      3.7557
     2.570E+09      84      34      0.3353      0.8884      2.5383      3.7553
     2.630E+09      84      34      0.3353      0.8881      2.5382      3.7550
     2.692E+09      84      34      0.3353      0.8878      2.5381      3.7546
     2.754E+09      84      34      0.3352      0.8875      2.5381      3.7542
     2.818E+09      84      34      0.3352      0.8872      2.5380      3.7538
     2.884E+09      84      34      0.3352      0.8869      2.5379      3.7534
     2.951E+09      84      34      0.3351      0.8866      2.5379      3.7530
     3.020E+09      84      34      0.3351      0.8863      2.5378      3.7526
     3.090E+09      84      34      0.3351      0.8859      2.5377      3.7522
     3.162E+09      84      34      0.3351      0.8856      2.5377      3.7518
     3.236E+09      84      34      0.3350      0.8853      2.5376      3.7514
     3.311E+09      84      34      0.3350      0.8850      2.5375      3.7510
     3.388E+09      84      34      0.3350      0.8847      2.5375      3.7506
     3.467E+09      84      34      0.3349      0.8844      2.5374      3.7502
     3.548E+09      84      34      0.3349      0.8841      2.5374      3.7498
     3.631E+09      84      34      0.3349      0.8838      2.5373      3.7494
     3.715E+09      84      34      0.3348      0.8835      2.5372      3.7490
     3.802E+09      84      34      0.3348      0.8832      2.5372      3.7486
     3.890E+09      84      34      0.3348      0.8829      2.5371      3.7482
     3.981E+09      84      34      0.3348      0.8826      2.5370      3.7478
     4.074E+09      84      34      0.3347      0.8823      2.5370      3.7474
     4.169E+09      84      34      0.3347      0.8820      2.5369      3.7470
     4.266E+09      84      34      0.3347      0.8817      2.5368      3.7465
     4.365E+09      84      34      0.3346      0.8813      2.5367      3.7461
     4.467E+09      84      34      0.3346      0.8810      2.5366      3.7457
     4.571E+09      84      34      0.3346      0.8807      2.5366      3.7452
     4.677E+09      84      34      0.3345      0.8804      2.5365      3.7448
     4.786E+09      84      34      0.3345      0.8801      2.5364      3.7443
     4.898E+09      84      34      0.3345      0.8797      2.5363      3.7439
     5.012E+09      84      34      0.3344      0.8794      2.5362      3.7435
     5.129E+09      84      34      0.3344      0.8791      2.5361      3.7430
     5.248E+09      84      34      0.3343      0.8788      2.5360      3.7426
     5.370E+09      84      34      0.3343      0.8785      2.5360      3.7421
     5.495E+09      84      34      0.3343      0.8781      2.5359      3.7417
     5.623E+09      84      34      0.3342      0.8778      2.5358      3.7413
     5.754E+09      84      34      0.3342      0.8775      2.5357      3.7408
     5.888E+09      84      34      0.3342      0.8772      2.5356      3.7404
     6.026E+09      84      34      0.3341      0.8769      2.5355      3.7399
     6.166E+09      84      34      0.3341      0.8765      2.5355      3.7395
     6.310E+09      84      34      0.3341      0.8762      2.5354      3.7391
     6.457E+09      84      34      0.3340      0.8759      2.5353      3.7386
     6.607E+09      84      34      0.3340      0.8756      2.5352      3.7380
     6.761E+09      84      34      0.3350      0.8751      2.5342      3.7328
     6.918E+09      84      34      0.3359      0.8747      2.5332      3.7277
     7.079E+09      84      34      0.3368      0.8742      2.5322      3.7226
     7.244E+09      84      34      0.3377      0.8737      2.5313      3.7175
     7.413E+09      84      34      0.3386      0.8733      2.5303      3.7123
     7.586E+09      84      34      0.3395      0.8728      2.5293      3.7072
     7.762E+09      84      34      0.3404      0.8724      2.5284      3.7021
     7.943E+09      84      34      0.3413      0.8719      2.5274      3.6970
     8.128E+09      84      34      0.3422      0.8714      2.5264      3.6918
     8.318E+09      82      32      0.3431      0.8710      2.5255      3.6869
     8.511E+09      82      32      0.3431      0.8706      2.5254      3.6863
     8.710E+09      82      32      0.3430      0.8703      2.5252      3.6858
     8.913E+09      82      32      0.3430      0.8699      2.5251      3.6853
     9.120E+09      82      32      0.3429      0.8695      2.5250      3.6847
     9.333E+09      82      32      0.3429      0.8692      2.5248      3.6842
     9.550E+09      82      32      0.3429      0.8688      2.5247      3.6836
     9.772E+09      82      32      0.3428      0.8685      2.5246      3.6831
     1.000E+10      82      32      0.3428      0.8681      2.5245      3.6826
     1.023E+10      82      32      0.3427      0.8677      2.5243      3.6820
     1.047E+10      82      32      0.3427      0.8674      2.5242      3.6815
     1.072E+10      82      32      0.3426      0.8670      2.5241      3.6809
     1.096E+10      82      32      0.3426      0.8666      2.5239      3.6803
     1.122E+10      82      32      0.3425      0.8662      2.5238      3.6797
     1.148E+10      82      32      0.3425      0.8658      2.5236      3.6791
     1.175E+10      82      32      0.3424      0.8654      2.5235      3.6785
     1.202E+10      82      32      0.3424      0.8651      2.5234      3.6779
     1.230E+10      82      32      0.3423      0.8647      2.5232      3.6774
     1.259E+10      82      32      0.3423      0.8643      2.5231      3.6768
     1.288E+10      82      32      0.3422      0.8639      2.5229      3.6762
     1.318E+10      82      32      0.3422      0.8635      2.5228      3.6756
     1.349E+10      82      32      0.3421      0.8631      2.5226      3.6750
     1.380E+10      82      32      0.3421      0.8627      2.5225      3.6743
     1.413E+10      82      32      0.3420      0.8623      2.5223      3.6737
     1.445E+10      82      32      0.3420      0.8619      2.5222      3.6730
     1.479E+10      82      32      0.3419      0.8614      2.5220      3.6724
     1.514E+10      82      32      0.3419      0.8610      2.5218      3.6718
     1.549E+10      82      32      0.3418      0.8606      2.5217      3.6711
     1.585E+10      82      32      0.3418      0.8602      2.5215      3.6705
     1.622E+10      82      32      0.3417      0.8598      2.5214      3.6698
     1.660E+10      82      32      0.3417      0.8594      2.5212      3.6692
     1.698E+10      82      32      0.3416      0.8589      2.5210      3.6685
     1.738E+10      82      32      0.3416      0.8585      2.5208      3.6678
     1.778E+10      82      32      0.3415      0.8580      2.5207      3.6671
     1.820E+10      82      32      0.3415      0.8576      2.5205      3.6664
     1.862E+10      82      32      0.3414      0.8571      2.5203      3.6657
     1.905E+10      82      32      0.3413      0.8567      2.5201      3.6650
     1.950E+10      82      32      0.3413      0.8563      2.5199      3.6643
     1.995E+10      82      32      0.3412      0.8558      2.5198      3.6636
     2.042E+10      82      32      0.3412      0.8554      2.5196      3.6629
     2.089E+10      82      32      0.3411      0.8549      2.5194      3.6622
     2.138E+10      82      32      0.3420      0.8542      2.5182      3.6565
     2.188E+10      82      32      0.3430      0.8536      2.5169      3.6506
     2.239E+10      82      32      0.3439      0.8529      2.5157      3.6448
     2.291E+10      82      32      0.3449      0.8523      2.5144      3.6390
     2.344E+10      82      32      0.3458      0.8516      2.5132      3.6332
     2.399E+10      82      32      0.3467      0.8509      2.5120      3.6274
     2.455E+10      82      32      0.3477      0.8503      2.5107      3.6215
     2.512E+10      82      32      0.3486      0.8496      2.5095      3.6157
     2.570E+10      82      32      0.3496      0.8490      2.5082      3.6099
     2.630E+10      80      30      0.3505      0.8483      2.5070      3.6041
     2.692E+10      80      30      0.3504      0.8478      2.5067      3.6032
     2.754E+10      80      30      0.3503      0.8472      2.5065      3.6024
     2.818E+10      80      30      0.3503      0.8467      2.5062      3.6015
     2.884E+10      80      30      0.3502      0.8461      2.5060      3.6007
     2.951E+10      80      30      0.3501      0.8456      2.5058      3.5999
     3.020E+10      80      30      0.3500      0.8451      2.5055      3.5990
     3.090E+10      80      30      0.3499      0.8445      2.5053      3.5982
     3.162E+10      80      30      0.3499      0.8440      2.5050      3.5973
     3.236E+10      80      30      0.3498      0.8434      2.5048      3.5965
     3.311E+10      80      30      0.3497      0.8429      2.5045      3.5956
     3.388E+10      80      30      0.3496      0.8423      2.5042      3.5947
     3.467E+10      80      30      0.3495      0.8417      2.5039      3.5937
     3.548E+10      80      30      0.3494      0.8412      2.5036      3.5928
     3.631E+10      80      30      0.3493      0.8406      2.5033      3.5919
     3.715E+10      80      30      0.3493      0.8400      2.5031      3.5909
     3.802E+10      80      30      0.3492      0.8394      2.5028      3.5900
     3.890E+10      80      30      0.3491      0.8389      2.5025      3.5890
     3.981E+10      80      30      0.3490      0.8383      2.5022      3.5881
     4.074E+10      80      30      0.3489      0.8377      2.5019      3.5872
     4.169E+10      80      30      0.3488      0.8371      2.5016      3.5862
     4.266E+10      80      30      0.3497      0.8363      2.5001      3.5799
     4.365E+10      80      30      0.3507      0.8354      2.4986      3.5734
     4.467E+10      80      30      0.3517      0.8346      2.4971      3.5669
     4.571E+10      80      30      0.3527      0.8337      2.4955      3.5604
     4.677E+10      80      30      0.3536      0.8329      2.4940      3.5540
     4.786E+10      80      30      0.3546      0.8320      2.4925      3.5475
     4.898E+10      80      30      0.3556      0.8312      2.4909      3.5410
     5.012E+10      80      30      0.3565      0.8303      2.4894      3.5345
     5.129E+10      80      30      0.3575      0.8295      2.4879      3.5280
     5.248E+10      80      30      0.3585      0.8286      2.4864      3.5216
     5.370E+10      78      28      0.3584      0.8279      2.4859      3.5202
     5.495E+10      78      28      0.3583      0.8272      2.4856      3.5191
     5.623E+10      78      28      0.3581      0.8265      2.4852      3.5179
     5.754E+10      78      28      0.3580      0.8258      2.4848      3.5168
     5.888E+10      78      28      0.3579      0.8251      2.4844      3.5156
     6.026E+10      78      28      0.3578      0.8244      2.4840      3.5145
     6.166E+10      78      28      0.3577      0.8237      2.4837      3.5133
     6.310E+10      78      28      0.3575      0.8230      2.4833      3.5122
     6.457E+10      78      28      0.3574      0.8223      2.4829      3.5110
     6.607E+10      78      28      0.3573      0.8216      2.4825      3.5099
     6.761E+10      78      28      0.3572      0.8209      2.4821      3.5086
     6.918E+10      78      28      0.3570      0.8201      2.4816      3.5073
     7.079E+10      78      28      0.3569      0.8193      2.4812      3.5061
     7.244E+10      78      28      0.3567      0.8186      2.4808      3.5048
     7.413E+10      78      28      0.3566      0.8178      2.4803      3.5035
     7.586E+10      78      28      0.3564      0.8170      2.4799      3.5023
     7.762E+10      78      28      0.3563      0.8163      2.4794      3.5010
     7.943E+10      78      28      0.3561      0.8155      2.4790      3.4997
     8.128E+10      78      28      0.3560      0.8147      2.4786      3.4985
     8.318E+10      78      28      0.3558      0.8140      2.4781      3.4972
     8.511E+10      78      28      0.3557      0.8131      2.4776      3.4958
     8.710E+10      78      28      0.3555      0.8123      2.4771      3.4944
     8.913E+10      78      28      0.3553      0.8114      2.4766      3.4929
     9.120E+10      78      28      0.3552      0.8106      2.4761      3.4915
     9.333E+10      78      28      0.3550      0.8097      2.4756      3.4901
     9.550E+10      78      28      0.3549      0.8089      2.4751      3.4887
     9.772E+10      78      28      0.3547      0.8080      2.4746      3.4873
     1.000E+11      78      28      0.3545      0.8072      2.4741      3.4858
     1.023E+11      78      28      0.3544      0.8063      2.4735      3.4844
     1.047E+11      78      28      0.3542      0.8055      2.4730      3.4830
     1.072E+11      78      28      0.3706      0.8045      2.4725      3.4814
     1.096E+11      78      28      0.3883      0.8036      2.4719      3.4799
     1.122E+11      78      28      0.4060      0.8027      2.4713      3.4783
     1.148E+11      78      28      0.4237      0.8017      2.4707      3.4767
     1.175E+11      78      28      0.4415      0.8008      2.4701      3.4751
     1.202E+11      78      28      0.4592      0.7999      2.4695      3.4735
     1.230E+11      78      28      0.4769      0.7989      2.4689      3.4719
     1.259E+11      78      28      0.4947      0.7980      2.4683      3.4704
     1.288E+11      78      28      0.5124      0.7971      2.4678      3.4688
     1.318E+11      78      28      0.5301      0.7961      2.4672      3.4672
     1.349E+11      78      28      0.5165      0.7949      2.4652      3.4600
     1.380E+11      78      28      0.4985      0.7936      2.4630      3.4520
     1.413E+11      78      28      0.4804      0.7923      2.4608      3.4440
     1.445E+11      78      28      0.4624      0.7910      2.4586      3.4360
     1.479E+11      78      28      0.4444      0.7897      2.4564      3.4280
     1.514E+11      78      28      0.4263      0.7884      2.4542      3.4199
     1.549E+11      78      28      0.4083      0.7871      2.4520      3.4119
     1.585E+11      78      28      0.3903      0.7858      2.4498      3.4039
     1.622E+11      78      28      0.3722      0.7845      2.4476      3.3959
     1.660E+11      76      26      0.3555      0.7844      2.4513      3.4211
     1.698E+11      76      26      0.3407      0.7861      2.4637      3.4940
     1.738E+11      76      26      0.3259      0.7879      2.4760      3.5668
     1.778E+11      76      26      0.3111      0.7896      2.4883      3.6397
     1.820E+11      76      26      0.2962      0.7913      2.5006      3.7126
     1.862E+11     124      42      0.2881      0.7918      2.5070      3.7512
     1.905E+11     124      42      0.2892      0.7907      2.5055      3.7431
     1.950E+11     124      42      0.2903      0.7896      2.5040      3.7349
     1.995E+11     124      42      0.2913      0.7885      2.5024      3.7268
     2.042E+11     124      42      0.2924      0.7874      2.5009      3.7187
     2.089E+11     124      42      0.2935      0.7864      2.4993      3.7106
     2.138E+11     122      40      0.2934      0.7850      2.4983      3.7074
     2.188E+11     122      40      0.2931      0.7835      2.4973      3.7049
     2.239E+11     122      40      0.2929      0.7821      2.4963      3.7024
     2.291E+11     122      40      0.2926      0.7807      2.4953      3.6999
     2.344E+11     122      40      0.2923      0.7792      2.4943      3.6974
     2.399E+11     122      40      0.2921      0.7778      2.4934      3.6949
     2.455E+11     122      40      0.2918      0.7763      2.4924      3.6924
     2.512E+11     122      40      0.2916      0.7749      2.4914      3.6899
     2.570E+11     122      40      0.2913      0.7735      2.4904      3.6874
     2.630E+11     122      40      0.2910      0.7720      2.4895      3.6849
     2.692E+11     122      40      0.2914      0.7706      2.4880      3.6793
     2.754E+11     122      40      0.2918      0.7692      2.4864      3.6732
     2.818E+11     122      40      0.2923      0.7677      2.4849      3.6670
     2.884E+11     122      40      0.2927      0.7663      2.4833      3.6608
     2.951E+11     122      40      0.2932      0.7649      2.4817      3.6546
     3.020E+11     122      40      0.2936      0.7635      2.4801      3.6485
     3.090E+11     122      40      0.2941      0.7620      2.4786      3.6423
     3.162E+11     122      40      0.2945      0.7606      2.4770      3.6361
     3.236E+11     122      40      0.2950      0.7592      2.4754      3.6300
     3.311E+11     122      40      0.2954      0.7578      2.4739      3.6238
     3.388E+11     120      38      0.2959      0.7562      2.4721      3.6172
     3.467E+11     120      38      0.2963      0.7547      2.4703      3.6106
     3.548E+11     120      38      0.2968      0.7531      2.4685      3.6040
     3.631E+11     120      38      0.2972      0.7516      2.4667      3.5973
     3.715E+11     120      38      0.2977      0.7500      2.4648      3.5907
     3.802E+11     120      38      0.2981      0.7484      2.4630      3.5840
     3.890E+11     120      38      0.2986      0.7469      2.4612      3.5774
     3.981E+11     120      38      0.2990      0.7453      2.4594      3.5707
     4.074E+11     120      38      0.2995      0.7438      2.4576      3.5641
     4.169E+11     120      38      0.2999      0.7422      2.4558      3.5574
     4.266E+11     118      36      0.2996      0.7404      2.4543      3.5535
     4.365E+11     118      36      0.2965      0.7411      2.4562      3.5700
     4.467E+11     118      36      0.2920      0.7431      2.4598      3.5966
     4.571E+11     118      36      0.2874      0.7450      2.4634      3.6231
     4.677E+11     180      40      0.2846      0.7456      2.4652      3.6382
     4.786E+11     180      40      0.2843      0.7442      2.4641      3.6356
     4.898E+11     180      40      0.2840      0.7428      2.4630      3.6330
     5.012E+11     180      40      0.2837      0.7414      2.4620      3.6305
     5.129E+11     180      40      0.2835      0.7400      2.4609      3.6279
     5.248E+11     180      40      0.2832      0.7385      2.4598      3.6253
     5.370E+11     180      40      0.2829      0.7371      2.4587      3.6228
     5.495E+11     180      40      0.2826      0.7357      2.4577      3.6202
     5.623E+11     180      40      0.2823      0.7343      2.4566      3.6176
     5.754E+11     180      40      0.2821      0.7329      2.4555      3.6150
     5.888E+11     180      40      0.2818      0.7314      2.4544      3.6125
     6.026E+11     180      40      0.2815      0.7300      2.4534      3.6099
     6.166E+11     180      40      0.2812      0.7286      2.4523      3.6073
     6.310E+11     180      40      0.2809      0.7272      2.4512      3.6048
     6.457E+11     180      40      0.2806      0.7258      2.4501      3.6022
     6.607E+11     180      40      0.2804      0.7243      2.4491      3.5996
     6.761E+11     200      40      0.2801      0.7232      2.4482      3.5976
     6.918E+11     200      40      0.2800      0.7223      2.4474      3.5958
     7.079E+11     200      40      0.2798      0.7213      2.4467      3.5939
     7.244E+11     200      40      0.2796      0.7203      2.4459      3.5921
     7.413E+11     200      40      0.2794      0.7193      2.4451      3.5903
     7.586E+11     200      40      0.2792      0.7183      2.4443      3.5884
     7.762E+11     200      40      0.2790      0.7173      2.4435      3.5866
     7.943E+11     200      40      0.2788      0.7163      2.4428      3.5848
     8.128E+11     200      40      0.2786      0.7153      2.4420      3.5829
     8.318E+11     200      40      0.2784      0.7143      2.4412      3.5811
     8.511E+11     200      40      0.2782      0.7133      2.4404      3.5793
     8.710E+11     200      40      0.2780      0.7123      2.4397      3.5774
     8.913E+11     200      40      0.2778      0.7113      2.4389      3.5756
     9.120E+11     200      40      0.2776      0.7103      2.4381      3.5738
     9.333E+11     200      40      0.2774      0.7093      2.4373      3.5719
     9.550E+11     200      40      0.2772      0.7083      2.4365      3.5701
     9.772E+11     200      40      0.2770      0.7073      2.4358      3.5683
     1.000E+12     250      40      0.2768      0.7064      2.4350      3.5665
     1.023E+12     250      40      0.2766      0.7055      2.4343      3.5649
     1.047E+12     250      40      0.2764      0.7047      2.4336      3.5633
     1.072E+12     250      40      0.2762      0.7038      2.4330      3.5617
     1.096E+12     250      40      0.2761      0.7030      2.4323      3.5602
     1.122E+12     250      40      0.2759      0.7022      2.4316      3.5586
     1.148E+12     250      40      0.2757      0.7013      2.4309      3.5570
     1.175E+12     250      40      0.2756      0.7005      2.4303      3.5555
     1.202E+12     250      40      0.2754      0.6996      2.4296      3.5539
     1.230E+12     250      40      0.2752      0.6988      2.4289      3.5523
     1.259E+12     250      40      0.2750      0.6979      2.4282      3.5507
     1.288E+12     250      40      0.2749      0.6971      2.4276      3.5492
     1.318E+12     250      40      0.2747      0.6962      2.4269      3.5476
     1.349E+12     250      40      0.2745      0.6954      2.4262      3.5460
     1.380E+12     250      40      0.2743      0.6946      2.4255      3.5444
     1.413E+12     250      40      0.2742      0.6937      2.4249      3.5429
     1.445E+12     250      40      0.2740      0.6929      2.4242      3.5413
     1.479E+12     320      40      0.2738      0.6921      2.4236      3.5399
     1.514E+12     320      40      0.2737      0.6915      2.4231      3.5387
     1.549E+12     320      40      0.2736      0.6909      2.4226      3.5376
     1.585E+12     320      40      0.2734      0.6903      2.4221      3.5364
     1.622E+12     320      40      0.2733      0.6897      2.4216      3.5352
     1.660E+12     320      40      0.2732      0.6890      2.4210      3.5340
     1.698E+12     320      40      0.2730      0.6884      2.4205      3.5328
     1.738E+12     320      40      0.2729      0.6878      2.4200      3.5316
     1.778E+12     320      40      0.2728      0.6872      2.4195      3.5304
     1.820E+12     320      40      0.2726      0.6866      2.4190      3.5292
     1.862E+12     320      40      0.2725      0.6859      2.4185      3.5280
     1.905E+12     320      40      0.2724      0.6853      2.4180      3.5269
     1.950E+12     320      40      0.2722      0.6847      2.4175      3.5257
     1.995E+12     320      40      0.2721      0.6841      2.4169      3.5245
     2.042E+12     320      40      0.2720      0.6834      2.4164      3.5233
     2.089E+12     320      40      0.2718      0.6828      2.4159      3.5221
     2.138E+12     320      40      0.2717      0.6822      2.4154      3.5209
     2.188E+12     320      40      0.2716      0.6816      2.4149      3.5197
     2.239E+12     320      40      0.2714      0.6810      2.4144      3.5185
     2.291E+12     320      40      0.2713      0.6803      2.4139      3.5173
     2.344E+12     320      40      0.2712      0.6797      2.4134      3.5162
     2.399E+12     320      40      0.2711      0.6791      2.4128      3.5150
     2.455E+12     320      40      0.2709      0.6785      2.4123      3.5138
     2.512E+12     320      40      0.2708      0.6779      2.4118      3.5126
     2.570E+12     320      40      0.2707      0.6772      2.4113      3.5114
     2.630E+12     320      40      0.2705      0.6766      2.4108      3.5102
     2.692E+12     500      40      0.2696      0.6748      2.4098      3.5100
     2.754E+12     500      40      0.2685      0.6728      2.4087      3.5101
     2.818E+12     500      40      0.2673      0.6707      2.4076      3.5101
     2.884E+12     500      40      0.2662      0.6686      2.4065      3.5102
     2.951E+12     500      40      0.2651      0.6666      2.4055      3.5102
     3.020E+12     500      40      0.2640      0.6645      2.4044      3.5103
     3.090E+12     500      40      0.2629      0.6625      2.4033      3.5103
     3.162E+12     500      40      0.2617      0.6604      2.4022      3.5104
     3.236E+12     500      40      0.2606      0.6584      2.4011      3.5104
     3.311E+12     500      40      0.2595      0.6563      2.4000      3.5105
     3.388E+12     500      40      0.2584      0.6543      2.3989      3.5105
     3.467E+12     500      40      0.2573      0.6522      2.3978      3.5105
     3.548E+12     500      40      0.2561      0.6502      2.3967      3.5106
     3.631E+12     500      40      0.2550      0.6481      2.3957      3.5106
     3.715E+12     500      40      0.2539      0.6460      2.3946      3.5107
     3.802E+12     500      40      0.2528      0.6440      2.3935      3.5107
     3.890E+12     500      40      0.2516      0.6419      2.3924      3.5108
     3.981E+12     500      40      0.2505      0.6399      2.3913      3.5108
     4.074E+12     500      40      0.2494      0.6378      2.3902      3.5109
     4.169E+12     500      40      0.2483      0.6358      2.3891      3.5109
     4.266E+12     500      40      0.2472      0.6337      2.3880      3.5110
     4.365E+12     500      40      0.2460      0.6317      2.3870      3.5110
     4.467E+12     500      40      0.2449      0.6296      2.3859      3.5110
     4.571E+12     500      40      0.2438      0.6275      2.3848      3.5111
     4.677E+12     500      40      0.2427      0.6255      2.3837      3.5111
     4.786E+12     500      40      0.2416      0.6234      2.3826      3.5112
     4.898E+12     500      40      0.2404      0.6214      2.3815      3.5112
     5.012E+12     500      40      0.2393      0.6193      2.3804      3.5113
     5.129E+12     500      40      0.2382      0.6173      2.3793      3.5113
     5.248E+12     500      40      0.2371      0.6152      2.3782      3.5114
     5.370E+12     500      40      0.2360      0.6132      2.3772      3.5114
     5.495E+12     500      40      0.2348      0.6111      2.3761      3.5115
     5.623E+12     500      40      0.2337      0.6091      2.3750      3.5115
     5.754E+12     500      40      0.2326      0.6070      2.3739      3.5116
     5.888E+12     500      40      0.2315      0.6049      2.3728      3.5116
     6.026E+12     500      40      0.2304      0.6029      2.3717      3.5116
     6.166E+12     500      40      0.2292      0.6008      2.3706      3.5117
     6.310E+12     950      50      0.2286      0.5986      2.3687      3.5078
     6.457E+12     950      50      0.2282      0.5963      2.3666      3.5028
     6.607E+12     950      50      0.2277      0.5940      2.3645      3.4979
     6.761E+12     950      50      0.2273      0.5917      2.3624      3.4929
     6.918E+12     950      50      0.2269      0.5894      2.3603      3.4879
     7.079E+12     950      50      0.2264      0.5870      2.3582      3.4830
     7.244E+12     950      50      0.2260      0.5847      2.3561      3.4780
     7.413E+12     950      50      0.2255      0.5824      2.3540      3.4731
     7.586E+12     950      50      0.2251      0.5801      2.3519      3.4681
     7.762E+12     950      50      0.2246      0.5778      2.3498      3.4631
     7.943E+12     950      50      0.2242      0.5755      2.3477      3.4582
     8.128E+12     950      50      0.2237      0.5732      2.3456      3.4532
     8.318E+12     950      50      0.2233      0.5709      2.3435      3.4483
     8.511E+12     950      50      0.2228      0.5686      2.3414      3.4433
     8.710E+12     950      50      0.2224      0.5663      2.3393      3.4383
     8.913E+12     950      50      0.2219      0.5640      2.3372      3.4334
     9.120E+12     950      50      0.2215      0.5617      2.3351      3.4284
     9.333E+12     950      50      0.2210      0.5594      2.3330      3.4235
     9.550E+12     950      50      0.2206      0.5571      2.3309      3.4185
     9.772E+12    1100      50      0.2202      0.5550      2.3290      3.4139
     1.000E+13    1100      50      0.2197      0.5531      2.3270      3.4095
     1.023E+13    1100      50      0.2193      0.5511      2.3251      3.4050
     1.047E+13    1100      50      0.2189      0.5491      2.3232      3.4006
     1.072E+13    1100      50      0.2185      0.5472      2.3213      3.3961
     1.096E+13    1100      50      0.2181      0.5452      2.3193      3.3916
     1.122E+13    1100      50      0.2177      0.5432      2.3174      3.3872
     1.148E+13    1100      50      0.2173      0.5413      2.3155      3.3827
     1.175E+13    1100      50      0.2169      0.5393      2.3135      3.3782
     1.202E+13    1100      50      0.2165      0.5373      2.3116      3.3738
     1.230E+13    1100      50      0.2161      0.5354      2.3097      3.3693
     1.259E+13    1100      50      0.2157      0.5334      2.3078      3.3649
     1.288E+13    1100      50      0.2153      0.5314      2.3058      3.3604
     1.318E+13    1100      50      0.2149      0.5295      2.3039      3.3559
     1.349E+13    1100      50      0.2144      0.5275      2.3020      3.3515
     1.380E+13    1100      50      0.2140      0.5256      2.3000      3.3470
     1.413E+13    1100      50      0.2136      0.5236      2.2981      3.3425
     1.445E+13    1100      50      0.2132      0.5216      2.2962      3.3381
     1.479E+13    1100      50      0.2128      0.5197      2.2943      3.3336
     1.514E+13    1350      50      0.2122      0.5171      2.2914      3.3272
     1.549E+13    1350      50      0.2117      0.5145      2.2884      3.3207
     1.585E+13    1350      50      0.2111      0.5119      2.2855      3.3143
     1.622E+13    1350      50      0.2105      0.5093      2.2826      3.3078
     1.660E+13    1350      50      0.2099      0.5068      2.2797      3.3013
     1.698E+13    1350      50      0.2093      0.5042      2.2768      3.2949
     1.738E+13    1350      50      0.2087      0.5016      2.2739      3.2884
     1.778E+13    1350      50      0.2082      0.4990      2.2710      3.2819
     1.820E+13    1350      50      0.2076      0.4964      2.2680      3.2755
     1.862E+13    1350      50      0.2070      0.4938      2.2651      3.2690
     1.905E+13    1350      50      0.2064      0.4913      2.2622      3.2625
     1.950E+13    1350      50      0.2058      0.4887      2.2593      3.2561
     1.995E+13    1350      50      0.2053      0.4861      2.2564      3.2496
     2.042E+13    1350      50      0.2047      0.4835      2.2535      3.2431
     2.089E+13    1350      50      0.2041      0.4809      2.2506      3.2367
     2.138E+13    1350      50      0.2035      0.4784      2.2476      3.2302
     2.188E+13    1350      50      0.2029      0.4758      2.2447      3.2237
     2.239E+13    1350      50      0.2023      0.4732      2.2418      3.2173
     2.291E+13    1350      50      0.2018      0.4706      2.2389      3.2108
     2.344E+13    1350      50      0.2012      0.4680      2.2360      3.2043
     2.399E+13    1350      50      0.2006      0.4654      2.2331      3.1979
     2.455E+13    1350      50      0.2000      0.4629      2.2302      3.1914
     2.512E+13    1350      50      0.1994      0.4603      2.2272      3.1850
     2.570E+13    1350      50      0.1989      0.4577      2.2243      3.1785
     2.630E+13    1350      50      0.1983      0.4551      2.2214      3.1720
     2.692E+13    1350      50      0.1977      0.4525      2.2185      3.1656
     2.754E+13    1350      50      0.1971      0.4500      2.2156      3.1591
     2.818E+13    1350      50      0.1965      0.4474      2.2127      3.1526
     2.884E+13    1350      50      0.1959      0.4448      2.2098      3.1462
     2.951E+13    1350      50      0.1954      0.4422      2.2068      3.1397
     3.020E+13    1350      50      0.1948      0.4396      2.2039      3.1332
     3.090E+13    1350      50      0.1942      0.4370      2.2010      3.1268
     3.162E+13    1350      50      0.1936      0.4345      2.1981      3.1203
     3.236E+13    1350      50      0.1930      0.4319      2.1952      3.1138
     3.311E+13    1350      50      0.1925      0.4293      2.1923      3.1074
     3.388E+13    1350      50      0.1919      0.4267      2.1894      3.1009
     3.467E+13    1800      50      0.1914      0.4238      2.1840      3.0888
     3.548E+13    1800      50      0.1910      0.4209      2.1782      3.0759
     3.631E+13    1800      50      0.1906      0.4179      2.1725      3.0630
     3.715E+13    1800      50      0.1901      0.4150      2.1667      3.0501
     3.802E+13    1800      50      0.1897      0.4120      2.1610      3.0372
     3.890E+13    1800      50      0.1893      0.4090      2.1553      3.0243
     3.981E+13    1800      50      0.1888      0.4061      2.1495      3.0114
     4.074E+13    1800      50      0.1884      0.4031      2.1438      2.9985
     4.169E+13    1800      50      0.1880      0.4002      2.1381      2.9856
     4.266E+13    1800      50      0.1876      0.3972      2.1323      2.9727
     4.365E+13    1800      50      0.1871      0.3943      2.1266      2.9598
     4.467E+13    1800      50      0.1867      0.3913      2.1208      2.9469
     4.571E+13    1800      50      0.1863      0.3884      2.1151      2.9340
     4.677E+13    1800      50      0.1858      0.3854      2.1094      2.9211
     4.786E+13    1800      50      0.1854      0.3825      2.1036      2.9082
     4.898E+13    1800      50      0.1850      0.3795      2.0979      2.8953
     5.012E+13    1800      50      0.1846      0.3766      2.0922      2.8824
     5.129E+13    1800      50      0.1841      0.3736      2.0864      2.8695
     5.248E+13    1800      50      0.1837      0.3707      2.0807      2.8566
     5.370E+13    1800      50      0.1833      0.3677      2.0749      2.8437
     5.495E+13    1800      50      0.1828      0.3648      2.0692      2.8308
     5.623E+13    1800      50      0.1824      0.3618      2.0635      2.8179
     5.754E+13    1800      50      0.1820      0.3589      2.0577      2.8050
     5.888E+13    1800      50      0.1816      0.3559      2.0520      2.7921
     6.026E+13    1800      50      0.1811      0.3530      2.0462      2.7792
     6.166E+13    1800      50      0.1807      0.3500      2.0405      2.7663
     6.310E+13    1800      50      0.1803      0.3470      2.0348      2.7534
     6.457E+13    1800      50      0.1798      0.3441      2.0290      2.7405
     6.607E+13    1800      50      0.1794      0.3411      2.0233      2.7276
     6.761E+13    1800      50      0.1790      0.3382      2.0176      2.7147
     6.918E+13    1800      50      0.1785      0.3352      2.0118      2.7018
     7.079E+13    1800      50      0.1781      0.3323      2.0061      2.6889
     7.244E+13    1800      50      0.1777      0.3293      2.0003      2.6761
     7.413E+13    1800      50      0.1773      0.3264      1.9946      2.6632
     7.586E+13    1800      50      0.1768      0.3234      1.9889      2.6503
     7.762E+13    1800      50      0.1764      0.3205      1.9831      2.6374
     7.943E+13    1500      40      0.1758      0.3173      1.9758      2.6221
     8.128E+13    1500      40      0.1748      0.3135      1.9646      2.6013
     8.318E+13    1500      40      0.1738      0.3097      1.9534      2.5805
     8.511E+13    1500      40      0.1728      0.3060      1.9422      2.5598
     8.710E+13    1500      40      0.1718      0.3022      1.9310      2.5390
     8.913E+13    1500      40      0.1708      0.2984      1.9198      2.5182
     9.120E+13    1500      40      0.1698      0.2946      1.9086      2.4974
     9.333E+13    1500      40      0.1688      0.2909      1.8974      2.4766
     9.550E+13    1500      40      0.1678      0.2871      1.8862      2.4558
     9.772E+13    1500      40      0.1668      0.2833      1.8750      2.4350
     1.000E+14    1500      40      0.1658      0.2796      1.8638      2.4142
     1.023E+14    1500      40      0.1648      0.2758      1.8526      2.3935
     1.047E+14    1500      40      0.1638      0.2720      1.8414      2.3727
     1.072E+14    1500      40      0.1628      0.2682      1.8303      2.3519
     1.096E+14    1500      40      0.1618      0.2645      1.8191      2.3311
     1.122E+14    1500      40      0.1608      0.2607      1.8079      2.3103
     1.148E+14    1500      40      0.1598      0.2569      1.7967      2.2895
     1.175E+14    1500      40      0.1588      0.2532      1.7855      2.2687
     1.202E+14    1500      40      0.1579      0.2494      1.7743      2.2480
     1.230E+14    1500      40      0.1569      0.2456      1.7631      2.2272
     1.259E+14    1500      40      0.1559      0.2418      1.7519      2.2064
     1.288E+14    1500      40      0.1549      0.2381      1.7407      2.1856
     1.318E+14     982      32      0.1539      0.2343      1.7295      2.1648
     1.349E+14     982      32      0.1529      0.2305      1.7183      2.1440
     1.380E+14     982      32      0.1519      0.2268      1.7071      2.1232
     1.413E+14     982      32      0.1509      0.2230      1.6959      2.1025
     1.445E+14     982      32      0.1499      0.2192      1.6847      2.0817
     1.479E+14     982      32      0.1489      0.2154      1.6736      2.0609
     1.514E+14     982      32      0.1479      0.2117      1.6624      2.0401
     1.549E+14     982      32      0.1469      0.2079      1.6512      2.0193
     1.585E+14     982      32      0.1459      0.2041      1.6400      1.9985
     1.622E+14     982      32      0.1449      0.2003      1.6288      1.9777
     1.660E+14     982      32      0.1439      0.1966      1.6176      1.9570
     1.698E+14     982      32      0.1429      0.1928      1.6064      1.9362
     1.738E+14     982      32      0.1419      0.1890      1.5952      1.9154
     1.778E+14     982      32      0.1409      0.1853      1.5840      1.8946
     1.820E+14     982      32      0.1399      0.1815      1.5728      1.8738
     1.862E+14     982      32      0.1389      0.1777      1.5616      1.8530
     1.905E+14     982      32      0.1379      0.1739      1.5504      1.8322
     1.950E+14     982      32      0.1369      0.1702      1.5392      1.8115
     1.995E+14     982      32      0.1359      0.1664      1.5280      1.7907
     2.042E+14     982      32      0.1349      0.1626      1.5168      1.7699
     2.089E+14     982      32      0.1339      0.1589      1.5057      1.7491
     2.138E+14     982      32      0.1329      0.1551      1.4945      1.7283
     2.188E+14     982      32      0.1319      0.1513      1.4833      1.7075
     2.239E+14     982      32      0.1309      0.1475      1.4721      1.6867
     2.291E+14     982      32      0.1299      0.1438      1.4609      1.6660
     2.344E+14     982      32      0.1289      0.1400      1.4497      1.6452
     2.399E+14     982      32      0.1279      0.1362      1.4385      1.6244
     2.455E+14     982      32      0.1269      0.1325      1.4273      1.6036
     2.512E+14     982      32      0.1259      0.1287      1.4161      1.5828
     2.570E+14     982      32      0.1249      0.1249      1.4049      1.5620
     2.630E+14     982      32      0.1239      0.1211      1.3937      1.5412
     2.692E+14     982      32      0.1229      0.1174      1.3825      1.5204
     2.754E+14     982      32      0.1219      0.1136      1.3713      1.4997
     2.818E+14     982      32      0.1209      0.1098      1.3601      1.4789
     2.884E+14     982      32      0.1200      0.1061      1.3489      1.4581
     2.951E+14     982      32      0.1190      0.1023      1.3378      1.4373
     3.020E+14     982      32      0.1180      0.0985      1.3266      1.4165
     3.090E+14     982      32      0.1170      0.0947      1.3154      1.3957
     3.162E+14     982      32      0.1160      0.0910      1.3042      1.3749
