 5 1000

       EOS file : /Users/dany/Work/NStar/eos/quark/strange_eos_06_130_100.dat 

    rhoc        rad    grav. mass   b. mass  red shift  % binding 

  1.863E-01  1.326E+00  1.397E-03  1.532E-03  9.984E-01  9.722E-02
  1.870E-01  2.041E+00  5.094E-03  5.596E-03  9.963E-01  9.864E-02
  1.876E-01  2.557E+00  1.004E-02  1.104E-02  9.942E-01  1.000E-01
  1.883E-01  2.982E+00  1.594E-02  1.756E-02  9.920E-01  1.015E-01
  1.889E-01  3.348E+00  2.260E-02  2.492E-02  9.899E-01  1.028E-01
  1.895E-01  3.674E+00  2.990E-02  3.302E-02  9.878E-01  1.042E-01
  1.902E-01  3.970E+00  3.778E-02  4.177E-02  9.858E-01  1.056E-01
  1.908E-01  4.243E+00  4.618E-02  5.113E-02  9.837E-01  1.070E-01
  1.915E-01  4.496E+00  5.501E-02  6.097E-02  9.817E-01  1.084E-01
  1.921E-01  4.733E+00  6.424E-02  7.129E-02  9.796E-01  1.097E-01
  1.928E-01  4.955E+00  7.384E-02  8.205E-02  9.776E-01  1.111E-01
  1.934E-01  5.167E+00  8.383E-02  9.325E-02  9.756E-01  1.124E-01
  1.941E-01  5.366E+00  9.406E-02  1.048E-01  9.736E-01  1.138E-01
  1.948E-01  5.557E+00  1.046E-01  1.166E-01  9.717E-01  1.151E-01
  1.954E-01  5.739E+00  1.153E-01  1.287E-01  9.697E-01  1.164E-01
  1.961E-01  5.913E+00  1.263E-01  1.412E-01  9.678E-01  1.177E-01
  1.968E-01  6.080E+00  1.376E-01  1.539E-01  9.658E-01  1.191E-01
  1.974E-01  6.242E+00  1.490E-01  1.669E-01  9.639E-01  1.204E-01
  1.981E-01  6.397E+00  1.607E-01  1.802E-01  9.620E-01  1.217E-01
  1.988E-01  6.547E+00  1.724E-01  1.936E-01  9.601E-01  1.230E-01
  1.995E-01  6.691E+00  1.843E-01  2.072E-01  9.583E-01  1.242E-01
  2.001E-01  6.830E+00  1.963E-01  2.210E-01  9.564E-01  1.255E-01
  2.008E-01  6.966E+00  2.086E-01  2.350E-01  9.545E-01  1.268E-01
  2.015E-01  7.098E+00  2.209E-01  2.492E-01  9.527E-01  1.281E-01
  2.022E-01  7.224E+00  2.333E-01  2.635E-01  9.509E-01  1.293E-01
  2.029E-01  7.348E+00  2.458E-01  2.779E-01  9.491E-01  1.306E-01
  2.036E-01  7.469E+00  2.585E-01  2.926E-01  9.472E-01  1.318E-01
  2.043E-01  7.585E+00  2.711E-01  3.072E-01  9.455E-01  1.331E-01
  2.050E-01  7.699E+00  2.840E-01  3.221E-01  9.437E-01  1.343E-01
  2.057E-01  7.810E+00  2.968E-01  3.370E-01  9.419E-01  1.355E-01
  2.064E-01  7.918E+00  3.097E-01  3.520E-01  9.402E-01  1.368E-01
  2.071E-01  8.023E+00  3.227E-01  3.673E-01  9.384E-01  1.380E-01
  2.078E-01  8.125E+00  3.356E-01  3.823E-01  9.367E-01  1.392E-01
  2.085E-01  8.227E+00  3.488E-01  3.978E-01  9.350E-01  1.404E-01
  2.092E-01  8.323E+00  3.618E-01  4.130E-01  9.333E-01  1.416E-01
  2.099E-01  8.420E+00  3.750E-01  4.286E-01  9.316E-01  1.428E-01
  2.106E-01  8.512E+00  3.880E-01  4.439E-01  9.299E-01  1.440E-01
  2.113E-01  8.604E+00  4.014E-01  4.596E-01  9.282E-01  1.452E-01
  2.121E-01  8.692E+00  4.144E-01  4.750E-01  9.266E-01  1.463E-01
  2.128E-01  8.781E+00  4.278E-01  4.909E-01  9.249E-01  1.475E-01
  2.135E-01  8.865E+00  4.408E-01  5.063E-01  9.233E-01  1.486E-01
  2.142E-01  8.949E+00  4.542E-01  5.222E-01  9.216E-01  1.498E-01
  2.150E-01  9.031E+00  4.673E-01  5.378E-01  9.200E-01  1.510E-01
  2.157E-01  9.111E+00  4.805E-01  5.536E-01  9.184E-01  1.521E-01
  2.164E-01  9.189E+00  4.938E-01  5.694E-01  9.168E-01  1.532E-01
  2.172E-01  9.266E+00  5.069E-01  5.852E-01  9.152E-01  1.544E-01
  2.179E-01  9.342E+00  5.203E-01  6.012E-01  9.136E-01  1.555E-01
  2.186E-01  9.415E+00  5.333E-01  6.168E-01  9.121E-01  1.566E-01
  2.194E-01  9.488E+00  5.466E-01  6.328E-01  9.105E-01  1.577E-01
  2.201E-01  9.559E+00  5.597E-01  6.486E-01  9.090E-01  1.588E-01
  2.209E-01  9.628E+00  5.728E-01  6.644E-01  9.074E-01  1.599E-01
  2.216E-01  9.698E+00  5.861E-01  6.804E-01  9.059E-01  1.611E-01
  2.224E-01  9.764E+00  5.990E-01  6.961E-01  9.044E-01  1.621E-01
  2.232E-01  9.830E+00  6.121E-01  7.120E-01  9.029E-01  1.632E-01
  2.239E-01  9.895E+00  6.252E-01  7.279E-01  9.014E-01  1.643E-01
  2.247E-01  9.958E+00  6.380E-01  7.436E-01  8.999E-01  1.654E-01
  2.254E-01  1.002E+01  6.511E-01  7.595E-01  8.984E-01  1.665E-01
  2.262E-01  1.008E+01  6.640E-01  7.753E-01  8.969E-01  1.675E-01
  2.270E-01  1.014E+01  6.768E-01  7.909E-01  8.955E-01  1.686E-01
  2.278E-01  1.020E+01  6.898E-01  8.068E-01  8.940E-01  1.696E-01
  2.285E-01  1.026E+01  7.026E-01  8.225E-01  8.926E-01  1.707E-01
  2.293E-01  1.031E+01  7.153E-01  8.381E-01  8.912E-01  1.717E-01
  2.301E-01  1.037E+01  7.281E-01  8.539E-01  8.897E-01  1.728E-01
  2.309E-01  1.043E+01  7.408E-01  8.696E-01  8.883E-01  1.738E-01
  2.317E-01  1.048E+01  7.534E-01  8.851E-01  8.869E-01  1.748E-01
  2.324E-01  1.053E+01  7.661E-01  9.008E-01  8.855E-01  1.758E-01
  2.332E-01  1.059E+01  7.786E-01  9.164E-01  8.841E-01  1.769E-01
  2.340E-01  1.064E+01  7.910E-01  9.317E-01  8.828E-01  1.779E-01
  2.348E-01  1.069E+01  8.035E-01  9.473E-01  8.814E-01  1.789E-01
  2.356E-01  1.074E+01  8.161E-01  9.629E-01  8.800E-01  1.799E-01
  2.364E-01  1.079E+01  8.283E-01  9.781E-01  8.787E-01  1.809E-01
  2.372E-01  1.083E+01  8.406E-01  9.935E-01  8.773E-01  1.819E-01
  2.380E-01  1.088E+01  8.530E-01  1.009E+00  8.760E-01  1.829E-01
  2.389E-01  1.093E+01  8.651E-01  1.024E+00  8.747E-01  1.838E-01
  2.397E-01  1.097E+01  8.772E-01  1.039E+00  8.733E-01  1.848E-01
  2.405E-01  1.102E+01  8.893E-01  1.055E+00  8.720E-01  1.858E-01
  2.413E-01  1.106E+01  9.015E-01  1.070E+00  8.707E-01  1.867E-01
  2.421E-01  1.111E+01  9.133E-01  1.085E+00  8.694E-01  1.877E-01
  2.430E-01  1.115E+01  9.252E-01  1.100E+00  8.681E-01  1.886E-01
  2.438E-01  1.119E+01  9.372E-01  1.115E+00  8.669E-01  1.896E-01
  2.446E-01  1.123E+01  9.490E-01  1.130E+00  8.656E-01  1.906E-01
  2.454E-01  1.127E+01  9.607E-01  1.145E+00  8.643E-01  1.915E-01
  2.463E-01  1.131E+01  9.724E-01  1.159E+00  8.631E-01  1.924E-01
  2.471E-01  1.135E+01  9.842E-01  1.174E+00  8.618E-01  1.934E-01
  2.480E-01  1.139E+01  9.957E-01  1.189E+00  8.606E-01  1.943E-01
  2.488E-01  1.143E+01  1.007E+00  1.204E+00  8.593E-01  1.952E-01
  2.497E-01  1.147E+01  1.019E+00  1.218E+00  8.581E-01  1.961E-01
  2.505E-01  1.150E+01  1.030E+00  1.233E+00  8.569E-01  1.970E-01
  2.514E-01  1.154E+01  1.041E+00  1.248E+00  8.557E-01  1.979E-01
  2.522E-01  1.158E+01  1.053E+00  1.262E+00  8.545E-01  1.988E-01
  2.531E-01  1.161E+01  1.064E+00  1.276E+00  8.533E-01  1.997E-01
  2.539E-01  1.165E+01  1.075E+00  1.291E+00  8.521E-01  2.006E-01
  2.548E-01  1.168E+01  1.086E+00  1.305E+00  8.509E-01  2.015E-01
  2.557E-01  1.172E+01  1.097E+00  1.319E+00  8.497E-01  2.024E-01
  2.565E-01  1.175E+01  1.108E+00  1.333E+00  8.486E-01  2.033E-01
  2.574E-01  1.178E+01  1.119E+00  1.348E+00  8.474E-01  2.041E-01
  2.583E-01  1.181E+01  1.130E+00  1.362E+00  8.462E-01  2.050E-01
  2.592E-01  1.185E+01  1.141E+00  1.376E+00  8.451E-01  2.059E-01
  2.601E-01  1.188E+01  1.151E+00  1.389E+00  8.440E-01  2.067E-01
  2.609E-01  1.191E+01  1.162E+00  1.403E+00  8.428E-01  2.076E-01
  2.618E-01  1.194E+01  1.173E+00  1.417E+00  8.417E-01  2.084E-01
  2.627E-01  1.197E+01  1.183E+00  1.431E+00  8.406E-01  2.093E-01
  2.636E-01  1.200E+01  1.194E+00  1.444E+00  8.395E-01  2.101E-01
  2.645E-01  1.203E+01  1.204E+00  1.458E+00  8.384E-01  2.109E-01
  2.654E-01  1.205E+01  1.214E+00  1.472E+00  8.372E-01  2.118E-01
  2.663E-01  1.208E+01  1.225E+00  1.485E+00  8.361E-01  2.126E-01
  2.672E-01  1.211E+01  1.235E+00  1.499E+00  8.351E-01  2.134E-01
  2.681E-01  1.214E+01  1.245E+00  1.512E+00  8.340E-01  2.142E-01
  2.691E-01  1.216E+01  1.255E+00  1.525E+00  8.329E-01  2.151E-01
  2.700E-01  1.219E+01  1.265E+00  1.539E+00  8.318E-01  2.159E-01
  2.709E-01  1.222E+01  1.275E+00  1.552E+00  8.308E-01  2.167E-01
  2.718E-01  1.224E+01  1.285E+00  1.565E+00  8.297E-01  2.175E-01
  2.727E-01  1.227E+01  1.295E+00  1.578E+00  8.287E-01  2.183E-01
  2.737E-01  1.229E+01  1.305E+00  1.591E+00  8.276E-01  2.191E-01
  2.746E-01  1.232E+01  1.315E+00  1.604E+00  8.266E-01  2.198E-01
  2.755E-01  1.234E+01  1.324E+00  1.616E+00  8.255E-01  2.206E-01
  2.765E-01  1.237E+01  1.334E+00  1.629E+00  8.245E-01  2.214E-01
  2.774E-01  1.239E+01  1.343E+00  1.642E+00  8.235E-01  2.222E-01
  2.784E-01  1.241E+01  1.353E+00  1.654E+00  8.225E-01  2.229E-01
  2.793E-01  1.243E+01  1.362E+00  1.667E+00  8.215E-01  2.237E-01
  2.803E-01  1.246E+01  1.372E+00  1.680E+00  8.205E-01  2.245E-01
  2.812E-01  1.248E+01  1.381E+00  1.692E+00  8.195E-01  2.252E-01
  2.822E-01  1.250E+01  1.390E+00  1.704E+00  8.185E-01  2.260E-01
  2.831E-01  1.252E+01  1.399E+00  1.717E+00  8.175E-01  2.267E-01
  2.841E-01  1.254E+01  1.409E+00  1.729E+00  8.165E-01  2.275E-01
  2.851E-01  1.256E+01  1.418E+00  1.741E+00  8.155E-01  2.282E-01
  2.860E-01  1.258E+01  1.427E+00  1.753E+00  8.146E-01  2.289E-01
  2.870E-01  1.260E+01  1.435E+00  1.765E+00  8.136E-01  2.297E-01
  2.880E-01  1.262E+01  1.444E+00  1.777E+00  8.127E-01  2.304E-01
  2.890E-01  1.264E+01  1.453E+00  1.789E+00  8.117E-01  2.311E-01
  2.900E-01  1.266E+01  1.462E+00  1.801E+00  8.108E-01  2.319E-01
  2.909E-01  1.268E+01  1.471E+00  1.813E+00  8.098E-01  2.326E-01
  2.919E-01  1.270E+01  1.479E+00  1.824E+00  8.089E-01  2.333E-01
  2.929E-01  1.272E+01  1.488E+00  1.836E+00  8.080E-01  2.340E-01
  2.939E-01  1.274E+01  1.496E+00  1.847E+00  8.070E-01  2.347E-01
  2.949E-01  1.275E+01  1.505E+00  1.859E+00  8.061E-01  2.354E-01
  2.959E-01  1.277E+01  1.513E+00  1.871E+00  8.052E-01  2.361E-01
  2.969E-01  1.279E+01  1.522E+00  1.882E+00  8.043E-01  2.368E-01
  2.980E-01  1.281E+01  1.530E+00  1.893E+00  8.034E-01  2.375E-01
  2.990E-01  1.282E+01  1.538E+00  1.904E+00  8.025E-01  2.381E-01
  3.000E-01  1.284E+01  1.546E+00  1.915E+00  8.016E-01  2.388E-01
  3.010E-01  1.285E+01  1.554E+00  1.927E+00  8.007E-01  2.395E-01
  3.020E-01  1.287E+01  1.562E+00  1.938E+00  7.998E-01  2.402E-01
  3.031E-01  1.289E+01  1.570E+00  1.948E+00  7.989E-01  2.408E-01
  3.041E-01  1.290E+01  1.578E+00  1.959E+00  7.981E-01  2.415E-01
  3.051E-01  1.292E+01  1.586E+00  1.970E+00  7.972E-01  2.422E-01
  3.062E-01  1.293E+01  1.594E+00  1.981E+00  7.963E-01  2.428E-01
  3.072E-01  1.295E+01  1.602E+00  1.992E+00  7.955E-01  2.435E-01
  3.083E-01  1.296E+01  1.610E+00  2.002E+00  7.946E-01  2.441E-01
  3.093E-01  1.297E+01  1.617E+00  2.013E+00  7.938E-01  2.448E-01
  3.104E-01  1.299E+01  1.625E+00  2.023E+00  7.929E-01  2.454E-01
  3.114E-01  1.300E+01  1.632E+00  2.034E+00  7.921E-01  2.460E-01
  3.125E-01  1.302E+01  1.640E+00  2.044E+00  7.913E-01  2.467E-01
  3.136E-01  1.303E+01  1.647E+00  2.054E+00  7.904E-01  2.473E-01
  3.146E-01  1.304E+01  1.655E+00  2.065E+00  7.896E-01  2.479E-01
  3.157E-01  1.305E+01  1.662E+00  2.075E+00  7.888E-01  2.485E-01
  3.168E-01  1.307E+01  1.669E+00  2.085E+00  7.880E-01  2.492E-01
  3.179E-01  1.308E+01  1.676E+00  2.095E+00  7.872E-01  2.498E-01
  3.189E-01  1.309E+01  1.683E+00  2.105E+00  7.863E-01  2.504E-01
  3.200E-01  1.310E+01  1.691E+00  2.115E+00  7.855E-01  2.510E-01
  3.211E-01  1.312E+01  1.698E+00  2.125E+00  7.847E-01  2.516E-01
  3.222E-01  1.313E+01  1.705E+00  2.135E+00  7.839E-01  2.522E-01
  3.233E-01  1.314E+01  1.712E+00  2.144E+00  7.832E-01  2.528E-01
  3.244E-01  1.315E+01  1.718E+00  2.154E+00  7.824E-01  2.534E-01
  3.255E-01  1.316E+01  1.725E+00  2.163E+00  7.816E-01  2.540E-01
  3.266E-01  1.317E+01  1.732E+00  2.173E+00  7.808E-01  2.546E-01
  3.277E-01  1.318E+01  1.739E+00  2.183E+00  7.800E-01  2.551E-01
  3.288E-01  1.319E+01  1.746E+00  2.192E+00  7.793E-01  2.557E-01
  3.300E-01  1.320E+01  1.752E+00  2.201E+00  7.785E-01  2.563E-01
  3.311E-01  1.321E+01  1.759E+00  2.211E+00  7.778E-01  2.569E-01
  3.322E-01  1.322E+01  1.765E+00  2.220E+00  7.770E-01  2.574E-01
  3.334E-01  1.323E+01  1.772E+00  2.229E+00  7.763E-01  2.580E-01
  3.345E-01  1.324E+01  1.778E+00  2.238E+00  7.755E-01  2.585E-01
  3.356E-01  1.325E+01  1.785E+00  2.247E+00  7.748E-01  2.591E-01
  3.368E-01  1.326E+01  1.791E+00  2.256E+00  7.740E-01  2.597E-01
  3.379E-01  1.327E+01  1.797E+00  2.265E+00  7.733E-01  2.602E-01
  3.391E-01  1.328E+01  1.803E+00  2.274E+00  7.726E-01  2.608E-01
  3.402E-01  1.329E+01  1.810E+00  2.282E+00  7.718E-01  2.613E-01
  3.414E-01  1.329E+01  1.816E+00  2.291E+00  7.711E-01  2.618E-01
  3.425E-01  1.330E+01  1.822E+00  2.300E+00  7.704E-01  2.624E-01
  3.437E-01  1.331E+01  1.828E+00  2.309E+00  7.697E-01  2.629E-01
  3.449E-01  1.332E+01  1.834E+00  2.317E+00  7.690E-01  2.634E-01
  3.461E-01  1.333E+01  1.840E+00  2.326E+00  7.683E-01  2.640E-01
  3.472E-01  1.333E+01  1.846E+00  2.334E+00  7.676E-01  2.645E-01
  3.484E-01  1.334E+01  1.852E+00  2.342E+00  7.669E-01  2.650E-01
  3.496E-01  1.335E+01  1.857E+00  2.351E+00  7.662E-01  2.655E-01
  3.508E-01  1.336E+01  1.863E+00  2.359E+00  7.655E-01  2.660E-01
  3.520E-01  1.336E+01  1.869E+00  2.367E+00  7.648E-01  2.665E-01
  3.532E-01  1.337E+01  1.875E+00  2.375E+00  7.641E-01  2.671E-01
  3.544E-01  1.338E+01  1.880E+00  2.383E+00  7.634E-01  2.676E-01
  3.556E-01  1.338E+01  1.886E+00  2.391E+00  7.628E-01  2.680E-01
  3.568E-01  1.339E+01  1.891E+00  2.399E+00  7.621E-01  2.685E-01
  3.580E-01  1.340E+01  1.897E+00  2.407E+00  7.614E-01  2.690E-01
  3.593E-01  1.340E+01  1.902E+00  2.415E+00  7.608E-01  2.695E-01
  3.605E-01  1.341E+01  1.908E+00  2.423E+00  7.601E-01  2.700E-01
  3.617E-01  1.341E+01  1.913E+00  2.430E+00  7.594E-01  2.705E-01
  3.629E-01  1.342E+01  1.918E+00  2.438E+00  7.588E-01  2.710E-01
  3.642E-01  1.343E+01  1.923E+00  2.446E+00  7.581E-01  2.715E-01
  3.654E-01  1.343E+01  1.929E+00  2.453E+00  7.575E-01  2.719E-01
  3.667E-01  1.344E+01  1.934E+00  2.461E+00  7.569E-01  2.724E-01
  3.679E-01  1.344E+01  1.939E+00  2.468E+00  7.562E-01  2.729E-01
  3.692E-01  1.345E+01  1.944E+00  2.475E+00  7.556E-01  2.733E-01
  3.704E-01  1.345E+01  1.949E+00  2.483E+00  7.549E-01  2.738E-01
  3.717E-01  1.346E+01  1.954E+00  2.490E+00  7.543E-01  2.742E-01
  3.729E-01  1.346E+01  1.959E+00  2.497E+00  7.537E-01  2.747E-01
  3.742E-01  1.347E+01  1.964E+00  2.504E+00  7.531E-01  2.751E-01
  3.755E-01  1.347E+01  1.969E+00  2.511E+00  7.525E-01  2.756E-01
  3.768E-01  1.347E+01  1.974E+00  2.518E+00  7.518E-01  2.760E-01
  3.781E-01  1.348E+01  1.978E+00  2.525E+00  7.512E-01  2.765E-01
  3.793E-01  1.348E+01  1.983E+00  2.532E+00  7.506E-01  2.769E-01
  3.806E-01  1.349E+01  1.988E+00  2.539E+00  7.500E-01  2.774E-01
  3.819E-01  1.349E+01  1.993E+00  2.546E+00  7.494E-01  2.778E-01
  3.832E-01  1.349E+01  1.997E+00  2.553E+00  7.488E-01  2.782E-01
  3.845E-01  1.350E+01  2.002E+00  2.560E+00  7.482E-01  2.786E-01
  3.859E-01  1.350E+01  2.006E+00  2.566E+00  7.476E-01  2.791E-01
  3.872E-01  1.351E+01  2.011E+00  2.573E+00  7.471E-01  2.795E-01
  3.885E-01  1.351E+01  2.015E+00  2.579E+00  7.465E-01  2.799E-01
  3.898E-01  1.351E+01  2.020E+00  2.586E+00  7.459E-01  2.803E-01
  3.911E-01  1.351E+01  2.024E+00  2.592E+00  7.453E-01  2.807E-01
  3.925E-01  1.352E+01  2.028E+00  2.599E+00  7.447E-01  2.811E-01
  3.938E-01  1.352E+01  2.033E+00  2.605E+00  7.441E-01  2.816E-01
  3.951E-01  1.352E+01  2.037E+00  2.611E+00  7.436E-01  2.820E-01
  3.965E-01  1.353E+01  2.041E+00  2.618E+00  7.430E-01  2.824E-01
  3.978E-01  1.353E+01  2.045E+00  2.624E+00  7.425E-01  2.827E-01
  3.992E-01  1.353E+01  2.050E+00  2.630E+00  7.419E-01  2.831E-01
  4.006E-01  1.353E+01  2.054E+00  2.636E+00  7.414E-01  2.835E-01
  4.019E-01  1.354E+01  2.058E+00  2.642E+00  7.408E-01  2.839E-01
  4.033E-01  1.354E+01  2.062E+00  2.648E+00  7.402E-01  2.843E-01
  4.047E-01  1.354E+01  2.066E+00  2.654E+00  7.397E-01  2.847E-01
  4.060E-01  1.354E+01  2.070E+00  2.660E+00  7.391E-01  2.851E-01
  4.074E-01  1.354E+01  2.074E+00  2.666E+00  7.386E-01  2.854E-01
  4.088E-01  1.355E+01  2.078E+00  2.671E+00  7.381E-01  2.858E-01
  4.102E-01  1.355E+01  2.081E+00  2.677E+00  7.375E-01  2.862E-01
  4.116E-01  1.355E+01  2.085E+00  2.683E+00  7.370E-01  2.865E-01
  4.130E-01  1.355E+01  2.089E+00  2.688E+00  7.365E-01  2.869E-01
  4.144E-01  1.355E+01  2.093E+00  2.694E+00  7.360E-01  2.873E-01
  4.158E-01  1.355E+01  2.097E+00  2.700E+00  7.354E-01  2.876E-01
  4.172E-01  1.355E+01  2.100E+00  2.705E+00  7.349E-01  2.880E-01
  4.187E-01  1.356E+01  2.104E+00  2.711E+00  7.344E-01  2.884E-01
  4.201E-01  1.356E+01  2.108E+00  2.716E+00  7.339E-01  2.887E-01
  4.215E-01  1.356E+01  2.111E+00  2.721E+00  7.334E-01  2.890E-01
  4.230E-01  1.356E+01  2.115E+00  2.727E+00  7.329E-01  2.894E-01
  4.244E-01  1.356E+01  2.118E+00  2.732E+00  7.324E-01  2.897E-01
  4.258E-01  1.356E+01  2.122E+00  2.737E+00  7.319E-01  2.901E-01
  4.273E-01  1.356E+01  2.125E+00  2.742E+00  7.314E-01  2.904E-01
  4.288E-01  1.356E+01  2.128E+00  2.747E+00  7.309E-01  2.907E-01
  4.302E-01  1.356E+01  2.132E+00  2.752E+00  7.304E-01  2.911E-01
  4.317E-01  1.356E+01  2.135E+00  2.757E+00  7.299E-01  2.914E-01
  4.332E-01  1.356E+01  2.138E+00  2.762E+00  7.294E-01  2.917E-01
  4.346E-01  1.356E+01  2.142E+00  2.767E+00  7.289E-01  2.921E-01
  4.361E-01  1.356E+01  2.145E+00  2.772E+00  7.284E-01  2.924E-01
  4.376E-01  1.356E+01  2.148E+00  2.777E+00  7.279E-01  2.927E-01
  4.391E-01  1.356E+01  2.151E+00  2.782E+00  7.275E-01  2.930E-01
  4.406E-01  1.356E+01  2.155E+00  2.787E+00  7.270E-01  2.933E-01
  4.421E-01  1.356E+01  2.158E+00  2.791E+00  7.265E-01  2.936E-01
  4.436E-01  1.356E+01  2.161E+00  2.796E+00  7.260E-01  2.939E-01
  4.451E-01  1.356E+01  2.164E+00  2.801E+00  7.256E-01  2.943E-01
  4.466E-01  1.356E+01  2.167E+00  2.805E+00  7.251E-01  2.946E-01
  4.481E-01  1.356E+01  2.170E+00  2.810E+00  7.246E-01  2.948E-01
  4.497E-01  1.356E+01  2.173E+00  2.814E+00  7.242E-01  2.951E-01
  4.512E-01  1.356E+01  2.176E+00  2.818E+00  7.237E-01  2.954E-01
  4.527E-01  1.356E+01  2.179E+00  2.823E+00  7.233E-01  2.957E-01
  4.543E-01  1.356E+01  2.181E+00  2.827E+00  7.228E-01  2.960E-01
  4.558E-01  1.356E+01  2.184E+00  2.831E+00  7.224E-01  2.963E-01
  4.574E-01  1.356E+01  2.187E+00  2.836E+00  7.219E-01  2.966E-01
  4.589E-01  1.356E+01  2.190E+00  2.840E+00  7.215E-01  2.969E-01
  4.605E-01  1.355E+01  2.193E+00  2.844E+00  7.210E-01  2.972E-01
  4.621E-01  1.355E+01  2.195E+00  2.848E+00  7.206E-01  2.974E-01
  4.636E-01  1.355E+01  2.198E+00  2.852E+00  7.202E-01  2.977E-01
  4.652E-01  1.355E+01  2.201E+00  2.856E+00  7.197E-01  2.980E-01
  4.668E-01  1.355E+01  2.203E+00  2.860E+00  7.193E-01  2.982E-01
  4.684E-01  1.355E+01  2.206E+00  2.864E+00  7.189E-01  2.985E-01
  4.700E-01  1.355E+01  2.208E+00  2.868E+00  7.184E-01  2.988E-01
  4.716E-01  1.355E+01  2.211E+00  2.872E+00  7.180E-01  2.990E-01
  4.732E-01  1.354E+01  2.214E+00  2.876E+00  7.176E-01  2.993E-01
  4.748E-01  1.354E+01  2.216E+00  2.880E+00  7.172E-01  2.996E-01
  4.764E-01  1.354E+01  2.218E+00  2.884E+00  7.168E-01  2.998E-01
  4.781E-01  1.354E+01  2.221E+00  2.887E+00  7.163E-01  3.001E-01
  4.797E-01  1.354E+01  2.223E+00  2.891E+00  7.159E-01  3.003E-01
  4.813E-01  1.354E+01  2.226E+00  2.895E+00  7.155E-01  3.006E-01
  4.830E-01  1.353E+01  2.228E+00  2.898E+00  7.151E-01  3.008E-01
  4.846E-01  1.353E+01  2.230E+00  2.902E+00  7.147E-01  3.010E-01
  4.863E-01  1.353E+01  2.233E+00  2.905E+00  7.143E-01  3.013E-01
  4.879E-01  1.353E+01  2.235E+00  2.909E+00  7.139E-01  3.015E-01
  4.896E-01  1.353E+01  2.237E+00  2.912E+00  7.135E-01  3.018E-01
  4.912E-01  1.352E+01  2.239E+00  2.916E+00  7.131E-01  3.020E-01
  4.929E-01  1.352E+01  2.242E+00  2.919E+00  7.127E-01  3.022E-01
  4.946E-01  1.352E+01  2.244E+00  2.922E+00  7.123E-01  3.024E-01
  4.963E-01  1.352E+01  2.246E+00  2.926E+00  7.119E-01  3.027E-01
  4.980E-01  1.351E+01  2.248E+00  2.929E+00  7.116E-01  3.029E-01
  4.997E-01  1.351E+01  2.250E+00  2.932E+00  7.112E-01  3.031E-01
  5.014E-01  1.351E+01  2.252E+00  2.935E+00  7.108E-01  3.033E-01
  5.031E-01  1.351E+01  2.254E+00  2.938E+00  7.104E-01  3.035E-01
  5.048E-01  1.350E+01  2.256E+00  2.942E+00  7.100E-01  3.038E-01
  5.065E-01  1.350E+01  2.258E+00  2.945E+00  7.097E-01  3.040E-01
  5.082E-01  1.350E+01  2.260E+00  2.948E+00  7.093E-01  3.042E-01
  5.100E-01  1.350E+01  2.262E+00  2.951E+00  7.089E-01  3.044E-01
  5.117E-01  1.349E+01  2.264E+00  2.954E+00  7.085E-01  3.046E-01
  5.134E-01  1.349E+01  2.266E+00  2.956E+00  7.082E-01  3.048E-01
  5.152E-01  1.349E+01  2.268E+00  2.959E+00  7.078E-01  3.050E-01
  5.170E-01  1.348E+01  2.270E+00  2.962E+00  7.074E-01  3.052E-01
  5.187E-01  1.348E+01  2.271E+00  2.965E+00  7.071E-01  3.054E-01
  5.205E-01  1.348E+01  2.273E+00  2.968E+00  7.067E-01  3.056E-01
  5.223E-01  1.348E+01  2.275E+00  2.971E+00  7.064E-01  3.058E-01
  5.240E-01  1.347E+01  2.277E+00  2.973E+00  7.060E-01  3.060E-01
  5.258E-01  1.347E+01  2.278E+00  2.976E+00  7.057E-01  3.061E-01
  5.276E-01  1.347E+01  2.280E+00  2.979E+00  7.053E-01  3.063E-01
  5.294E-01  1.346E+01  2.282E+00  2.981E+00  7.050E-01  3.065E-01
  5.312E-01  1.346E+01  2.283E+00  2.984E+00  7.046E-01  3.067E-01
  5.330E-01  1.346E+01  2.285E+00  2.986E+00  7.043E-01  3.069E-01
  5.348E-01  1.345E+01  2.287E+00  2.989E+00  7.039E-01  3.070E-01
  5.367E-01  1.345E+01  2.288E+00  2.991E+00  7.036E-01  3.072E-01
  5.385E-01  1.345E+01  2.290E+00  2.994E+00  7.033E-01  3.074E-01
  5.403E-01  1.344E+01  2.291E+00  2.996E+00  7.029E-01  3.076E-01
  5.422E-01  1.344E+01  2.293E+00  2.998E+00  7.026E-01  3.077E-01
  5.440E-01  1.344E+01  2.294E+00  3.001E+00  7.023E-01  3.079E-01
  5.459E-01  1.343E+01  2.296E+00  3.003E+00  7.019E-01  3.081E-01
  5.477E-01  1.343E+01  2.297E+00  3.005E+00  7.016E-01  3.082E-01
  5.496E-01  1.342E+01  2.299E+00  3.008E+00  7.013E-01  3.084E-01
  5.515E-01  1.342E+01  2.300E+00  3.010E+00  7.009E-01  3.085E-01
  5.533E-01  1.342E+01  2.301E+00  3.012E+00  7.006E-01  3.087E-01
  5.552E-01  1.341E+01  2.303E+00  3.014E+00  7.003E-01  3.088E-01
  5.571E-01  1.341E+01  2.304E+00  3.016E+00  7.000E-01  3.090E-01
  5.590E-01  1.340E+01  2.305E+00  3.018E+00  6.997E-01  3.091E-01
  5.609E-01  1.340E+01  2.307E+00  3.020E+00  6.994E-01  3.093E-01
  5.628E-01  1.340E+01  2.308E+00  3.022E+00  6.990E-01  3.094E-01
  5.648E-01  1.339E+01  2.309E+00  3.024E+00  6.987E-01  3.096E-01
  5.667E-01  1.339E+01  2.311E+00  3.026E+00  6.984E-01  3.097E-01
  5.686E-01  1.338E+01  2.312E+00  3.028E+00  6.981E-01  3.098E-01
  5.705E-01  1.338E+01  2.313E+00  3.030E+00  6.978E-01  3.100E-01
  5.725E-01  1.338E+01  2.314E+00  3.032E+00  6.975E-01  3.101E-01
  5.744E-01  1.337E+01  2.315E+00  3.034E+00  6.972E-01  3.102E-01
  5.764E-01  1.337E+01  2.316E+00  3.035E+00  6.969E-01  3.104E-01
  5.784E-01  1.336E+01  2.318E+00  3.037E+00  6.966E-01  3.105E-01
  5.803E-01  1.336E+01  2.319E+00  3.039E+00  6.963E-01  3.106E-01
  5.823E-01  1.335E+01  2.320E+00  3.041E+00  6.960E-01  3.107E-01
  5.843E-01  1.335E+01  2.321E+00  3.042E+00  6.957E-01  3.109E-01
  5.863E-01  1.335E+01  2.322E+00  3.044E+00  6.954E-01  3.110E-01
  5.883E-01  1.334E+01  2.323E+00  3.046E+00  6.952E-01  3.111E-01
  5.903E-01  1.334E+01  2.324E+00  3.047E+00  6.949E-01  3.112E-01
  5.923E-01  1.333E+01  2.325E+00  3.049E+00  6.946E-01  3.113E-01
  5.943E-01  1.333E+01  2.326E+00  3.050E+00  6.943E-01  3.114E-01
  5.963E-01  1.332E+01  2.327E+00  3.052E+00  6.940E-01  3.115E-01
  5.984E-01  1.332E+01  2.328E+00  3.053E+00  6.937E-01  3.117E-01
  6.004E-01  1.331E+01  2.329E+00  3.055E+00  6.935E-01  3.118E-01
  6.025E-01  1.331E+01  2.330E+00  3.056E+00  6.932E-01  3.119E-01
  6.045E-01  1.330E+01  2.330E+00  3.057E+00  6.929E-01  3.120E-01
  6.066E-01  1.330E+01  2.331E+00  3.059E+00  6.926E-01  3.121E-01
  6.086E-01  1.329E+01  2.332E+00  3.060E+00  6.924E-01  3.122E-01
  6.107E-01  1.329E+01  2.333E+00  3.061E+00  6.921E-01  3.123E-01
  6.128E-01  1.329E+01  2.334E+00  3.063E+00  6.918E-01  3.123E-01
  6.149E-01  1.328E+01  2.335E+00  3.064E+00  6.916E-01  3.124E-01
  6.170E-01  1.328E+01  2.335E+00  3.065E+00  6.913E-01  3.125E-01
  6.191E-01  1.327E+01  2.336E+00  3.066E+00  6.910E-01  3.126E-01
  6.212E-01  1.327E+01  2.337E+00  3.068E+00  6.908E-01  3.127E-01
  6.233E-01  1.326E+01  2.338E+00  3.069E+00  6.905E-01  3.128E-01
  6.254E-01  1.326E+01  2.338E+00  3.070E+00  6.903E-01  3.129E-01
  6.276E-01  1.325E+01  2.339E+00  3.071E+00  6.900E-01  3.130E-01
  6.297E-01  1.325E+01  2.340E+00  3.072E+00  6.898E-01  3.130E-01
  6.318E-01  1.324E+01  2.340E+00  3.073E+00  6.895E-01  3.131E-01
  6.340E-01  1.324E+01  2.341E+00  3.074E+00  6.893E-01  3.132E-01
  6.361E-01  1.323E+01  2.341E+00  3.075E+00  6.890E-01  3.133E-01
  6.383E-01  1.323E+01  2.342E+00  3.076E+00  6.888E-01  3.133E-01
  6.405E-01  1.322E+01  2.343E+00  3.077E+00  6.885E-01  3.134E-01
  6.427E-01  1.321E+01  2.343E+00  3.078E+00  6.883E-01  3.135E-01
  6.449E-01  1.321E+01  2.344E+00  3.079E+00  6.880E-01  3.135E-01
  6.471E-01  1.320E+01  2.344E+00  3.079E+00  6.878E-01  3.136E-01
  6.493E-01  1.320E+01  2.345E+00  3.080E+00  6.876E-01  3.137E-01
  6.515E-01  1.319E+01  2.345E+00  3.081E+00  6.873E-01  3.137E-01
  6.537E-01  1.319E+01  2.346E+00  3.082E+00  6.871E-01  3.138E-01
  6.559E-01  1.318E+01  2.346E+00  3.083E+00  6.868E-01  3.138E-01
  6.582E-01  1.318E+01  2.347E+00  3.083E+00  6.866E-01  3.139E-01
  6.604E-01  1.317E+01  2.347E+00  3.084E+00  6.864E-01  3.139E-01
  6.626E-01  1.317E+01  2.348E+00  3.085E+00  6.862E-01  3.140E-01
  6.649E-01  1.316E+01  2.348E+00  3.085E+00  6.859E-01  3.140E-01
  6.672E-01  1.316E+01  2.348E+00  3.086E+00  6.857E-01  3.141E-01
  6.694E-01  1.315E+01  2.349E+00  3.087E+00  6.855E-01  3.141E-01
  6.717E-01  1.314E+01  2.349E+00  3.087E+00  6.852E-01  3.142E-01
  6.740E-01  1.314E+01  2.350E+00  3.088E+00  6.850E-01  3.142E-01
  6.763E-01  1.313E+01  2.350E+00  3.088E+00  6.848E-01  3.143E-01
  6.786E-01  1.313E+01  2.350E+00  3.089E+00  6.846E-01  3.143E-01
  6.809E-01  1.312E+01  2.351E+00  3.089E+00  6.844E-01  3.143E-01
  6.832E-01  1.312E+01  2.351E+00  3.090E+00  6.842E-01  3.144E-01
  6.856E-01  1.311E+01  2.351E+00  3.090E+00  6.839E-01  3.144E-01
  6.879E-01  1.311E+01  2.351E+00  3.091E+00  6.837E-01  3.144E-01
  6.903E-01  1.310E+01  2.352E+00  3.091E+00  6.835E-01  3.145E-01
  6.926E-01  1.309E+01  2.352E+00  3.091E+00  6.833E-01  3.145E-01
  6.950E-01  1.309E+01  2.352E+00  3.092E+00  6.831E-01  3.145E-01
  6.973E-01  1.308E+01  2.352E+00  3.092E+00  6.829E-01  3.146E-01
  6.997E-01  1.308E+01  2.352E+00  3.093E+00  6.827E-01  3.146E-01
  7.021E-01  1.307E+01  2.353E+00  3.093E+00  6.825E-01  3.146E-01
  7.045E-01  1.307E+01  2.353E+00  3.093E+00  6.823E-01  3.146E-01
  7.069E-01  1.306E+01  2.353E+00  3.093E+00  6.821E-01  3.146E-01
  7.093E-01  1.305E+01  2.353E+00  3.094E+00  6.819E-01  3.147E-01
  7.117E-01  1.305E+01  2.353E+00  3.094E+00  6.817E-01  3.147E-01
  7.141E-01  1.304E+01  2.353E+00  3.094E+00  6.815E-01  3.147E-01
  7.166E-01  1.304E+01  2.353E+00  3.094E+00  6.813E-01  3.147E-01
  7.190E-01  1.303E+01  2.354E+00  3.094E+00  6.811E-01  3.147E-01
  7.215E-01  1.302E+01  2.354E+00  3.094E+00  6.809E-01  3.147E-01
  7.239E-01  1.302E+01  2.354E+00  3.095E+00  6.807E-01  3.147E-01
  7.264E-01  1.301E+01  2.354E+00  3.095E+00  6.805E-01  3.147E-01
  7.289E-01  1.301E+01  2.354E+00  3.095E+00  6.803E-01  3.148E-01
  7.313E-01  1.300E+01  2.354E+00  3.095E+00  6.802E-01  3.148E-01
  7.338E-01  1.299E+01  2.354E+00  3.095E+00  6.800E-01  3.148E-01
  7.363E-01  1.299E+01  2.354E+00  3.095E+00  6.798E-01  3.148E-01
  7.388E-01  1.298E+01  2.354E+00  3.095E+00  6.796E-01  3.148E-01
  7.414E-01  1.298E+01  2.354E+00  3.095E+00  6.794E-01  3.148E-01
  7.439E-01  1.297E+01  2.354E+00  3.095E+00  6.792E-01  3.147E-01
  7.464E-01  1.296E+01  2.354E+00  3.095E+00  6.791E-01  3.147E-01
  7.490E-01  1.296E+01  2.354E+00  3.094E+00  6.789E-01  3.147E-01
  7.515E-01  1.295E+01  2.354E+00  3.094E+00  6.787E-01  3.147E-01
  7.541E-01  1.295E+01  2.354E+00  3.094E+00  6.785E-01  3.147E-01
  7.566E-01  1.294E+01  2.353E+00  3.094E+00  6.784E-01  3.147E-01
  7.592E-01  1.293E+01  2.353E+00  3.094E+00  6.782E-01  3.147E-01
  7.618E-01  1.293E+01  2.353E+00  3.094E+00  6.780E-01  3.147E-01
  7.644E-01  1.292E+01  2.353E+00  3.093E+00  6.779E-01  3.147E-01
  7.670E-01  1.291E+01  2.353E+00  3.093E+00  6.777E-01  3.146E-01
  7.696E-01  1.291E+01  2.353E+00  3.093E+00  6.775E-01  3.146E-01
  7.722E-01  1.290E+01  2.353E+00  3.093E+00  6.774E-01  3.146E-01
  7.749E-01  1.290E+01  2.352E+00  3.092E+00  6.772E-01  3.146E-01
  7.775E-01  1.289E+01  2.352E+00  3.092E+00  6.770E-01  3.146E-01
  7.802E-01  1.288E+01  2.352E+00  3.092E+00  6.769E-01  3.145E-01
  7.828E-01  1.288E+01  2.352E+00  3.092E+00  6.767E-01  3.145E-01
  7.855E-01  1.287E+01  2.352E+00  3.091E+00  6.766E-01  3.145E-01
  7.882E-01  1.286E+01  2.351E+00  3.091E+00  6.764E-01  3.144E-01
  7.908E-01  1.286E+01  2.351E+00  3.090E+00  6.762E-01  3.144E-01
  7.935E-01  1.285E+01  2.351E+00  3.090E+00  6.761E-01  3.144E-01
  7.962E-01  1.285E+01  2.351E+00  3.090E+00  6.759E-01  3.143E-01
  7.990E-01  1.284E+01  2.350E+00  3.089E+00  6.758E-01  3.143E-01
  8.017E-01  1.283E+01  2.350E+00  3.089E+00  6.756E-01  3.143E-01
  8.044E-01  1.283E+01  2.350E+00  3.088E+00  6.755E-01  3.142E-01
  8.072E-01  1.282E+01  2.349E+00  3.088E+00  6.753E-01  3.142E-01
  8.099E-01  1.281E+01  2.349E+00  3.087E+00  6.752E-01  3.141E-01
  8.127E-01  1.281E+01  2.349E+00  3.087E+00  6.750E-01  3.141E-01
  8.154E-01  1.280E+01  2.348E+00  3.086E+00  6.749E-01  3.141E-01
  8.182E-01  1.279E+01  2.348E+00  3.085E+00  6.748E-01  3.140E-01
  8.210E-01  1.279E+01  2.348E+00  3.085E+00  6.746E-01  3.140E-01
  8.238E-01  1.278E+01  2.347E+00  3.084E+00  6.745E-01  3.139E-01
  8.266E-01  1.278E+01  2.347E+00  3.084E+00  6.743E-01  3.139E-01
  8.294E-01  1.277E+01  2.347E+00  3.083E+00  6.742E-01  3.138E-01
  8.322E-01  1.276E+01  2.346E+00  3.083E+00  6.741E-01  3.138E-01
  8.351E-01  1.276E+01  2.346E+00  3.082E+00  6.739E-01  3.137E-01
  8.379E-01  1.275E+01  2.346E+00  3.081E+00  6.738E-01  3.137E-01
  8.408E-01  1.274E+01  2.345E+00  3.081E+00  6.736E-01  3.136E-01
  8.436E-01  1.274E+01  2.345E+00  3.080E+00  6.735E-01  3.135E-01
  8.465E-01  1.273E+01  2.344E+00  3.079E+00  6.734E-01  3.135E-01
  8.494E-01  1.272E+01  2.344E+00  3.078E+00  6.732E-01  3.134E-01
  8.523E-01  1.272E+01  2.343E+00  3.078E+00  6.731E-01  3.134E-01
  8.552E-01  1.271E+01  2.343E+00  3.077E+00  6.730E-01  3.133E-01
  8.581E-01  1.270E+01  2.342E+00  3.076E+00  6.729E-01  3.132E-01
  8.610E-01  1.270E+01  2.342E+00  3.075E+00  6.727E-01  3.132E-01
  8.640E-01  1.269E+01  2.341E+00  3.074E+00  6.726E-01  3.131E-01
  8.669E-01  1.268E+01  2.341E+00  3.074E+00  6.725E-01  3.130E-01
  8.699E-01  1.268E+01  2.340E+00  3.073E+00  6.724E-01  3.130E-01
  8.728E-01  1.267E+01  2.340E+00  3.072E+00  6.722E-01  3.129E-01
  8.758E-01  1.266E+01  2.339E+00  3.071E+00  6.721E-01  3.128E-01
  8.788E-01  1.266E+01  2.339E+00  3.070E+00  6.720E-01  3.127E-01
  8.818E-01  1.265E+01  2.338E+00  3.069E+00  6.719E-01  3.127E-01
  8.848E-01  1.264E+01  2.338E+00  3.068E+00  6.718E-01  3.126E-01
  8.878E-01  1.264E+01  2.337E+00  3.067E+00  6.717E-01  3.125E-01
  8.908E-01  1.263E+01  2.336E+00  3.066E+00  6.715E-01  3.124E-01
  8.939E-01  1.262E+01  2.336E+00  3.065E+00  6.714E-01  3.123E-01
  8.969E-01  1.262E+01  2.335E+00  3.064E+00  6.713E-01  3.123E-01
  9.000E-01  1.261E+01  2.335E+00  3.063E+00  6.712E-01  3.122E-01
  9.030E-01  1.260E+01  2.334E+00  3.062E+00  6.711E-01  3.121E-01
  9.061E-01  1.260E+01  2.333E+00  3.061E+00  6.710E-01  3.120E-01
  9.092E-01  1.259E+01  2.333E+00  3.060E+00  6.709E-01  3.119E-01
  9.123E-01  1.258E+01  2.332E+00  3.059E+00  6.708E-01  3.118E-01
  9.154E-01  1.258E+01  2.331E+00  3.058E+00  6.706E-01  3.117E-01
  9.185E-01  1.257E+01  2.331E+00  3.057E+00  6.705E-01  3.116E-01
  9.216E-01  1.256E+01  2.330E+00  3.056E+00  6.704E-01  3.116E-01
  9.248E-01  1.256E+01  2.329E+00  3.055E+00  6.703E-01  3.115E-01
  9.279E-01  1.255E+01  2.329E+00  3.054E+00  6.702E-01  3.114E-01
  9.311E-01  1.254E+01  2.328E+00  3.053E+00  6.701E-01  3.113E-01
  9.343E-01  1.253E+01  2.327E+00  3.052E+00  6.700E-01  3.112E-01
  9.375E-01  1.253E+01  2.327E+00  3.050E+00  6.699E-01  3.111E-01
  9.406E-01  1.252E+01  2.326E+00  3.049E+00  6.698E-01  3.110E-01
  9.439E-01  1.251E+01  2.325E+00  3.048E+00  6.697E-01  3.109E-01
  9.471E-01  1.251E+01  2.324E+00  3.047E+00  6.696E-01  3.108E-01
  9.503E-01  1.250E+01  2.324E+00  3.046E+00  6.695E-01  3.107E-01
  9.535E-01  1.249E+01  2.323E+00  3.044E+00  6.694E-01  3.106E-01
  9.568E-01  1.249E+01  2.322E+00  3.043E+00  6.693E-01  3.105E-01
  9.600E-01  1.248E+01  2.321E+00  3.042E+00  6.692E-01  3.104E-01
  9.633E-01  1.247E+01  2.321E+00  3.041E+00  6.691E-01  3.102E-01
  9.666E-01  1.247E+01  2.320E+00  3.039E+00  6.691E-01  3.101E-01
  9.699E-01  1.246E+01  2.319E+00  3.038E+00  6.690E-01  3.100E-01
  9.732E-01  1.245E+01  2.318E+00  3.037E+00  6.689E-01  3.099E-01
  9.765E-01  1.244E+01  2.318E+00  3.035E+00  6.688E-01  3.098E-01
  9.798E-01  1.244E+01  2.317E+00  3.034E+00  6.687E-01  3.097E-01
  9.832E-01  1.243E+01  2.316E+00  3.033E+00  6.686E-01  3.096E-01
  9.865E-01  1.242E+01  2.315E+00  3.031E+00  6.685E-01  3.094E-01
  9.899E-01  1.242E+01  2.314E+00  3.030E+00  6.684E-01  3.093E-01
  9.933E-01  1.241E+01  2.313E+00  3.029E+00  6.684E-01  3.092E-01
  9.966E-01  1.240E+01  2.312E+00  3.027E+00  6.683E-01  3.091E-01
  1.000E+00  1.239E+01  2.312E+00  3.026E+00  6.682E-01  3.090E-01
  1.003E+00  1.239E+01  2.311E+00  3.024E+00  6.681E-01  3.088E-01
  1.007E+00  1.238E+01  2.310E+00  3.023E+00  6.680E-01  3.087E-01
  1.010E+00  1.237E+01  2.309E+00  3.021E+00  6.679E-01  3.086E-01
  1.014E+00  1.237E+01  2.308E+00  3.020E+00  6.679E-01  3.085E-01
  1.017E+00  1.236E+01  2.307E+00  3.019E+00  6.678E-01  3.083E-01
  1.021E+00  1.235E+01  2.306E+00  3.017E+00  6.677E-01  3.082E-01
  1.024E+00  1.235E+01  2.305E+00  3.016E+00  6.676E-01  3.081E-01
  1.028E+00  1.234E+01  2.305E+00  3.014E+00  6.676E-01  3.079E-01
  1.031E+00  1.233E+01  2.304E+00  3.013E+00  6.675E-01  3.078E-01
  1.035E+00  1.232E+01  2.303E+00  3.011E+00  6.674E-01  3.077E-01
  1.038E+00  1.232E+01  2.302E+00  3.010E+00  6.673E-01  3.075E-01
  1.042E+00  1.231E+01  2.301E+00  3.008E+00  6.673E-01  3.074E-01
  1.045E+00  1.230E+01  2.300E+00  3.007E+00  6.672E-01  3.073E-01
  1.049E+00  1.230E+01  2.299E+00  3.005E+00  6.671E-01  3.071E-01
  1.052E+00  1.229E+01  2.298E+00  3.003E+00  6.671E-01  3.070E-01
  1.056E+00  1.228E+01  2.297E+00  3.002E+00  6.670E-01  3.068E-01
  1.060E+00  1.227E+01  2.296E+00  3.000E+00  6.669E-01  3.067E-01
  1.063E+00  1.227E+01  2.295E+00  2.999E+00  6.669E-01  3.066E-01
  1.067E+00  1.226E+01  2.294E+00  2.997E+00  6.668E-01  3.064E-01
  1.070E+00  1.225E+01  2.293E+00  2.995E+00  6.667E-01  3.063E-01
  1.074E+00  1.224E+01  2.292E+00  2.994E+00  6.667E-01  3.061E-01
  1.078E+00  1.224E+01  2.291E+00  2.992E+00  6.666E-01  3.060E-01
  1.081E+00  1.223E+01  2.290E+00  2.990E+00  6.665E-01  3.058E-01
  1.085E+00  1.222E+01  2.289E+00  2.989E+00  6.665E-01  3.057E-01
  1.089E+00  1.222E+01  2.288E+00  2.987E+00  6.664E-01  3.055E-01
  1.092E+00  1.221E+01  2.287E+00  2.985E+00  6.663E-01  3.054E-01
  1.096E+00  1.220E+01  2.286E+00  2.984E+00  6.663E-01  3.052E-01
  1.100E+00  1.219E+01  2.285E+00  2.982E+00  6.662E-01  3.051E-01
  1.104E+00  1.219E+01  2.284E+00  2.980E+00  6.662E-01  3.049E-01
  1.107E+00  1.218E+01  2.283E+00  2.979E+00  6.661E-01  3.048E-01
  1.111E+00  1.217E+01  2.282E+00  2.977E+00  6.661E-01  3.046E-01
  1.115E+00  1.217E+01  2.281E+00  2.975E+00  6.660E-01  3.045E-01
  1.119E+00  1.216E+01  2.280E+00  2.973E+00  6.660E-01  3.043E-01
  1.123E+00  1.215E+01  2.279E+00  2.972E+00  6.659E-01  3.042E-01
  1.126E+00  1.214E+01  2.277E+00  2.970E+00  6.658E-01  3.040E-01
  1.130E+00  1.214E+01  2.276E+00  2.968E+00  6.658E-01  3.038E-01
  1.134E+00  1.213E+01  2.275E+00  2.966E+00  6.657E-01  3.037E-01
  1.138E+00  1.212E+01  2.274E+00  2.964E+00  6.657E-01  3.035E-01
  1.142E+00  1.211E+01  2.273E+00  2.963E+00  6.656E-01  3.033E-01
  1.146E+00  1.211E+01  2.272E+00  2.961E+00  6.656E-01  3.032E-01
  1.150E+00  1.210E+01  2.271E+00  2.959E+00  6.655E-01  3.030E-01
  1.154E+00  1.209E+01  2.270E+00  2.957E+00  6.655E-01  3.029E-01
  1.158E+00  1.208E+01  2.269E+00  2.955E+00  6.655E-01  3.027E-01
  1.161E+00  1.208E+01  2.268E+00  2.954E+00  6.654E-01  3.025E-01
  1.165E+00  1.207E+01  2.266E+00  2.952E+00  6.654E-01  3.023E-01
  1.169E+00  1.206E+01  2.265E+00  2.950E+00  6.653E-01  3.022E-01
  1.173E+00  1.206E+01  2.264E+00  2.948E+00  6.653E-01  3.020E-01
  1.177E+00  1.205E+01  2.263E+00  2.946E+00  6.652E-01  3.018E-01
  1.181E+00  1.204E+01  2.262E+00  2.944E+00  6.652E-01  3.017E-01
  1.185E+00  1.203E+01  2.261E+00  2.942E+00  6.651E-01  3.015E-01
  1.189E+00  1.203E+01  2.260E+00  2.940E+00  6.651E-01  3.013E-01
  1.194E+00  1.202E+01  2.258E+00  2.938E+00  6.651E-01  3.011E-01
  1.198E+00  1.201E+01  2.257E+00  2.936E+00  6.650E-01  3.010E-01
  1.202E+00  1.200E+01  2.256E+00  2.934E+00  6.650E-01  3.008E-01
  1.206E+00  1.200E+01  2.255E+00  2.933E+00  6.650E-01  3.006E-01
  1.210E+00  1.199E+01  2.254E+00  2.931E+00  6.649E-01  3.004E-01
  1.214E+00  1.198E+01  2.252E+00  2.929E+00  6.649E-01  3.002E-01
  1.218E+00  1.197E+01  2.251E+00  2.927E+00  6.649E-01  3.000E-01
  1.222E+00  1.197E+01  2.250E+00  2.925E+00  6.648E-01  2.999E-01
  1.226E+00  1.196E+01  2.249E+00  2.923E+00  6.648E-01  2.997E-01
  1.231E+00  1.195E+01  2.248E+00  2.921E+00  6.648E-01  2.995E-01
  1.235E+00  1.195E+01  2.246E+00  2.919E+00  6.647E-01  2.993E-01
  1.239E+00  1.194E+01  2.245E+00  2.917E+00  6.647E-01  2.991E-01
  1.243E+00  1.193E+01  2.244E+00  2.915E+00  6.647E-01  2.989E-01
  1.247E+00  1.192E+01  2.243E+00  2.913E+00  6.646E-01  2.987E-01
  1.252E+00  1.192E+01  2.241E+00  2.911E+00  6.646E-01  2.986E-01
  1.256E+00  1.191E+01  2.240E+00  2.909E+00  6.646E-01  2.984E-01
  1.260E+00  1.190E+01  2.239E+00  2.907E+00  6.645E-01  2.982E-01
  1.265E+00  1.189E+01  2.238E+00  2.905E+00  6.645E-01  2.980E-01
  1.269E+00  1.189E+01  2.236E+00  2.902E+00  6.645E-01  2.978E-01
  1.273E+00  1.188E+01  2.235E+00  2.900E+00  6.645E-01  2.976E-01
  1.278E+00  1.187E+01  2.234E+00  2.898E+00  6.644E-01  2.974E-01
  1.282E+00  1.186E+01  2.233E+00  2.896E+00  6.644E-01  2.972E-01
  1.286E+00  1.186E+01  2.231E+00  2.894E+00  6.644E-01  2.970E-01
  1.291E+00  1.185E+01  2.230E+00  2.892E+00  6.644E-01  2.968E-01
  1.295E+00  1.184E+01  2.229E+00  2.890E+00  6.643E-01  2.966E-01
  1.299E+00  1.183E+01  2.228E+00  2.888E+00  6.643E-01  2.964E-01
  1.304E+00  1.183E+01  2.226E+00  2.886E+00  6.643E-01  2.962E-01
  1.308E+00  1.182E+01  2.225E+00  2.884E+00  6.643E-01  2.960E-01
  1.313E+00  1.181E+01  2.224E+00  2.882E+00  6.643E-01  2.958E-01
  1.317E+00  1.180E+01  2.222E+00  2.880E+00  6.642E-01  2.956E-01
  1.322E+00  1.180E+01  2.221E+00  2.877E+00  6.642E-01  2.954E-01
  1.326E+00  1.179E+01  2.220E+00  2.875E+00  6.642E-01  2.952E-01
  1.331E+00  1.178E+01  2.219E+00  2.873E+00  6.642E-01  2.950E-01
  1.335E+00  1.178E+01  2.217E+00  2.871E+00  6.642E-01  2.948E-01
  1.340E+00  1.177E+01  2.216E+00  2.869E+00  6.642E-01  2.946E-01
  1.344E+00  1.176E+01  2.215E+00  2.867E+00  6.642E-01  2.944E-01
  1.349E+00  1.175E+01  2.213E+00  2.864E+00  6.641E-01  2.942E-01
  1.354E+00  1.175E+01  2.212E+00  2.862E+00  6.641E-01  2.940E-01
  1.358E+00  1.174E+01  2.211E+00  2.860E+00  6.641E-01  2.938E-01
  1.363E+00  1.173E+01  2.209E+00  2.858E+00  6.641E-01  2.936E-01
  1.367E+00  1.172E+01  2.208E+00  2.856E+00  6.641E-01  2.934E-01
  1.372E+00  1.172E+01  2.207E+00  2.854E+00  6.641E-01  2.932E-01
  1.377E+00  1.171E+01  2.205E+00  2.851E+00  6.641E-01  2.930E-01
  1.381E+00  1.170E+01  2.204E+00  2.849E+00  6.641E-01  2.927E-01
  1.386E+00  1.169E+01  2.203E+00  2.847E+00  6.641E-01  2.925E-01
  1.391E+00  1.169E+01  2.201E+00  2.845E+00  6.641E-01  2.923E-01
  1.396E+00  1.168E+01  2.200E+00  2.842E+00  6.640E-01  2.921E-01
  1.400E+00  1.167E+01  2.199E+00  2.840E+00  6.640E-01  2.919E-01
  1.405E+00  1.166E+01  2.197E+00  2.838E+00  6.640E-01  2.917E-01
  1.410E+00  1.166E+01  2.196E+00  2.836E+00  6.640E-01  2.915E-01
  1.415E+00  1.165E+01  2.194E+00  2.834E+00  6.640E-01  2.912E-01
  1.420E+00  1.164E+01  2.193E+00  2.831E+00  6.640E-01  2.910E-01
  1.424E+00  1.164E+01  2.192E+00  2.829E+00  6.640E-01  2.908E-01
  1.429E+00  1.163E+01  2.190E+00  2.827E+00  6.640E-01  2.906E-01
  1.434E+00  1.162E+01  2.189E+00  2.825E+00  6.640E-01  2.904E-01
  1.439E+00  1.161E+01  2.188E+00  2.822E+00  6.640E-01  2.901E-01
  1.444E+00  1.161E+01  2.186E+00  2.820E+00  6.640E-01  2.899E-01
  1.449E+00  1.160E+01  2.185E+00  2.818E+00  6.640E-01  2.897E-01
  1.454E+00  1.159E+01  2.183E+00  2.815E+00  6.640E-01  2.895E-01
  1.459E+00  1.158E+01  2.182E+00  2.813E+00  6.640E-01  2.893E-01
  1.464E+00  1.158E+01  2.181E+00  2.811E+00  6.640E-01  2.890E-01
  1.469E+00  1.157E+01  2.179E+00  2.809E+00  6.640E-01  2.888E-01
  1.474E+00  1.156E+01  2.178E+00  2.806E+00  6.640E-01  2.886E-01
  1.479E+00  1.155E+01  2.176E+00  2.804E+00  6.640E-01  2.884E-01
  1.484E+00  1.155E+01  2.175E+00  2.802E+00  6.640E-01  2.881E-01
  1.489E+00  1.154E+01  2.174E+00  2.799E+00  6.640E-01  2.879E-01
  1.494E+00  1.153E+01  2.172E+00  2.797E+00  6.640E-01  2.877E-01
  1.499E+00  1.152E+01  2.171E+00  2.795E+00  6.641E-01  2.875E-01
  1.504E+00  1.152E+01  2.169E+00  2.792E+00  6.641E-01  2.872E-01
  1.509E+00  1.151E+01  2.168E+00  2.790E+00  6.641E-01  2.870E-01
  1.514E+00  1.150E+01  2.167E+00  2.788E+00  6.641E-01  2.868E-01
  1.520E+00  1.150E+01  2.165E+00  2.785E+00  6.641E-01  2.865E-01
  1.525E+00  1.149E+01  2.164E+00  2.783E+00  6.641E-01  2.863E-01
  1.530E+00  1.148E+01  2.162E+00  2.781E+00  6.641E-01  2.861E-01
  1.535E+00  1.147E+01  2.161E+00  2.778E+00  6.641E-01  2.858E-01
  1.540E+00  1.147E+01  2.159E+00  2.776E+00  6.641E-01  2.856E-01
  1.546E+00  1.146E+01  2.158E+00  2.774E+00  6.641E-01  2.854E-01
  1.551E+00  1.145E+01  2.156E+00  2.771E+00  6.642E-01  2.851E-01
  1.556E+00  1.144E+01  2.155E+00  2.769E+00  6.642E-01  2.849E-01
  1.561E+00  1.144E+01  2.154E+00  2.767E+00  6.642E-01  2.847E-01
  1.567E+00  1.143E+01  2.152E+00  2.764E+00  6.642E-01  2.844E-01
  1.572E+00  1.142E+01  2.151E+00  2.762E+00  6.642E-01  2.842E-01
  1.577E+00  1.141E+01  2.149E+00  2.759E+00  6.642E-01  2.840E-01
  1.583E+00  1.141E+01  2.148E+00  2.757E+00  6.642E-01  2.837E-01
  1.588E+00  1.140E+01  2.146E+00  2.755E+00  6.643E-01  2.835E-01
  1.594E+00  1.139E+01  2.145E+00  2.752E+00  6.643E-01  2.832E-01
  1.599E+00  1.139E+01  2.143E+00  2.750E+00  6.643E-01  2.830E-01
  1.604E+00  1.138E+01  2.142E+00  2.747E+00  6.643E-01  2.828E-01
  1.610E+00  1.137E+01  2.140E+00  2.745E+00  6.643E-01  2.825E-01
  1.615E+00  1.136E+01  2.139E+00  2.743E+00  6.644E-01  2.823E-01
  1.621E+00  1.136E+01  2.137E+00  2.740E+00  6.644E-01  2.820E-01
  1.626E+00  1.135E+01  2.136E+00  2.738E+00  6.644E-01  2.818E-01
  1.632E+00  1.134E+01  2.134E+00  2.735E+00  6.644E-01  2.815E-01
  1.638E+00  1.133E+01  2.133E+00  2.733E+00  6.644E-01  2.813E-01
  1.643E+00  1.133E+01  2.132E+00  2.731E+00  6.645E-01  2.811E-01
  1.649E+00  1.132E+01  2.130E+00  2.728E+00  6.645E-01  2.808E-01
  1.654E+00  1.131E+01  2.129E+00  2.726E+00  6.645E-01  2.806E-01
  1.660E+00  1.131E+01  2.127E+00  2.723E+00  6.645E-01  2.803E-01
  1.666E+00  1.130E+01  2.126E+00  2.721E+00  6.646E-01  2.801E-01
  1.671E+00  1.129E+01  2.124E+00  2.718E+00  6.646E-01  2.798E-01
  1.677E+00  1.128E+01  2.123E+00  2.716E+00  6.646E-01  2.796E-01
  1.683E+00  1.128E+01  2.121E+00  2.714E+00  6.646E-01  2.793E-01
  1.688E+00  1.127E+01  2.120E+00  2.711E+00  6.647E-01  2.791E-01
  1.694E+00  1.126E+01  2.118E+00  2.709E+00  6.647E-01  2.788E-01
  1.700E+00  1.126E+01  2.117E+00  2.706E+00  6.647E-01  2.786E-01
  1.706E+00  1.125E+01  2.115E+00  2.704E+00  6.647E-01  2.783E-01
  1.712E+00  1.124E+01  2.114E+00  2.701E+00  6.648E-01  2.781E-01
  1.717E+00  1.123E+01  2.112E+00  2.699E+00  6.648E-01  2.778E-01
  1.723E+00  1.123E+01  2.111E+00  2.697E+00  6.648E-01  2.776E-01
  1.729E+00  1.122E+01  2.109E+00  2.694E+00  6.649E-01  2.773E-01
  1.735E+00  1.121E+01  2.108E+00  2.692E+00  6.649E-01  2.771E-01
  1.741E+00  1.121E+01  2.106E+00  2.689E+00  6.649E-01  2.768E-01
  1.747E+00  1.120E+01  2.105E+00  2.687E+00  6.650E-01  2.766E-01
  1.753E+00  1.119E+01  2.103E+00  2.684E+00  6.650E-01  2.763E-01
  1.759E+00  1.118E+01  2.102E+00  2.682E+00  6.650E-01  2.761E-01
  1.765E+00  1.118E+01  2.100E+00  2.679E+00  6.651E-01  2.758E-01
  1.771E+00  1.117E+01  2.099E+00  2.677E+00  6.651E-01  2.756E-01
  1.777E+00  1.116E+01  2.097E+00  2.674E+00  6.651E-01  2.753E-01
  1.783E+00  1.116E+01  2.096E+00  2.672E+00  6.652E-01  2.751E-01
  1.789E+00  1.115E+01  2.094E+00  2.669E+00  6.652E-01  2.748E-01
  1.795E+00  1.114E+01  2.092E+00  2.667E+00  6.652E-01  2.746E-01
  1.801E+00  1.113E+01  2.091E+00  2.665E+00  6.653E-01  2.743E-01
  1.807E+00  1.113E+01  2.089E+00  2.662E+00  6.653E-01  2.740E-01
  1.813E+00  1.112E+01  2.088E+00  2.660E+00  6.654E-01  2.738E-01
  1.820E+00  1.111E+01  2.086E+00  2.657E+00  6.654E-01  2.735E-01
  1.826E+00  1.111E+01  2.085E+00  2.655E+00  6.654E-01  2.733E-01
  1.832E+00  1.110E+01  2.083E+00  2.652E+00  6.655E-01  2.730E-01
  1.838E+00  1.109E+01  2.082E+00  2.650E+00  6.655E-01  2.727E-01
  1.845E+00  1.108E+01  2.080E+00  2.647E+00  6.655E-01  2.725E-01
  1.851E+00  1.108E+01  2.079E+00  2.645E+00  6.656E-01  2.722E-01
  1.857E+00  1.107E+01  2.077E+00  2.642E+00  6.656E-01  2.720E-01
  1.863E+00  1.106E+01  2.076E+00  2.640E+00  6.657E-01  2.717E-01
  1.870E+00  1.106E+01  2.074E+00  2.637E+00  6.657E-01  2.714E-01
  1.876E+00  1.105E+01  2.073E+00  2.635E+00  6.658E-01  2.712E-01
  1.883E+00  1.104E+01  2.071E+00  2.632E+00  6.658E-01  2.709E-01
  1.889E+00  1.103E+01  2.069E+00  2.630E+00  6.659E-01  2.706E-01
  1.895E+00  1.103E+01  2.068E+00  2.627E+00  6.659E-01  2.704E-01
  1.902E+00  1.102E+01  2.066E+00  2.625E+00  6.659E-01  2.701E-01
  1.908E+00  1.101E+01  2.065E+00  2.622E+00  6.660E-01  2.698E-01
  1.915E+00  1.101E+01  2.063E+00  2.620E+00  6.660E-01  2.696E-01
  1.921E+00  1.100E+01  2.062E+00  2.617E+00  6.661E-01  2.693E-01
  1.928E+00  1.099E+01  2.060E+00  2.615E+00  6.661E-01  2.691E-01
  1.935E+00  1.099E+01  2.059E+00  2.612E+00  6.662E-01  2.688E-01
  1.941E+00  1.098E+01  2.057E+00  2.609E+00  6.662E-01  2.685E-01
  1.948E+00  1.097E+01  2.056E+00  2.607E+00  6.663E-01  2.683E-01
  1.954E+00  1.096E+01  2.054E+00  2.604E+00  6.663E-01  2.680E-01
  1.961E+00  1.096E+01  2.052E+00  2.602E+00  6.664E-01  2.677E-01
  1.968E+00  1.095E+01  2.051E+00  2.599E+00  6.664E-01  2.674E-01
  1.974E+00  1.094E+01  2.049E+00  2.597E+00  6.665E-01  2.672E-01
  1.981E+00  1.094E+01  2.048E+00  2.594E+00  6.665E-01  2.669E-01
  1.988E+00  1.093E+01  2.046E+00  2.592E+00  6.666E-01  2.666E-01
  1.995E+00  1.092E+01  2.045E+00  2.589E+00  6.666E-01  2.664E-01
  2.001E+00  1.092E+01  2.043E+00  2.587E+00  6.667E-01  2.661E-01
  2.008E+00  1.091E+01  2.042E+00  2.584E+00  6.667E-01  2.658E-01
  2.015E+00  1.090E+01  2.040E+00  2.582E+00  6.668E-01  2.656E-01
  2.022E+00  1.090E+01  2.038E+00  2.579E+00  6.668E-01  2.653E-01
  2.029E+00  1.089E+01  2.037E+00  2.577E+00  6.669E-01  2.650E-01
  2.036E+00  1.088E+01  2.035E+00  2.574E+00  6.670E-01  2.648E-01
  2.043E+00  1.087E+01  2.034E+00  2.572E+00  6.670E-01  2.645E-01
  2.050E+00  1.087E+01  2.032E+00  2.569E+00  6.671E-01  2.642E-01
  2.057E+00  1.086E+01  2.031E+00  2.567E+00  6.671E-01  2.639E-01
  2.064E+00  1.085E+01  2.029E+00  2.564E+00  6.672E-01  2.637E-01
  2.071E+00  1.085E+01  2.028E+00  2.562E+00  6.672E-01  2.634E-01
  2.078E+00  1.084E+01  2.026E+00  2.559E+00  6.673E-01  2.631E-01
  2.085E+00  1.083E+01  2.024E+00  2.557E+00  6.674E-01  2.629E-01
  2.092E+00  1.083E+01  2.023E+00  2.554E+00  6.674E-01  2.626E-01
  2.099E+00  1.082E+01  2.021E+00  2.552E+00  6.675E-01  2.623E-01
  2.106E+00  1.081E+01  2.020E+00  2.549E+00  6.675E-01  2.620E-01
  2.113E+00  1.081E+01  2.018E+00  2.546E+00  6.676E-01  2.618E-01
  2.121E+00  1.080E+01  2.017E+00  2.544E+00  6.677E-01  2.615E-01
  2.128E+00  1.079E+01  2.015E+00  2.541E+00  6.677E-01  2.612E-01
  2.135E+00  1.079E+01  2.013E+00  2.539E+00  6.678E-01  2.609E-01
  2.142E+00  1.078E+01  2.012E+00  2.536E+00  6.678E-01  2.607E-01
  2.150E+00  1.077E+01  2.010E+00  2.534E+00  6.679E-01  2.604E-01
  2.157E+00  1.077E+01  2.009E+00  2.531E+00  6.680E-01  2.601E-01
  2.164E+00  1.076E+01  2.007E+00  2.529E+00  6.680E-01  2.598E-01
  2.172E+00  1.075E+01  2.006E+00  2.526E+00  6.681E-01  2.595E-01
  2.179E+00  1.075E+01  2.004E+00  2.524E+00  6.682E-01  2.593E-01
  2.187E+00  1.074E+01  2.003E+00  2.521E+00  6.682E-01  2.590E-01
  2.194E+00  1.073E+01  2.001E+00  2.519E+00  6.683E-01  2.587E-01
  2.201E+00  1.073E+01  1.999E+00  2.516E+00  6.684E-01  2.584E-01
  2.209E+00  1.072E+01  1.998E+00  2.514E+00  6.684E-01  2.582E-01
  2.216E+00  1.071E+01  1.996E+00  2.511E+00  6.685E-01  2.579E-01
  2.224E+00  1.071E+01  1.995E+00  2.509E+00  6.686E-01  2.576E-01
  2.232E+00  1.070E+01  1.993E+00  2.506E+00  6.686E-01  2.573E-01
  2.239E+00  1.069E+01  1.992E+00  2.503E+00  6.687E-01  2.571E-01
  2.247E+00  1.069E+01  1.990E+00  2.501E+00  6.688E-01  2.568E-01
  2.254E+00  1.068E+01  1.988E+00  2.498E+00  6.688E-01  2.565E-01
  2.262E+00  1.067E+01  1.987E+00  2.496E+00  6.689E-01  2.562E-01
  2.270E+00  1.067E+01  1.985E+00  2.493E+00  6.690E-01  2.559E-01
  2.278E+00  1.066E+01  1.984E+00  2.491E+00  6.690E-01  2.557E-01
  2.285E+00  1.065E+01  1.982E+00  2.488E+00  6.691E-01  2.554E-01
  2.293E+00  1.065E+01  1.981E+00  2.486E+00  6.692E-01  2.551E-01
  2.301E+00  1.064E+01  1.979E+00  2.483E+00  6.693E-01  2.548E-01
  2.309E+00  1.063E+01  1.977E+00  2.481E+00  6.693E-01  2.545E-01
  2.317E+00  1.063E+01  1.976E+00  2.478E+00  6.694E-01  2.543E-01
  2.325E+00  1.062E+01  1.974E+00  2.476E+00  6.695E-01  2.540E-01
  2.332E+00  1.061E+01  1.973E+00  2.473E+00  6.695E-01  2.537E-01
  2.340E+00  1.061E+01  1.971E+00  2.471E+00  6.696E-01  2.534E-01
  2.348E+00  1.060E+01  1.970E+00  2.468E+00  6.697E-01  2.531E-01
  2.356E+00  1.059E+01  1.968E+00  2.466E+00  6.698E-01  2.529E-01
  2.364E+00  1.059E+01  1.966E+00  2.463E+00  6.698E-01  2.526E-01
  2.372E+00  1.058E+01  1.965E+00  2.461E+00  6.699E-01  2.523E-01
  2.381E+00  1.057E+01  1.963E+00  2.458E+00  6.700E-01  2.520E-01
  2.389E+00  1.057E+01  1.962E+00  2.456E+00  6.701E-01  2.517E-01
  2.397E+00  1.056E+01  1.960E+00  2.453E+00  6.701E-01  2.515E-01
  2.405E+00  1.055E+01  1.959E+00  2.451E+00  6.702E-01  2.512E-01
  2.413E+00  1.055E+01  1.957E+00  2.448E+00  6.703E-01  2.509E-01
  2.421E+00  1.054E+01  1.956E+00  2.446E+00  6.704E-01  2.506E-01
  2.430E+00  1.053E+01  1.954E+00  2.443E+00  6.705E-01  2.503E-01
  2.438E+00  1.053E+01  1.952E+00  2.441E+00  6.705E-01  2.500E-01
  2.446E+00  1.052E+01  1.951E+00  2.438E+00  6.706E-01  2.498E-01
  2.455E+00  1.052E+01  1.949E+00  2.436E+00  6.707E-01  2.495E-01
  2.463E+00  1.051E+01  1.948E+00  2.433E+00  6.708E-01  2.492E-01
  2.471E+00  1.050E+01  1.946E+00  2.431E+00  6.708E-01  2.489E-01
  2.480E+00  1.050E+01  1.945E+00  2.428E+00  6.709E-01  2.486E-01
  2.488E+00  1.049E+01  1.943E+00  2.426E+00  6.710E-01  2.483E-01
  2.497E+00  1.048E+01  1.941E+00  2.423E+00  6.711E-01  2.480E-01
  2.505E+00  1.048E+01  1.940E+00  2.421E+00  6.712E-01  2.478E-01
  2.514E+00  1.047E+01  1.938E+00  2.418E+00  6.713E-01  2.475E-01
  2.522E+00  1.046E+01  1.937E+00  2.416E+00  6.713E-01  2.472E-01
  2.531E+00  1.046E+01  1.935E+00  2.413E+00  6.714E-01  2.469E-01
  2.539E+00  1.045E+01  1.934E+00  2.411E+00  6.715E-01  2.466E-01
  2.548E+00  1.045E+01  1.932E+00  2.408E+00  6.716E-01  2.463E-01
  2.557E+00  1.044E+01  1.931E+00  2.406E+00  6.717E-01  2.460E-01
  2.566E+00  1.043E+01  1.929E+00  2.403E+00  6.718E-01  2.458E-01
  2.574E+00  1.043E+01  1.927E+00  2.401E+00  6.718E-01  2.455E-01
  2.583E+00  1.042E+01  1.926E+00  2.398E+00  6.719E-01  2.452E-01
  2.592E+00  1.041E+01  1.924E+00  2.396E+00  6.720E-01  2.449E-01
  2.601E+00  1.041E+01  1.923E+00  2.393E+00  6.721E-01  2.446E-01
  2.610E+00  1.040E+01  1.921E+00  2.391E+00  6.722E-01  2.443E-01
  2.618E+00  1.040E+01  1.920E+00  2.388E+00  6.723E-01  2.441E-01
  2.627E+00  1.039E+01  1.918E+00  2.386E+00  6.724E-01  2.438E-01
  2.636E+00  1.038E+01  1.917E+00  2.383E+00  6.724E-01  2.435E-01
  2.645E+00  1.038E+01  1.915E+00  2.381E+00  6.725E-01  2.432E-01
  2.654E+00  1.037E+01  1.913E+00  2.378E+00  6.726E-01  2.429E-01
  2.663E+00  1.036E+01  1.912E+00  2.376E+00  6.727E-01  2.426E-01
  2.672E+00  1.036E+01  1.910E+00  2.373E+00  6.728E-01  2.423E-01
  2.682E+00  1.035E+01  1.909E+00  2.371E+00  6.729E-01  2.420E-01
  2.691E+00  1.035E+01  1.907E+00  2.368E+00  6.730E-01  2.418E-01
  2.700E+00  1.034E+01  1.906E+00  2.366E+00  6.731E-01  2.415E-01
  2.709E+00  1.033E+01  1.904E+00  2.363E+00  6.732E-01  2.412E-01
  2.718E+00  1.033E+01  1.903E+00  2.361E+00  6.732E-01  2.409E-01
  2.728E+00  1.032E+01  1.901E+00  2.358E+00  6.733E-01  2.406E-01
  2.737E+00  1.032E+01  1.899E+00  2.356E+00  6.734E-01  2.403E-01
  2.746E+00  1.031E+01  1.898E+00  2.353E+00  6.735E-01  2.400E-01
  2.755E+00  1.030E+01  1.896E+00  2.351E+00  6.736E-01  2.398E-01
  2.765E+00  1.030E+01  1.895E+00  2.349E+00  6.737E-01  2.395E-01
  2.774E+00  1.029E+01  1.893E+00  2.346E+00  6.738E-01  2.392E-01
  2.784E+00  1.029E+01  1.892E+00  2.344E+00  6.739E-01  2.389E-01
  2.793E+00  1.028E+01  1.890E+00  2.341E+00  6.740E-01  2.386E-01
  2.803E+00  1.027E+01  1.889E+00  2.339E+00  6.741E-01  2.383E-01
  2.812E+00  1.027E+01  1.887E+00  2.336E+00  6.742E-01  2.380E-01
  2.822E+00  1.026E+01  1.885E+00  2.334E+00  6.743E-01  2.377E-01
  2.831E+00  1.026E+01  1.884E+00  2.331E+00  6.744E-01  2.374E-01
  2.841E+00  1.025E+01  1.882E+00  2.329E+00  6.745E-01  2.372E-01
  2.851E+00  1.024E+01  1.881E+00  2.326E+00  6.746E-01  2.369E-01
  2.861E+00  1.024E+01  1.879E+00  2.324E+00  6.747E-01  2.366E-01
  2.870E+00  1.023E+01  1.878E+00  2.321E+00  6.747E-01  2.363E-01
  2.880E+00  1.023E+01  1.876E+00  2.319E+00  6.748E-01  2.360E-01
  2.890E+00  1.022E+01  1.875E+00  2.317E+00  6.749E-01  2.357E-01
  2.900E+00  1.021E+01  1.873E+00  2.314E+00  6.750E-01  2.354E-01
  2.910E+00  1.021E+01  1.872E+00  2.312E+00  6.751E-01  2.351E-01
  2.920E+00  1.020E+01  1.870E+00  2.309E+00  6.752E-01  2.349E-01
  2.929E+00  1.020E+01  1.869E+00  2.307E+00  6.753E-01  2.346E-01
  2.939E+00  1.019E+01  1.867E+00  2.304E+00  6.754E-01  2.343E-01
  2.949E+00  1.018E+01  1.866E+00  2.302E+00  6.755E-01  2.340E-01
  2.960E+00  1.018E+01  1.864E+00  2.300E+00  6.756E-01  2.337E-01
  2.970E+00  1.017E+01  1.862E+00  2.297E+00  6.757E-01  2.334E-01
  2.980E+00  1.017E+01  1.861E+00  2.295E+00  6.758E-01  2.331E-01
  2.990E+00  1.016E+01  1.859E+00  2.292E+00  6.759E-01  2.328E-01
  3.000E+00  1.016E+01  1.858E+00  2.290E+00  6.760E-01  2.325E-01
