 5 1000

       EOS file : /Users/dany/Work/NStar/eos/quark/strange_eos_06_135_200.dat 

    rhoc        rad    grav. mass   b. mass  red shift  % binding 

  2.172E-01  7.929E-01  3.757E-04  3.817E-04  9.993E-01  1.584E-02
  2.179E-01  1.535E+00  2.730E-03  2.776E-03  9.974E-01  1.702E-02
  2.186E-01  2.017E+00  6.202E-03  6.315E-03  9.954E-01  1.820E-02
  2.194E-01  2.400E+00  1.046E-02  1.066E-02  9.935E-01  1.938E-02
  2.201E-01  2.726E+00  1.535E-02  1.567E-02  9.916E-01  2.055E-02
  2.209E-01  3.013E+00  2.076E-02  2.121E-02  9.897E-01  2.171E-02
  2.216E-01  3.273E+00  2.665E-02  2.726E-02  9.878E-01  2.286E-02
  2.224E-01  3.512E+00  3.295E-02  3.375E-02  9.860E-01  2.402E-02
  2.232E-01  3.733E+00  3.963E-02  4.063E-02  9.841E-01  2.517E-02
  2.239E-01  3.939E+00  4.663E-02  4.786E-02  9.823E-01  2.631E-02
  2.247E-01  4.133E+00  5.394E-02  5.542E-02  9.804E-01  2.745E-02
  2.254E-01  4.315E+00  6.149E-02  6.325E-02  9.786E-01  2.858E-02
  2.262E-01  4.489E+00  6.933E-02  7.139E-02  9.768E-01  2.970E-02
  2.270E-01  4.655E+00  7.741E-02  7.979E-02  9.750E-01  3.083E-02
  2.278E-01  4.814E+00  8.570E-02  8.843E-02  9.732E-01  3.195E-02
  2.285E-01  4.965E+00  9.417E-02  9.728E-02  9.714E-01  3.306E-02
  2.293E-01  5.110E+00  1.028E-01  1.063E-01  9.697E-01  3.417E-02
  2.301E-01  5.250E+00  1.116E-01  1.156E-01  9.679E-01  3.526E-02
  2.309E-01  5.384E+00  1.206E-01  1.250E-01  9.662E-01  3.636E-02
  2.317E-01  5.514E+00  1.297E-01  1.345E-01  9.645E-01  3.745E-02
  2.324E-01  5.639E+00  1.389E-01  1.443E-01  9.627E-01  3.853E-02
  2.332E-01  5.761E+00  1.483E-01  1.542E-01  9.610E-01  3.962E-02
  2.340E-01  5.879E+00  1.579E-01  1.643E-01  9.593E-01  4.070E-02
  2.348E-01  5.992E+00  1.674E-01  1.744E-01  9.576E-01  4.177E-02
  2.356E-01  6.103E+00  1.771E-01  1.847E-01  9.560E-01  4.283E-02
  2.364E-01  6.212E+00  1.870E-01  1.952E-01  9.543E-01  4.390E-02
  2.372E-01  6.315E+00  1.968E-01  2.056E-01  9.526E-01  4.495E-02
  2.380E-01  6.417E+00  2.067E-01  2.162E-01  9.510E-01  4.601E-02
  2.389E-01  6.517E+00  2.168E-01  2.270E-01  9.493E-01  4.706E-02
  2.397E-01  6.613E+00  2.268E-01  2.377E-01  9.477E-01  4.810E-02
  2.405E-01  6.707E+00  2.370E-01  2.487E-01  9.461E-01  4.914E-02
  2.413E-01  6.799E+00  2.472E-01  2.596E-01  9.445E-01  5.017E-02
  2.421E-01  6.888E+00  2.575E-01  2.707E-01  9.429E-01  5.120E-02
  2.430E-01  6.976E+00  2.678E-01  2.818E-01  9.413E-01  5.223E-02
  2.438E-01  7.061E+00  2.781E-01  2.929E-01  9.397E-01  5.324E-02
  2.446E-01  7.145E+00  2.886E-01  3.042E-01  9.382E-01  5.426E-02
  2.454E-01  7.226E+00  2.989E-01  3.154E-01  9.366E-01  5.527E-02
  2.463E-01  7.307E+00  3.094E-01  3.269E-01  9.350E-01  5.628E-02
  2.471E-01  7.384E+00  3.199E-01  3.382E-01  9.335E-01  5.728E-02
  2.480E-01  7.461E+00  3.304E-01  3.497E-01  9.320E-01  5.828E-02
  2.488E-01  7.536E+00  3.409E-01  3.611E-01  9.304E-01  5.926E-02
  2.497E-01  7.609E+00  3.514E-01  3.726E-01  9.289E-01  6.025E-02
  2.505E-01  7.681E+00  3.620E-01  3.842E-01  9.274E-01  6.124E-02
  2.514E-01  7.751E+00  3.725E-01  3.957E-01  9.259E-01  6.221E-02
  2.522E-01  7.821E+00  3.832E-01  4.074E-01  9.244E-01  6.320E-02
  2.531E-01  7.887E+00  3.937E-01  4.189E-01  9.230E-01  6.415E-02
  2.539E-01  7.954E+00  4.043E-01  4.307E-01  9.215E-01  6.513E-02
  2.548E-01  8.019E+00  4.148E-01  4.422E-01  9.200E-01  6.608E-02
  2.557E-01  8.083E+00  4.254E-01  4.539E-01  9.186E-01  6.704E-02
  2.565E-01  8.146E+00  4.361E-01  4.657E-01  9.171E-01  6.800E-02
  2.574E-01  8.207E+00  4.465E-01  4.773E-01  9.157E-01  6.894E-02
  2.583E-01  8.267E+00  4.572E-01  4.891E-01  9.143E-01  6.989E-02
  2.592E-01  8.326E+00  4.677E-01  5.008E-01  9.128E-01  7.082E-02
  2.601E-01  8.384E+00  4.782E-01  5.125E-01  9.114E-01  7.175E-02
  2.609E-01  8.442E+00  4.889E-01  5.244E-01  9.100E-01  7.270E-02
  2.618E-01  8.497E+00  4.992E-01  5.360E-01  9.086E-01  7.361E-02
  2.627E-01  8.553E+00  5.097E-01  5.477E-01  9.073E-01  7.453E-02
  2.636E-01  8.607E+00  5.203E-01  5.596E-01  9.059E-01  7.546E-02
  2.645E-01  8.660E+00  5.307E-01  5.712E-01  9.045E-01  7.636E-02
  2.654E-01  8.712E+00  5.411E-01  5.830E-01  9.031E-01  7.727E-02
  2.663E-01  8.764E+00  5.516E-01  5.948E-01  9.018E-01  7.818E-02
  2.672E-01  8.814E+00  5.619E-01  6.064E-01  9.004E-01  7.907E-02
  2.681E-01  8.864E+00  5.723E-01  6.181E-01  8.991E-01  7.997E-02
  2.691E-01  8.913E+00  5.828E-01  6.299E-01  8.977E-01  8.087E-02
  2.700E-01  8.961E+00  5.930E-01  6.414E-01  8.964E-01  8.175E-02
  2.709E-01  9.008E+00  6.033E-01  6.531E-01  8.951E-01  8.264E-02
  2.718E-01  9.055E+00  6.137E-01  6.649E-01  8.938E-01  8.353E-02
  2.727E-01  9.100E+00  6.238E-01  6.764E-01  8.925E-01  8.439E-02
  2.737E-01  9.145E+00  6.340E-01  6.880E-01  8.912E-01  8.526E-02
  2.746E-01  9.190E+00  6.442E-01  6.997E-01  8.899E-01  8.614E-02
  2.755E-01  9.233E+00  6.543E-01  7.112E-01  8.886E-01  8.700E-02
  2.765E-01  9.276E+00  6.644E-01  7.227E-01  8.874E-01  8.785E-02
  2.774E-01  9.318E+00  6.745E-01  7.343E-01  8.861E-01  8.871E-02
  2.784E-01  9.360E+00  6.846E-01  7.459E-01  8.848E-01  8.957E-02
  2.793E-01  9.400E+00  6.945E-01  7.573E-01  8.836E-01  9.041E-02
  2.803E-01  9.441E+00  7.045E-01  7.687E-01  8.823E-01  9.125E-02
  2.812E-01  9.481E+00  7.145E-01  7.803E-01  8.811E-01  9.210E-02
  2.822E-01  9.520E+00  7.243E-01  7.916E-01  8.799E-01  9.293E-02
  2.831E-01  9.558E+00  7.341E-01  8.029E-01  8.787E-01  9.375E-02
  2.841E-01  9.596E+00  7.440E-01  8.143E-01  8.774E-01  9.458E-02
  2.851E-01  9.633E+00  7.539E-01  8.258E-01  8.762E-01  9.542E-02
  2.860E-01  9.669E+00  7.635E-01  8.369E-01  8.750E-01  9.623E-02
  2.870E-01  9.705E+00  7.731E-01  8.482E-01  8.738E-01  9.704E-02
  2.880E-01  9.741E+00  7.829E-01  8.595E-01  8.726E-01  9.786E-02
  2.890E-01  9.777E+00  7.926E-01  8.708E-01  8.714E-01  9.867E-02
  2.900E-01  9.811E+00  8.020E-01  8.818E-01  8.703E-01  9.946E-02
  2.909E-01  9.845E+00  8.115E-01  8.929E-01  8.691E-01  1.003E-01
  2.919E-01  9.878E+00  8.211E-01  9.041E-01  8.679E-01  1.011E-01
  2.929E-01  9.911E+00  8.306E-01  9.152E-01  8.668E-01  1.019E-01
  2.939E-01  9.944E+00  8.399E-01  9.261E-01  8.656E-01  1.026E-01
  2.949E-01  9.976E+00  8.493E-01  9.371E-01  8.645E-01  1.034E-01
  2.959E-01  1.001E+01  8.586E-01  9.481E-01  8.633E-01  1.042E-01
  2.969E-01  1.004E+01  8.680E-01  9.591E-01  8.622E-01  1.050E-01
  2.980E-01  1.007E+01  8.771E-01  9.699E-01  8.611E-01  1.058E-01
  2.990E-01  1.010E+01  8.863E-01  9.807E-01  8.600E-01  1.065E-01
  3.000E-01  1.013E+01  8.955E-01  9.915E-01  8.588E-01  1.073E-01
  3.010E-01  1.016E+01  9.047E-01  1.002E+00  8.577E-01  1.081E-01
  3.020E-01  1.019E+01  9.136E-01  1.013E+00  8.566E-01  1.088E-01
  3.031E-01  1.022E+01  9.226E-01  1.024E+00  8.555E-01  1.096E-01
  3.041E-01  1.024E+01  9.316E-01  1.034E+00  8.544E-01  1.103E-01
  3.051E-01  1.027E+01  9.406E-01  1.045E+00  8.533E-01  1.111E-01
  3.062E-01  1.030E+01  9.495E-01  1.056E+00  8.523E-01  1.118E-01
  3.072E-01  1.032E+01  9.582E-01  1.066E+00  8.512E-01  1.126E-01
  3.083E-01  1.035E+01  9.670E-01  1.077E+00  8.501E-01  1.133E-01
  3.093E-01  1.038E+01  9.758E-01  1.087E+00  8.491E-01  1.140E-01
  3.104E-01  1.040E+01  9.846E-01  1.098E+00  8.480E-01  1.148E-01
  3.114E-01  1.043E+01  9.931E-01  1.108E+00  8.470E-01  1.155E-01
  3.125E-01  1.045E+01  1.002E+00  1.118E+00  8.459E-01  1.162E-01
  3.136E-01  1.048E+01  1.010E+00  1.128E+00  8.449E-01  1.169E-01
  3.146E-01  1.050E+01  1.019E+00  1.139E+00  8.439E-01  1.176E-01
  3.157E-01  1.053E+01  1.027E+00  1.149E+00  8.428E-01  1.184E-01
  3.168E-01  1.055E+01  1.036E+00  1.159E+00  8.418E-01  1.191E-01
  3.179E-01  1.057E+01  1.044E+00  1.169E+00  8.408E-01  1.198E-01
  3.189E-01  1.060E+01  1.052E+00  1.179E+00  8.398E-01  1.205E-01
  3.200E-01  1.062E+01  1.061E+00  1.189E+00  8.388E-01  1.212E-01
  3.211E-01  1.064E+01  1.069E+00  1.199E+00  8.378E-01  1.219E-01
  3.222E-01  1.066E+01  1.077E+00  1.209E+00  8.368E-01  1.225E-01
  3.233E-01  1.068E+01  1.085E+00  1.219E+00  8.358E-01  1.232E-01
  3.244E-01  1.070E+01  1.093E+00  1.229E+00  8.348E-01  1.239E-01
  3.255E-01  1.073E+01  1.101E+00  1.239E+00  8.338E-01  1.246E-01
  3.266E-01  1.075E+01  1.109E+00  1.248E+00  8.328E-01  1.253E-01
  3.277E-01  1.077E+01  1.117E+00  1.258E+00  8.319E-01  1.259E-01
  3.288E-01  1.079E+01  1.125E+00  1.268E+00  8.309E-01  1.266E-01
  3.300E-01  1.081E+01  1.133E+00  1.277E+00  8.300E-01  1.273E-01
  3.311E-01  1.083E+01  1.141E+00  1.287E+00  8.290E-01  1.279E-01
  3.322E-01  1.085E+01  1.149E+00  1.296E+00  8.280E-01  1.286E-01
  3.334E-01  1.086E+01  1.156E+00  1.306E+00  8.271E-01  1.293E-01
  3.345E-01  1.088E+01  1.164E+00  1.315E+00  8.262E-01  1.299E-01
  3.356E-01  1.090E+01  1.172E+00  1.325E+00  8.252E-01  1.306E-01
  3.368E-01  1.092E+01  1.179E+00  1.334E+00  8.243E-01  1.312E-01
  3.379E-01  1.094E+01  1.187E+00  1.343E+00  8.234E-01  1.319E-01
  3.391E-01  1.095E+01  1.194E+00  1.353E+00  8.225E-01  1.325E-01
  3.402E-01  1.097E+01  1.202E+00  1.362E+00  8.216E-01  1.331E-01
  3.414E-01  1.099E+01  1.209E+00  1.371E+00  8.207E-01  1.338E-01
  3.425E-01  1.101E+01  1.216E+00  1.380E+00  8.197E-01  1.344E-01
  3.437E-01  1.102E+01  1.224E+00  1.389E+00  8.188E-01  1.350E-01
  3.449E-01  1.104E+01  1.231E+00  1.398E+00  8.179E-01  1.357E-01
  3.461E-01  1.106E+01  1.238E+00  1.407E+00  8.171E-01  1.363E-01
  3.472E-01  1.107E+01  1.245E+00  1.416E+00  8.162E-01  1.369E-01
  3.484E-01  1.109E+01  1.252E+00  1.425E+00  8.153E-01  1.375E-01
  3.496E-01  1.110E+01  1.259E+00  1.433E+00  8.144E-01  1.381E-01
  3.508E-01  1.112E+01  1.267E+00  1.442E+00  8.135E-01  1.387E-01
  3.520E-01  1.113E+01  1.274E+00  1.451E+00  8.127E-01  1.393E-01
  3.532E-01  1.115E+01  1.281E+00  1.460E+00  8.118E-01  1.399E-01
  3.544E-01  1.116E+01  1.287E+00  1.468E+00  8.110E-01  1.405E-01
  3.556E-01  1.118E+01  1.294E+00  1.477E+00  8.101E-01  1.411E-01
  3.568E-01  1.119E+01  1.301E+00  1.485E+00  8.093E-01  1.417E-01
  3.580E-01  1.120E+01  1.308E+00  1.494E+00  8.084E-01  1.423E-01
  3.593E-01  1.122E+01  1.315E+00  1.502E+00  8.076E-01  1.429E-01
  3.605E-01  1.123E+01  1.321E+00  1.511E+00  8.067E-01  1.435E-01
  3.617E-01  1.124E+01  1.328E+00  1.519E+00  8.059E-01  1.440E-01
  3.629E-01  1.126E+01  1.334E+00  1.527E+00  8.051E-01  1.446E-01
  3.642E-01  1.127E+01  1.341E+00  1.536E+00  8.043E-01  1.452E-01
  3.654E-01  1.128E+01  1.347E+00  1.544E+00  8.034E-01  1.458E-01
  3.667E-01  1.129E+01  1.354E+00  1.552E+00  8.026E-01  1.463E-01
  3.679E-01  1.131E+01  1.360E+00  1.560E+00  8.018E-01  1.469E-01
  3.692E-01  1.132E+01  1.367E+00  1.568E+00  8.010E-01  1.474E-01
  3.704E-01  1.133E+01  1.373E+00  1.576E+00  8.002E-01  1.480E-01
  3.717E-01  1.134E+01  1.379E+00  1.584E+00  7.994E-01  1.485E-01
  3.729E-01  1.135E+01  1.386E+00  1.592E+00  7.986E-01  1.491E-01
  3.742E-01  1.136E+01  1.392E+00  1.600E+00  7.978E-01  1.497E-01
  3.755E-01  1.138E+01  1.398E+00  1.608E+00  7.970E-01  1.502E-01
  3.768E-01  1.139E+01  1.404E+00  1.616E+00  7.962E-01  1.507E-01
  3.781E-01  1.140E+01  1.410E+00  1.623E+00  7.955E-01  1.513E-01
  3.793E-01  1.141E+01  1.416E+00  1.631E+00  7.947E-01  1.518E-01
  3.806E-01  1.142E+01  1.422E+00  1.639E+00  7.939E-01  1.523E-01
  3.819E-01  1.143E+01  1.428E+00  1.646E+00  7.932E-01  1.529E-01
  3.832E-01  1.144E+01  1.434E+00  1.654E+00  7.924E-01  1.534E-01
  3.845E-01  1.145E+01  1.440E+00  1.662E+00  7.916E-01  1.539E-01
  3.859E-01  1.146E+01  1.446E+00  1.669E+00  7.909E-01  1.545E-01
  3.872E-01  1.147E+01  1.452E+00  1.676E+00  7.901E-01  1.550E-01
  3.885E-01  1.148E+01  1.457E+00  1.684E+00  7.894E-01  1.555E-01
  3.898E-01  1.149E+01  1.463E+00  1.691E+00  7.887E-01  1.560E-01
  3.911E-01  1.150E+01  1.469E+00  1.699E+00  7.879E-01  1.565E-01
  3.925E-01  1.150E+01  1.474E+00  1.706E+00  7.872E-01  1.570E-01
  3.938E-01  1.151E+01  1.480E+00  1.713E+00  7.864E-01  1.575E-01
  3.951E-01  1.152E+01  1.485E+00  1.720E+00  7.857E-01  1.580E-01
  3.965E-01  1.153E+01  1.491E+00  1.727E+00  7.850E-01  1.585E-01
  3.978E-01  1.154E+01  1.496E+00  1.734E+00  7.843E-01  1.590E-01
  3.992E-01  1.155E+01  1.502E+00  1.741E+00  7.836E-01  1.595E-01
  4.006E-01  1.155E+01  1.507E+00  1.748E+00  7.829E-01  1.600E-01
  4.019E-01  1.156E+01  1.513E+00  1.755E+00  7.821E-01  1.605E-01
  4.033E-01  1.157E+01  1.518E+00  1.762E+00  7.814E-01  1.610E-01
  4.047E-01  1.158E+01  1.523E+00  1.769E+00  7.807E-01  1.614E-01
  4.060E-01  1.159E+01  1.528E+00  1.776E+00  7.800E-01  1.619E-01
  4.074E-01  1.159E+01  1.534E+00  1.783E+00  7.794E-01  1.624E-01
  4.088E-01  1.160E+01  1.539E+00  1.789E+00  7.787E-01  1.629E-01
  4.102E-01  1.161E+01  1.544E+00  1.796E+00  7.780E-01  1.633E-01
  4.116E-01  1.161E+01  1.549E+00  1.803E+00  7.773E-01  1.638E-01
  4.130E-01  1.162E+01  1.554E+00  1.809E+00  7.766E-01  1.643E-01
  4.144E-01  1.163E+01  1.559E+00  1.816E+00  7.759E-01  1.647E-01
  4.158E-01  1.163E+01  1.564E+00  1.822E+00  7.753E-01  1.652E-01
  4.172E-01  1.164E+01  1.569E+00  1.829E+00  7.746E-01  1.656E-01
  4.187E-01  1.165E+01  1.574E+00  1.835E+00  7.739E-01  1.661E-01
  4.201E-01  1.165E+01  1.579E+00  1.841E+00  7.733E-01  1.665E-01
  4.215E-01  1.166E+01  1.583E+00  1.848E+00  7.726E-01  1.670E-01
  4.230E-01  1.166E+01  1.588E+00  1.854E+00  7.719E-01  1.675E-01
  4.244E-01  1.167E+01  1.593E+00  1.860E+00  7.713E-01  1.679E-01
  4.258E-01  1.168E+01  1.598E+00  1.867E+00  7.706E-01  1.683E-01
  4.273E-01  1.168E+01  1.602E+00  1.873E+00  7.700E-01  1.688E-01
  4.288E-01  1.169E+01  1.607E+00  1.879E+00  7.694E-01  1.692E-01
  4.302E-01  1.169E+01  1.611E+00  1.885E+00  7.687E-01  1.696E-01
  4.317E-01  1.170E+01  1.616E+00  1.891E+00  7.681E-01  1.701E-01
  4.332E-01  1.170E+01  1.621E+00  1.897E+00  7.674E-01  1.705E-01
  4.346E-01  1.171E+01  1.625E+00  1.903E+00  7.668E-01  1.709E-01
  4.361E-01  1.171E+01  1.630E+00  1.909E+00  7.662E-01  1.713E-01
  4.376E-01  1.172E+01  1.634E+00  1.915E+00  7.656E-01  1.717E-01
  4.391E-01  1.172E+01  1.638E+00  1.920E+00  7.649E-01  1.722E-01
  4.406E-01  1.173E+01  1.643E+00  1.926E+00  7.643E-01  1.726E-01
  4.421E-01  1.173E+01  1.647E+00  1.932E+00  7.637E-01  1.730E-01
  4.436E-01  1.173E+01  1.651E+00  1.938E+00  7.631E-01  1.734E-01
  4.451E-01  1.174E+01  1.656E+00  1.943E+00  7.625E-01  1.738E-01
  4.466E-01  1.174E+01  1.660E+00  1.949E+00  7.619E-01  1.742E-01
  4.481E-01  1.175E+01  1.664E+00  1.955E+00  7.613E-01  1.746E-01
  4.497E-01  1.175E+01  1.668E+00  1.960E+00  7.607E-01  1.750E-01
  4.512E-01  1.175E+01  1.672E+00  1.966E+00  7.601E-01  1.754E-01
  4.527E-01  1.176E+01  1.676E+00  1.971E+00  7.595E-01  1.758E-01
  4.543E-01  1.176E+01  1.680E+00  1.976E+00  7.589E-01  1.762E-01
  4.558E-01  1.177E+01  1.684E+00  1.982E+00  7.583E-01  1.766E-01
  4.574E-01  1.177E+01  1.688E+00  1.987E+00  7.578E-01  1.769E-01
  4.589E-01  1.177E+01  1.692E+00  1.993E+00  7.572E-01  1.773E-01
  4.605E-01  1.178E+01  1.696E+00  1.998E+00  7.566E-01  1.777E-01
  4.621E-01  1.178E+01  1.700E+00  2.003E+00  7.560E-01  1.781E-01
  4.636E-01  1.178E+01  1.704E+00  2.008E+00  7.555E-01  1.785E-01
  4.652E-01  1.178E+01  1.708E+00  2.013E+00  7.549E-01  1.788E-01
  4.668E-01  1.179E+01  1.712E+00  2.018E+00  7.543E-01  1.792E-01
  4.684E-01  1.179E+01  1.715E+00  2.023E+00  7.538E-01  1.796E-01
  4.700E-01  1.179E+01  1.719E+00  2.028E+00  7.532E-01  1.799E-01
  4.716E-01  1.179E+01  1.723E+00  2.033E+00  7.526E-01  1.803E-01
  4.732E-01  1.180E+01  1.727E+00  2.038E+00  7.521E-01  1.807E-01
  4.748E-01  1.180E+01  1.730E+00  2.043E+00  7.515E-01  1.810E-01
  4.764E-01  1.180E+01  1.734E+00  2.048E+00  7.510E-01  1.814E-01
  4.781E-01  1.180E+01  1.737E+00  2.053E+00  7.504E-01  1.817E-01
  4.797E-01  1.181E+01  1.741E+00  2.058E+00  7.499E-01  1.821E-01
  4.813E-01  1.181E+01  1.744E+00  2.063E+00  7.494E-01  1.824E-01
  4.830E-01  1.181E+01  1.748E+00  2.067E+00  7.488E-01  1.828E-01
  4.846E-01  1.181E+01  1.751E+00  2.072E+00  7.483E-01  1.831E-01
  4.863E-01  1.181E+01  1.755E+00  2.077E+00  7.478E-01  1.834E-01
  4.879E-01  1.182E+01  1.758E+00  2.081E+00  7.472E-01  1.838E-01
  4.896E-01  1.182E+01  1.762E+00  2.086E+00  7.467E-01  1.841E-01
  4.912E-01  1.182E+01  1.765E+00  2.090E+00  7.462E-01  1.844E-01
  4.929E-01  1.182E+01  1.768E+00  2.095E+00  7.457E-01  1.848E-01
  4.946E-01  1.182E+01  1.771E+00  2.099E+00  7.451E-01  1.851E-01
  4.963E-01  1.182E+01  1.775E+00  2.104E+00  7.446E-01  1.854E-01
  4.980E-01  1.182E+01  1.778E+00  2.108E+00  7.441E-01  1.858E-01
  4.997E-01  1.182E+01  1.781E+00  2.113E+00  7.436E-01  1.861E-01
  5.014E-01  1.183E+01  1.784E+00  2.117E+00  7.431E-01  1.864E-01
  5.031E-01  1.183E+01  1.787E+00  2.121E+00  7.426E-01  1.867E-01
  5.048E-01  1.183E+01  1.790E+00  2.125E+00  7.421E-01  1.870E-01
  5.065E-01  1.183E+01  1.794E+00  2.130E+00  7.416E-01  1.873E-01
  5.082E-01  1.183E+01  1.797E+00  2.134E+00  7.411E-01  1.876E-01
  5.100E-01  1.183E+01  1.800E+00  2.138E+00  7.406E-01  1.880E-01
  5.117E-01  1.183E+01  1.803E+00  2.142E+00  7.401E-01  1.883E-01
  5.134E-01  1.183E+01  1.806E+00  2.146E+00  7.396E-01  1.886E-01
  5.152E-01  1.183E+01  1.809E+00  2.150E+00  7.391E-01  1.889E-01
  5.170E-01  1.183E+01  1.811E+00  2.154E+00  7.387E-01  1.892E-01
  5.187E-01  1.183E+01  1.814E+00  2.158E+00  7.382E-01  1.895E-01
  5.205E-01  1.183E+01  1.817E+00  2.162E+00  7.377E-01  1.898E-01
  5.223E-01  1.183E+01  1.820E+00  2.166E+00  7.372E-01  1.900E-01
  5.240E-01  1.183E+01  1.823E+00  2.170E+00  7.368E-01  1.903E-01
  5.258E-01  1.183E+01  1.826E+00  2.174E+00  7.363E-01  1.906E-01
  5.276E-01  1.183E+01  1.828E+00  2.177E+00  7.358E-01  1.909E-01
  5.294E-01  1.183E+01  1.831E+00  2.181E+00  7.353E-01  1.912E-01
  5.312E-01  1.183E+01  1.834E+00  2.185E+00  7.349E-01  1.915E-01
  5.330E-01  1.183E+01  1.836E+00  2.189E+00  7.344E-01  1.917E-01
  5.348E-01  1.183E+01  1.839E+00  2.192E+00  7.340E-01  1.920E-01
  5.367E-01  1.183E+01  1.842E+00  2.196E+00  7.335E-01  1.923E-01
  5.385E-01  1.183E+01  1.844E+00  2.199E+00  7.330E-01  1.926E-01
  5.403E-01  1.183E+01  1.847E+00  2.203E+00  7.326E-01  1.928E-01
  5.422E-01  1.183E+01  1.849E+00  2.206E+00  7.321E-01  1.931E-01
  5.440E-01  1.183E+01  1.852E+00  2.210E+00  7.317E-01  1.934E-01
  5.459E-01  1.183E+01  1.854E+00  2.213E+00  7.313E-01  1.936E-01
  5.477E-01  1.183E+01  1.857E+00  2.217E+00  7.308E-01  1.939E-01
  5.496E-01  1.183E+01  1.859E+00  2.220E+00  7.304E-01  1.941E-01
  5.515E-01  1.183E+01  1.862E+00  2.224E+00  7.299E-01  1.944E-01
  5.533E-01  1.183E+01  1.864E+00  2.227E+00  7.295E-01  1.946E-01
  5.552E-01  1.183E+01  1.867E+00  2.230E+00  7.291E-01  1.949E-01
  5.571E-01  1.182E+01  1.869E+00  2.234E+00  7.286E-01  1.951E-01
  5.590E-01  1.182E+01  1.871E+00  2.237E+00  7.282E-01  1.954E-01
  5.609E-01  1.182E+01  1.874E+00  2.240E+00  7.278E-01  1.956E-01
  5.628E-01  1.182E+01  1.876E+00  2.243E+00  7.274E-01  1.959E-01
  5.648E-01  1.182E+01  1.878E+00  2.246E+00  7.269E-01  1.961E-01
  5.667E-01  1.182E+01  1.880E+00  2.249E+00  7.265E-01  1.964E-01
  5.686E-01  1.182E+01  1.882E+00  2.253E+00  7.261E-01  1.966E-01
  5.705E-01  1.182E+01  1.885E+00  2.256E+00  7.257E-01  1.968E-01
  5.725E-01  1.181E+01  1.887E+00  2.259E+00  7.253E-01  1.971E-01
  5.744E-01  1.181E+01  1.889E+00  2.262E+00  7.249E-01  1.973E-01
  5.764E-01  1.181E+01  1.891E+00  2.265E+00  7.245E-01  1.975E-01
  5.784E-01  1.181E+01  1.893E+00  2.268E+00  7.240E-01  1.977E-01
  5.803E-01  1.181E+01  1.895E+00  2.270E+00  7.236E-01  1.980E-01
  5.823E-01  1.181E+01  1.897E+00  2.273E+00  7.232E-01  1.982E-01
  5.843E-01  1.181E+01  1.899E+00  2.276E+00  7.228E-01  1.984E-01
  5.863E-01  1.180E+01  1.901E+00  2.279E+00  7.224E-01  1.986E-01
  5.883E-01  1.180E+01  1.903E+00  2.282E+00  7.221E-01  1.988E-01
  5.903E-01  1.180E+01  1.905E+00  2.285E+00  7.217E-01  1.991E-01
  5.923E-01  1.180E+01  1.907E+00  2.287E+00  7.213E-01  1.993E-01
  5.943E-01  1.180E+01  1.909E+00  2.290E+00  7.209E-01  1.995E-01
  5.963E-01  1.179E+01  1.911E+00  2.293E+00  7.205E-01  1.997E-01
  5.984E-01  1.179E+01  1.913E+00  2.295E+00  7.201E-01  1.999E-01
  6.004E-01  1.179E+01  1.915E+00  2.298E+00  7.197E-01  2.001E-01
  6.025E-01  1.179E+01  1.917E+00  2.300E+00  7.193E-01  2.003E-01
  6.045E-01  1.179E+01  1.918E+00  2.303E+00  7.190E-01  2.005E-01
  6.066E-01  1.178E+01  1.920E+00  2.305E+00  7.186E-01  2.007E-01
  6.086E-01  1.178E+01  1.922E+00  2.308E+00  7.182E-01  2.009E-01
  6.107E-01  1.178E+01  1.924E+00  2.310E+00  7.178E-01  2.011E-01
  6.128E-01  1.178E+01  1.925E+00  2.313E+00  7.175E-01  2.013E-01
  6.149E-01  1.177E+01  1.927E+00  2.315E+00  7.171E-01  2.015E-01
  6.170E-01  1.177E+01  1.929E+00  2.318E+00  7.167E-01  2.017E-01
  6.191E-01  1.177E+01  1.930E+00  2.320E+00  7.164E-01  2.018E-01
  6.212E-01  1.177E+01  1.932E+00  2.322E+00  7.160E-01  2.020E-01
  6.233E-01  1.176E+01  1.934E+00  2.325E+00  7.156E-01  2.022E-01
  6.254E-01  1.176E+01  1.935E+00  2.327E+00  7.153E-01  2.024E-01
  6.276E-01  1.176E+01  1.937E+00  2.329E+00  7.149E-01  2.026E-01
  6.297E-01  1.176E+01  1.938E+00  2.331E+00  7.146E-01  2.027E-01
  6.318E-01  1.175E+01  1.940E+00  2.334E+00  7.142E-01  2.029E-01
  6.340E-01  1.175E+01  1.941E+00  2.336E+00  7.139E-01  2.031E-01
  6.361E-01  1.175E+01  1.943E+00  2.338E+00  7.135E-01  2.032E-01
  6.383E-01  1.175E+01  1.944E+00  2.340E+00  7.132E-01  2.034E-01
  6.405E-01  1.174E+01  1.946E+00  2.342E+00  7.128E-01  2.036E-01
  6.427E-01  1.174E+01  1.947E+00  2.344E+00  7.125E-01  2.038E-01
  6.449E-01  1.174E+01  1.949E+00  2.346E+00  7.122E-01  2.039E-01
  6.471E-01  1.173E+01  1.950E+00  2.348E+00  7.118E-01  2.041E-01
  6.493E-01  1.173E+01  1.952E+00  2.350E+00  7.115E-01  2.042E-01
  6.515E-01  1.173E+01  1.953E+00  2.352E+00  7.111E-01  2.044E-01
  6.537E-01  1.172E+01  1.954E+00  2.354E+00  7.108E-01  2.046E-01
  6.559E-01  1.172E+01  1.956E+00  2.356E+00  7.105E-01  2.047E-01
  6.582E-01  1.172E+01  1.957E+00  2.358E+00  7.101E-01  2.048E-01
  6.604E-01  1.171E+01  1.958E+00  2.360E+00  7.098E-01  2.050E-01
  6.626E-01  1.171E+01  1.960E+00  2.362E+00  7.095E-01  2.051E-01
  6.649E-01  1.171E+01  1.961E+00  2.363E+00  7.092E-01  2.053E-01
  6.672E-01  1.170E+01  1.962E+00  2.365E+00  7.088E-01  2.054E-01
  6.694E-01  1.170E+01  1.963E+00  2.367E+00  7.085E-01  2.056E-01
  6.717E-01  1.170E+01  1.965E+00  2.369E+00  7.082E-01  2.057E-01
  6.740E-01  1.169E+01  1.966E+00  2.370E+00  7.079E-01  2.059E-01
  6.763E-01  1.169E+01  1.967E+00  2.372E+00  7.076E-01  2.060E-01
  6.786E-01  1.169E+01  1.968E+00  2.374E+00  7.073E-01  2.061E-01
  6.809E-01  1.168E+01  1.969E+00  2.375E+00  7.070E-01  2.063E-01
  6.832E-01  1.168E+01  1.970E+00  2.377E+00  7.066E-01  2.064E-01
  6.856E-01  1.168E+01  1.971E+00  2.379E+00  7.063E-01  2.065E-01
  6.879E-01  1.167E+01  1.973E+00  2.380E+00  7.060E-01  2.067E-01
  6.903E-01  1.167E+01  1.974E+00  2.382E+00  7.057E-01  2.068E-01
  6.926E-01  1.167E+01  1.975E+00  2.383E+00  7.054E-01  2.069E-01
  6.950E-01  1.166E+01  1.976E+00  2.385E+00  7.051E-01  2.070E-01
  6.973E-01  1.166E+01  1.977E+00  2.386E+00  7.048E-01  2.071E-01
  6.997E-01  1.165E+01  1.978E+00  2.388E+00  7.045E-01  2.073E-01
  7.021E-01  1.165E+01  1.979E+00  2.389E+00  7.042E-01  2.074E-01
  7.045E-01  1.165E+01  1.980E+00  2.390E+00  7.039E-01  2.075E-01
  7.069E-01  1.164E+01  1.981E+00  2.392E+00  7.036E-01  2.076E-01
  7.093E-01  1.164E+01  1.982E+00  2.393E+00  7.034E-01  2.077E-01
  7.117E-01  1.164E+01  1.982E+00  2.394E+00  7.031E-01  2.078E-01
  7.141E-01  1.163E+01  1.983E+00  2.396E+00  7.028E-01  2.079E-01
  7.166E-01  1.163E+01  1.984E+00  2.397E+00  7.025E-01  2.080E-01
  7.190E-01  1.162E+01  1.985E+00  2.398E+00  7.022E-01  2.081E-01
  7.215E-01  1.162E+01  1.986E+00  2.400E+00  7.019E-01  2.083E-01
  7.239E-01  1.162E+01  1.987E+00  2.401E+00  7.016E-01  2.084E-01
  7.264E-01  1.161E+01  1.988E+00  2.402E+00  7.014E-01  2.085E-01
  7.289E-01  1.161E+01  1.989E+00  2.403E+00  7.011E-01  2.085E-01
  7.313E-01  1.160E+01  1.989E+00  2.404E+00  7.008E-01  2.086E-01
  7.338E-01  1.160E+01  1.990E+00  2.405E+00  7.005E-01  2.087E-01
  7.363E-01  1.159E+01  1.991E+00  2.407E+00  7.003E-01  2.088E-01
  7.388E-01  1.159E+01  1.992E+00  2.408E+00  7.000E-01  2.089E-01
  7.414E-01  1.159E+01  1.992E+00  2.409E+00  6.997E-01  2.090E-01
  7.439E-01  1.158E+01  1.993E+00  2.410E+00  6.995E-01  2.091E-01
  7.464E-01  1.158E+01  1.994E+00  2.411E+00  6.992E-01  2.092E-01
  7.490E-01  1.157E+01  1.995E+00  2.412E+00  6.989E-01  2.093E-01
  7.515E-01  1.157E+01  1.995E+00  2.413E+00  6.987E-01  2.094E-01
  7.541E-01  1.156E+01  1.996E+00  2.414E+00  6.984E-01  2.094E-01
  7.566E-01  1.156E+01  1.996E+00  2.415E+00  6.982E-01  2.095E-01
  7.592E-01  1.156E+01  1.997E+00  2.416E+00  6.979E-01  2.096E-01
  7.618E-01  1.155E+01  1.998E+00  2.417E+00  6.976E-01  2.097E-01
  7.644E-01  1.155E+01  1.998E+00  2.417E+00  6.974E-01  2.097E-01
  7.670E-01  1.154E+01  1.999E+00  2.418E+00  6.971E-01  2.098E-01
  7.696E-01  1.154E+01  2.000E+00  2.419E+00  6.969E-01  2.099E-01
  7.722E-01  1.153E+01  2.000E+00  2.420E+00  6.966E-01  2.100E-01
  7.749E-01  1.153E+01  2.001E+00  2.421E+00  6.964E-01  2.100E-01
  7.775E-01  1.152E+01  2.001E+00  2.422E+00  6.961E-01  2.101E-01
  7.802E-01  1.152E+01  2.002E+00  2.422E+00  6.959E-01  2.102E-01
  7.828E-01  1.152E+01  2.002E+00  2.423E+00  6.957E-01  2.102E-01
  7.855E-01  1.151E+01  2.003E+00  2.424E+00  6.954E-01  2.103E-01
  7.882E-01  1.151E+01  2.003E+00  2.425E+00  6.952E-01  2.103E-01
  7.908E-01  1.150E+01  2.004E+00  2.425E+00  6.949E-01  2.104E-01
  7.935E-01  1.150E+01  2.004E+00  2.426E+00  6.947E-01  2.105E-01
  7.962E-01  1.149E+01  2.005E+00  2.427E+00  6.945E-01  2.105E-01
  7.990E-01  1.149E+01  2.005E+00  2.427E+00  6.942E-01  2.106E-01
  8.017E-01  1.148E+01  2.005E+00  2.428E+00  6.940E-01  2.106E-01
  8.044E-01  1.148E+01  2.006E+00  2.428E+00  6.938E-01  2.107E-01
  8.072E-01  1.147E+01  2.006E+00  2.429E+00  6.935E-01  2.107E-01
  8.099E-01  1.147E+01  2.007E+00  2.430E+00  6.933E-01  2.108E-01
  8.127E-01  1.146E+01  2.007E+00  2.430E+00  6.931E-01  2.108E-01
  8.154E-01  1.146E+01  2.007E+00  2.431E+00  6.928E-01  2.109E-01
  8.182E-01  1.145E+01  2.008E+00  2.431E+00  6.926E-01  2.109E-01
  8.210E-01  1.145E+01  2.008E+00  2.432E+00  6.924E-01  2.110E-01
  8.238E-01  1.144E+01  2.008E+00  2.432E+00  6.922E-01  2.110E-01
  8.266E-01  1.144E+01  2.009E+00  2.433E+00  6.920E-01  2.110E-01
  8.294E-01  1.143E+01  2.009E+00  2.433E+00  6.917E-01  2.111E-01
  8.322E-01  1.143E+01  2.009E+00  2.433E+00  6.915E-01  2.111E-01
  8.351E-01  1.142E+01  2.009E+00  2.434E+00  6.913E-01  2.111E-01
  8.379E-01  1.142E+01  2.010E+00  2.434E+00  6.911E-01  2.112E-01
  8.408E-01  1.141E+01  2.010E+00  2.434E+00  6.909E-01  2.112E-01
  8.436E-01  1.141E+01  2.010E+00  2.435E+00  6.907E-01  2.112E-01
  8.465E-01  1.140E+01  2.010E+00  2.435E+00  6.905E-01  2.113E-01
  8.494E-01  1.140E+01  2.011E+00  2.435E+00  6.903E-01  2.113E-01
  8.523E-01  1.139E+01  2.011E+00  2.436E+00  6.900E-01  2.113E-01
  8.552E-01  1.139E+01  2.011E+00  2.436E+00  6.898E-01  2.113E-01
  8.581E-01  1.138E+01  2.011E+00  2.436E+00  6.896E-01  2.114E-01
  8.610E-01  1.138E+01  2.011E+00  2.437E+00  6.894E-01  2.114E-01
  8.640E-01  1.137E+01  2.011E+00  2.437E+00  6.892E-01  2.114E-01
  8.669E-01  1.137E+01  2.012E+00  2.437E+00  6.890E-01  2.114E-01
  8.699E-01  1.136E+01  2.012E+00  2.437E+00  6.888E-01  2.114E-01
  8.728E-01  1.136E+01  2.012E+00  2.437E+00  6.886E-01  2.115E-01
  8.758E-01  1.135E+01  2.012E+00  2.437E+00  6.884E-01  2.115E-01
  8.788E-01  1.135E+01  2.012E+00  2.438E+00  6.882E-01  2.115E-01
  8.818E-01  1.134E+01  2.012E+00  2.438E+00  6.881E-01  2.115E-01
  8.848E-01  1.134E+01  2.012E+00  2.438E+00  6.879E-01  2.115E-01
  8.878E-01  1.133E+01  2.012E+00  2.438E+00  6.877E-01  2.115E-01
  8.908E-01  1.133E+01  2.012E+00  2.438E+00  6.875E-01  2.115E-01
  8.939E-01  1.132E+01  2.012E+00  2.438E+00  6.873E-01  2.115E-01
  8.969E-01  1.131E+01  2.012E+00  2.438E+00  6.871E-01  2.115E-01
  9.000E-01  1.131E+01  2.012E+00  2.438E+00  6.869E-01  2.115E-01
  9.030E-01  1.130E+01  2.013E+00  2.438E+00  6.867E-01  2.115E-01
  9.061E-01  1.130E+01  2.013E+00  2.438E+00  6.866E-01  2.115E-01
  9.092E-01  1.129E+01  2.012E+00  2.438E+00  6.864E-01  2.115E-01
  9.123E-01  1.129E+01  2.012E+00  2.438E+00  6.862E-01  2.115E-01
  9.154E-01  1.128E+01  2.012E+00  2.438E+00  6.860E-01  2.115E-01
  9.185E-01  1.128E+01  2.012E+00  2.438E+00  6.858E-01  2.115E-01
  9.216E-01  1.127E+01  2.012E+00  2.438E+00  6.857E-01  2.115E-01
  9.248E-01  1.127E+01  2.012E+00  2.438E+00  6.855E-01  2.115E-01
  9.279E-01  1.126E+01  2.012E+00  2.438E+00  6.853E-01  2.115E-01
  9.311E-01  1.126E+01  2.012E+00  2.438E+00  6.851E-01  2.115E-01
  9.343E-01  1.125E+01  2.012E+00  2.438E+00  6.850E-01  2.115E-01
  9.375E-01  1.124E+01  2.012E+00  2.437E+00  6.848E-01  2.115E-01
  9.406E-01  1.124E+01  2.012E+00  2.437E+00  6.846E-01  2.114E-01
  9.439E-01  1.123E+01  2.012E+00  2.437E+00  6.845E-01  2.114E-01
  9.471E-01  1.123E+01  2.012E+00  2.437E+00  6.843E-01  2.114E-01
  9.503E-01  1.122E+01  2.011E+00  2.437E+00  6.841E-01  2.114E-01
  9.535E-01  1.122E+01  2.011E+00  2.436E+00  6.840E-01  2.114E-01
  9.568E-01  1.121E+01  2.011E+00  2.436E+00  6.838E-01  2.113E-01
  9.600E-01  1.121E+01  2.011E+00  2.436E+00  6.836E-01  2.113E-01
  9.633E-01  1.120E+01  2.011E+00  2.436E+00  6.835E-01  2.113E-01
  9.666E-01  1.119E+01  2.011E+00  2.435E+00  6.833E-01  2.113E-01
  9.699E-01  1.119E+01  2.010E+00  2.435E+00  6.832E-01  2.113E-01
  9.732E-01  1.118E+01  2.010E+00  2.435E+00  6.830E-01  2.112E-01
  9.765E-01  1.118E+01  2.010E+00  2.435E+00  6.829E-01  2.112E-01
  9.798E-01  1.117E+01  2.010E+00  2.434E+00  6.827E-01  2.112E-01
  9.832E-01  1.117E+01  2.010E+00  2.434E+00  6.825E-01  2.111E-01
  9.865E-01  1.116E+01  2.009E+00  2.434E+00  6.824E-01  2.111E-01
  9.899E-01  1.116E+01  2.009E+00  2.433E+00  6.822E-01  2.111E-01
  9.933E-01  1.115E+01  2.009E+00  2.433E+00  6.821E-01  2.110E-01
  9.966E-01  1.114E+01  2.009E+00  2.432E+00  6.819E-01  2.110E-01
  1.000E+00  1.114E+01  2.008E+00  2.432E+00  6.818E-01  2.110E-01
  1.003E+00  1.113E+01  2.008E+00  2.432E+00  6.817E-01  2.109E-01
  1.007E+00  1.113E+01  2.008E+00  2.431E+00  6.815E-01  2.109E-01
  1.010E+00  1.112E+01  2.007E+00  2.431E+00  6.814E-01  2.108E-01
  1.014E+00  1.112E+01  2.007E+00  2.430E+00  6.812E-01  2.108E-01
  1.017E+00  1.111E+01  2.007E+00  2.430E+00  6.811E-01  2.107E-01
  1.021E+00  1.110E+01  2.006E+00  2.429E+00  6.809E-01  2.107E-01
  1.024E+00  1.110E+01  2.006E+00  2.429E+00  6.808E-01  2.107E-01
  1.028E+00  1.109E+01  2.006E+00  2.428E+00  6.807E-01  2.106E-01
  1.031E+00  1.109E+01  2.005E+00  2.428E+00  6.805E-01  2.106E-01
  1.035E+00  1.108E+01  2.005E+00  2.427E+00  6.804E-01  2.105E-01
  1.038E+00  1.107E+01  2.005E+00  2.427E+00  6.802E-01  2.104E-01
  1.042E+00  1.107E+01  2.004E+00  2.426E+00  6.801E-01  2.104E-01
  1.045E+00  1.106E+01  2.004E+00  2.425E+00  6.800E-01  2.103E-01
  1.049E+00  1.106E+01  2.004E+00  2.425E+00  6.798E-01  2.103E-01
  1.052E+00  1.105E+01  2.003E+00  2.424E+00  6.797E-01  2.102E-01
  1.056E+00  1.104E+01  2.003E+00  2.424E+00  6.796E-01  2.102E-01
  1.060E+00  1.104E+01  2.002E+00  2.423E+00  6.794E-01  2.101E-01
  1.063E+00  1.103E+01  2.002E+00  2.422E+00  6.793E-01  2.101E-01
  1.067E+00  1.103E+01  2.001E+00  2.422E+00  6.792E-01  2.100E-01
  1.070E+00  1.102E+01  2.001E+00  2.421E+00  6.791E-01  2.099E-01
  1.074E+00  1.102E+01  2.001E+00  2.420E+00  6.789E-01  2.099E-01
  1.078E+00  1.101E+01  2.000E+00  2.420E+00  6.788E-01  2.098E-01
  1.081E+00  1.100E+01  2.000E+00  2.419E+00  6.787E-01  2.097E-01
  1.085E+00  1.100E+01  1.999E+00  2.418E+00  6.786E-01  2.097E-01
  1.089E+00  1.099E+01  1.999E+00  2.418E+00  6.784E-01  2.096E-01
  1.092E+00  1.098E+01  1.998E+00  2.417E+00  6.783E-01  2.095E-01
  1.096E+00  1.098E+01  1.998E+00  2.416E+00  6.782E-01  2.095E-01
  1.100E+00  1.097E+01  1.997E+00  2.415E+00  6.781E-01  2.094E-01
  1.104E+00  1.097E+01  1.997E+00  2.415E+00  6.780E-01  2.093E-01
  1.107E+00  1.096E+01  1.996E+00  2.414E+00  6.778E-01  2.092E-01
  1.111E+00  1.095E+01  1.996E+00  2.413E+00  6.777E-01  2.092E-01
  1.115E+00  1.095E+01  1.995E+00  2.412E+00  6.776E-01  2.091E-01
  1.119E+00  1.094E+01  1.994E+00  2.411E+00  6.775E-01  2.090E-01
  1.123E+00  1.094E+01  1.994E+00  2.411E+00  6.774E-01  2.089E-01
  1.126E+00  1.093E+01  1.993E+00  2.410E+00  6.773E-01  2.088E-01
  1.130E+00  1.092E+01  1.993E+00  2.409E+00  6.772E-01  2.088E-01
  1.134E+00  1.092E+01  1.992E+00  2.408E+00  6.771E-01  2.087E-01
  1.138E+00  1.091E+01  1.992E+00  2.407E+00  6.769E-01  2.086E-01
  1.142E+00  1.091E+01  1.991E+00  2.406E+00  6.768E-01  2.085E-01
  1.146E+00  1.090E+01  1.991E+00  2.405E+00  6.767E-01  2.084E-01
  1.150E+00  1.089E+01  1.990E+00  2.405E+00  6.766E-01  2.083E-01
  1.154E+00  1.089E+01  1.989E+00  2.404E+00  6.765E-01  2.083E-01
  1.158E+00  1.088E+01  1.989E+00  2.403E+00  6.764E-01  2.082E-01
  1.161E+00  1.087E+01  1.988E+00  2.402E+00  6.763E-01  2.081E-01
  1.165E+00  1.087E+01  1.988E+00  2.401E+00  6.762E-01  2.080E-01
  1.169E+00  1.086E+01  1.987E+00  2.400E+00  6.761E-01  2.079E-01
  1.173E+00  1.086E+01  1.986E+00  2.399E+00  6.760E-01  2.078E-01
  1.177E+00  1.085E+01  1.986E+00  2.398E+00  6.759E-01  2.077E-01
  1.181E+00  1.084E+01  1.985E+00  2.397E+00  6.758E-01  2.076E-01
  1.185E+00  1.084E+01  1.984E+00  2.396E+00  6.757E-01  2.075E-01
  1.189E+00  1.083E+01  1.984E+00  2.395E+00  6.756E-01  2.074E-01
  1.194E+00  1.082E+01  1.983E+00  2.394E+00  6.755E-01  2.073E-01
  1.198E+00  1.082E+01  1.982E+00  2.393E+00  6.754E-01  2.072E-01
  1.202E+00  1.081E+01  1.982E+00  2.392E+00  6.753E-01  2.071E-01
  1.206E+00  1.081E+01  1.981E+00  2.391E+00  6.752E-01  2.070E-01
  1.210E+00  1.080E+01  1.980E+00  2.390E+00  6.751E-01  2.069E-01
  1.214E+00  1.079E+01  1.979E+00  2.389E+00  6.750E-01  2.068E-01
  1.218E+00  1.079E+01  1.979E+00  2.388E+00  6.750E-01  2.067E-01
  1.222E+00  1.078E+01  1.978E+00  2.387E+00  6.749E-01  2.066E-01
  1.226E+00  1.077E+01  1.977E+00  2.386E+00  6.748E-01  2.065E-01
  1.231E+00  1.077E+01  1.977E+00  2.384E+00  6.747E-01  2.064E-01
  1.235E+00  1.076E+01  1.976E+00  2.383E+00  6.746E-01  2.063E-01
  1.239E+00  1.076E+01  1.975E+00  2.382E+00  6.745E-01  2.061E-01
  1.243E+00  1.075E+01  1.974E+00  2.381E+00  6.744E-01  2.060E-01
  1.247E+00  1.074E+01  1.974E+00  2.380E+00  6.743E-01  2.059E-01
  1.252E+00  1.074E+01  1.973E+00  2.379E+00  6.742E-01  2.058E-01
  1.256E+00  1.073E+01  1.972E+00  2.378E+00  6.742E-01  2.057E-01
  1.260E+00  1.072E+01  1.971E+00  2.377E+00  6.741E-01  2.056E-01
  1.265E+00  1.072E+01  1.971E+00  2.375E+00  6.740E-01  2.055E-01
  1.269E+00  1.071E+01  1.970E+00  2.374E+00  6.739E-01  2.053E-01
  1.273E+00  1.070E+01  1.969E+00  2.373E+00  6.738E-01  2.052E-01
  1.278E+00  1.070E+01  1.968E+00  2.372E+00  6.738E-01  2.051E-01
  1.282E+00  1.069E+01  1.967E+00  2.371E+00  6.737E-01  2.050E-01
  1.286E+00  1.068E+01  1.967E+00  2.369E+00  6.736E-01  2.049E-01
  1.291E+00  1.068E+01  1.966E+00  2.368E+00  6.735E-01  2.047E-01
  1.295E+00  1.067E+01  1.965E+00  2.367E+00  6.735E-01  2.046E-01
  1.299E+00  1.067E+01  1.964E+00  2.366E+00  6.734E-01  2.045E-01
  1.304E+00  1.066E+01  1.963E+00  2.365E+00  6.733E-01  2.044E-01
  1.308E+00  1.065E+01  1.962E+00  2.363E+00  6.732E-01  2.042E-01
  1.313E+00  1.065E+01  1.962E+00  2.362E+00  6.732E-01  2.041E-01
  1.317E+00  1.064E+01  1.961E+00  2.361E+00  6.731E-01  2.040E-01
  1.322E+00  1.063E+01  1.960E+00  2.359E+00  6.730E-01  2.039E-01
  1.326E+00  1.063E+01  1.959E+00  2.358E+00  6.729E-01  2.037E-01
  1.331E+00  1.062E+01  1.958E+00  2.357E+00  6.729E-01  2.036E-01
  1.335E+00  1.061E+01  1.957E+00  2.356E+00  6.728E-01  2.035E-01
  1.340E+00  1.061E+01  1.957E+00  2.354E+00  6.727E-01  2.033E-01
  1.344E+00  1.060E+01  1.956E+00  2.353E+00  6.727E-01  2.032E-01
  1.349E+00  1.059E+01  1.955E+00  2.352E+00  6.726E-01  2.031E-01
  1.354E+00  1.059E+01  1.954E+00  2.350E+00  6.725E-01  2.029E-01
  1.358E+00  1.058E+01  1.953E+00  2.349E+00  6.725E-01  2.028E-01
  1.363E+00  1.058E+01  1.952E+00  2.348E+00  6.724E-01  2.027E-01
  1.367E+00  1.057E+01  1.951E+00  2.346E+00  6.723E-01  2.025E-01
  1.372E+00  1.056E+01  1.950E+00  2.345E+00  6.723E-01  2.024E-01
  1.377E+00  1.056E+01  1.949E+00  2.344E+00  6.722E-01  2.022E-01
  1.381E+00  1.055E+01  1.948E+00  2.342E+00  6.722E-01  2.021E-01
  1.386E+00  1.054E+01  1.947E+00  2.341E+00  6.721E-01  2.019E-01
  1.391E+00  1.054E+01  1.947E+00  2.339E+00  6.720E-01  2.018E-01
  1.396E+00  1.053E+01  1.946E+00  2.338E+00  6.720E-01  2.017E-01
  1.400E+00  1.052E+01  1.945E+00  2.337E+00  6.719E-01  2.015E-01
  1.405E+00  1.052E+01  1.944E+00  2.335E+00  6.719E-01  2.014E-01
  1.410E+00  1.051E+01  1.943E+00  2.334E+00  6.718E-01  2.012E-01
  1.415E+00  1.050E+01  1.942E+00  2.332E+00  6.718E-01  2.011E-01
  1.420E+00  1.050E+01  1.941E+00  2.331E+00  6.717E-01  2.009E-01
  1.424E+00  1.049E+01  1.940E+00  2.329E+00  6.716E-01  2.008E-01
  1.429E+00  1.048E+01  1.939E+00  2.328E+00  6.716E-01  2.006E-01
  1.434E+00  1.048E+01  1.938E+00  2.327E+00  6.715E-01  2.005E-01
  1.439E+00  1.047E+01  1.937E+00  2.325E+00  6.715E-01  2.003E-01
  1.444E+00  1.046E+01  1.936E+00  2.324E+00  6.714E-01  2.002E-01
  1.449E+00  1.046E+01  1.935E+00  2.322E+00  6.714E-01  2.000E-01
  1.454E+00  1.045E+01  1.934E+00  2.321E+00  6.713E-01  1.999E-01
  1.459E+00  1.044E+01  1.933E+00  2.319E+00  6.713E-01  1.997E-01
  1.464E+00  1.044E+01  1.932E+00  2.318E+00  6.712E-01  1.996E-01
  1.469E+00  1.043E+01  1.931E+00  2.316E+00  6.712E-01  1.994E-01
  1.474E+00  1.042E+01  1.930E+00  2.315E+00  6.711E-01  1.992E-01
  1.479E+00  1.042E+01  1.929E+00  2.313E+00  6.711E-01  1.991E-01
  1.484E+00  1.041E+01  1.928E+00  2.312E+00  6.710E-01  1.989E-01
  1.489E+00  1.040E+01  1.927E+00  2.310E+00  6.710E-01  1.988E-01
  1.494E+00  1.040E+01  1.926E+00  2.309E+00  6.710E-01  1.986E-01
  1.499E+00  1.039E+01  1.925E+00  2.307E+00  6.709E-01  1.984E-01
  1.504E+00  1.038E+01  1.924E+00  2.306E+00  6.709E-01  1.983E-01
  1.509E+00  1.038E+01  1.923E+00  2.304E+00  6.708E-01  1.981E-01
  1.514E+00  1.037E+01  1.922E+00  2.303E+00  6.708E-01  1.980E-01
  1.520E+00  1.036E+01  1.921E+00  2.301E+00  6.707E-01  1.978E-01
  1.525E+00  1.036E+01  1.920E+00  2.299E+00  6.707E-01  1.976E-01
  1.530E+00  1.035E+01  1.919E+00  2.298E+00  6.707E-01  1.975E-01
  1.535E+00  1.035E+01  1.918E+00  2.296E+00  6.706E-01  1.973E-01
  1.540E+00  1.034E+01  1.917E+00  2.295E+00  6.706E-01  1.971E-01
  1.546E+00  1.033E+01  1.916E+00  2.293E+00  6.706E-01  1.970E-01
  1.551E+00  1.033E+01  1.915E+00  2.292E+00  6.705E-01  1.968E-01
  1.556E+00  1.032E+01  1.914E+00  2.290E+00  6.705E-01  1.966E-01
  1.561E+00  1.031E+01  1.913E+00  2.288E+00  6.705E-01  1.964E-01
  1.567E+00  1.031E+01  1.912E+00  2.287E+00  6.704E-01  1.963E-01
  1.572E+00  1.030E+01  1.910E+00  2.285E+00  6.704E-01  1.961E-01
  1.577E+00  1.029E+01  1.909E+00  2.283E+00  6.704E-01  1.959E-01
  1.583E+00  1.029E+01  1.908E+00  2.282E+00  6.703E-01  1.958E-01
  1.588E+00  1.028E+01  1.907E+00  2.280E+00  6.703E-01  1.956E-01
  1.594E+00  1.027E+01  1.906E+00  2.279E+00  6.703E-01  1.954E-01
  1.599E+00  1.027E+01  1.905E+00  2.277E+00  6.702E-01  1.952E-01
  1.604E+00  1.026E+01  1.904E+00  2.275E+00  6.702E-01  1.951E-01
  1.610E+00  1.025E+01  1.903E+00  2.274E+00  6.702E-01  1.949E-01
  1.615E+00  1.025E+01  1.902E+00  2.272E+00  6.701E-01  1.947E-01
  1.621E+00  1.024E+01  1.901E+00  2.270E+00  6.701E-01  1.945E-01
  1.626E+00  1.023E+01  1.900E+00  2.269E+00  6.701E-01  1.943E-01
  1.632E+00  1.023E+01  1.898E+00  2.267E+00  6.701E-01  1.942E-01
  1.638E+00  1.022E+01  1.897E+00  2.265E+00  6.700E-01  1.940E-01
  1.643E+00  1.021E+01  1.896E+00  2.264E+00  6.700E-01  1.938E-01
  1.649E+00  1.021E+01  1.895E+00  2.262E+00  6.700E-01  1.936E-01
  1.654E+00  1.020E+01  1.894E+00  2.260E+00  6.700E-01  1.934E-01
  1.660E+00  1.019E+01  1.893E+00  2.259E+00  6.699E-01  1.933E-01
  1.666E+00  1.019E+01  1.892E+00  2.257E+00  6.699E-01  1.931E-01
  1.671E+00  1.018E+01  1.891E+00  2.255E+00  6.699E-01  1.929E-01
  1.677E+00  1.017E+01  1.889E+00  2.254E+00  6.699E-01  1.927E-01
  1.683E+00  1.017E+01  1.888E+00  2.252E+00  6.699E-01  1.925E-01
  1.688E+00  1.016E+01  1.887E+00  2.250E+00  6.698E-01  1.923E-01
  1.694E+00  1.015E+01  1.886E+00  2.248E+00  6.698E-01  1.921E-01
  1.700E+00  1.015E+01  1.885E+00  2.247E+00  6.698E-01  1.919E-01
  1.706E+00  1.014E+01  1.884E+00  2.245E+00  6.698E-01  1.918E-01
  1.712E+00  1.013E+01  1.883E+00  2.243E+00  6.698E-01  1.916E-01
  1.717E+00  1.013E+01  1.881E+00  2.241E+00  6.698E-01  1.914E-01
  1.723E+00  1.012E+01  1.880E+00  2.240E+00  6.697E-01  1.912E-01
  1.729E+00  1.011E+01  1.879E+00  2.238E+00  6.697E-01  1.910E-01
  1.735E+00  1.011E+01  1.878E+00  2.236E+00  6.697E-01  1.908E-01
  1.741E+00  1.010E+01  1.877E+00  2.234E+00  6.697E-01  1.906E-01
  1.747E+00  1.009E+01  1.876E+00  2.233E+00  6.697E-01  1.904E-01
  1.753E+00  1.009E+01  1.874E+00  2.231E+00  6.697E-01  1.902E-01
  1.759E+00  1.008E+01  1.873E+00  2.229E+00  6.697E-01  1.900E-01
  1.765E+00  1.007E+01  1.872E+00  2.227E+00  6.697E-01  1.898E-01
  1.771E+00  1.007E+01  1.871E+00  2.226E+00  6.696E-01  1.896E-01
  1.777E+00  1.006E+01  1.870E+00  2.224E+00  6.696E-01  1.894E-01
  1.783E+00  1.005E+01  1.868E+00  2.222E+00  6.696E-01  1.892E-01
  1.789E+00  1.005E+01  1.867E+00  2.220E+00  6.696E-01  1.890E-01
  1.795E+00  1.004E+01  1.866E+00  2.218E+00  6.696E-01  1.888E-01
  1.801E+00  1.003E+01  1.865E+00  2.217E+00  6.696E-01  1.886E-01
  1.807E+00  1.003E+01  1.864E+00  2.215E+00  6.696E-01  1.884E-01
  1.813E+00  1.002E+01  1.863E+00  2.213E+00  6.696E-01  1.882E-01
  1.820E+00  1.001E+01  1.861E+00  2.211E+00  6.696E-01  1.880E-01
  1.826E+00  1.001E+01  1.860E+00  2.210E+00  6.696E-01  1.878E-01
  1.832E+00  1.000E+01  1.859E+00  2.208E+00  6.696E-01  1.876E-01
  1.838E+00  9.994E+00  1.858E+00  2.206E+00  6.696E-01  1.874E-01
  1.845E+00  9.988E+00  1.856E+00  2.204E+00  6.696E-01  1.872E-01
  1.851E+00  9.981E+00  1.855E+00  2.202E+00  6.696E-01  1.870E-01
  1.857E+00  9.974E+00  1.854E+00  2.200E+00  6.696E-01  1.868E-01
  1.863E+00  9.968E+00  1.853E+00  2.199E+00  6.696E-01  1.866E-01
  1.870E+00  9.961E+00  1.852E+00  2.197E+00  6.696E-01  1.864E-01
  1.876E+00  9.955E+00  1.850E+00  2.195E+00  6.696E-01  1.862E-01
  1.883E+00  9.948E+00  1.849E+00  2.193E+00  6.696E-01  1.860E-01
  1.889E+00  9.941E+00  1.848E+00  2.191E+00  6.696E-01  1.858E-01
  1.895E+00  9.935E+00  1.847E+00  2.189E+00  6.696E-01  1.856E-01
  1.902E+00  9.928E+00  1.845E+00  2.188E+00  6.696E-01  1.854E-01
  1.908E+00  9.922E+00  1.844E+00  2.186E+00  6.696E-01  1.852E-01
  1.915E+00  9.915E+00  1.843E+00  2.184E+00  6.696E-01  1.850E-01
  1.921E+00  9.909E+00  1.842E+00  2.182E+00  6.696E-01  1.848E-01
  1.928E+00  9.902E+00  1.841E+00  2.180E+00  6.696E-01  1.845E-01
  1.935E+00  9.896E+00  1.839E+00  2.178E+00  6.696E-01  1.843E-01
  1.941E+00  9.889E+00  1.838E+00  2.177E+00  6.696E-01  1.841E-01
  1.948E+00  9.882E+00  1.837E+00  2.175E+00  6.696E-01  1.839E-01
  1.954E+00  9.876E+00  1.836E+00  2.173E+00  6.696E-01  1.837E-01
  1.961E+00  9.869E+00  1.834E+00  2.171E+00  6.696E-01  1.835E-01
  1.968E+00  9.863E+00  1.833E+00  2.169E+00  6.696E-01  1.833E-01
  1.974E+00  9.856E+00  1.832E+00  2.167E+00  6.696E-01  1.831E-01
  1.981E+00  9.850E+00  1.831E+00  2.165E+00  6.696E-01  1.828E-01
  1.988E+00  9.843E+00  1.829E+00  2.163E+00  6.696E-01  1.826E-01
  1.995E+00  9.837E+00  1.828E+00  2.161E+00  6.697E-01  1.824E-01
  2.001E+00  9.830E+00  1.827E+00  2.160E+00  6.697E-01  1.822E-01
  2.008E+00  9.824E+00  1.825E+00  2.158E+00  6.697E-01  1.820E-01
  2.015E+00  9.817E+00  1.824E+00  2.156E+00  6.697E-01  1.818E-01
  2.022E+00  9.811E+00  1.823E+00  2.154E+00  6.697E-01  1.815E-01
  2.029E+00  9.804E+00  1.822E+00  2.152E+00  6.697E-01  1.813E-01
  2.036E+00  9.797E+00  1.820E+00  2.150E+00  6.697E-01  1.811E-01
  2.043E+00  9.791E+00  1.819E+00  2.148E+00  6.697E-01  1.809E-01
  2.050E+00  9.784E+00  1.818E+00  2.146E+00  6.698E-01  1.807E-01
  2.057E+00  9.778E+00  1.817E+00  2.144E+00  6.698E-01  1.804E-01
  2.064E+00  9.771E+00  1.815E+00  2.142E+00  6.698E-01  1.802E-01
  2.071E+00  9.765E+00  1.814E+00  2.141E+00  6.698E-01  1.800E-01
  2.078E+00  9.758E+00  1.813E+00  2.139E+00  6.698E-01  1.798E-01
  2.085E+00  9.752E+00  1.811E+00  2.137E+00  6.698E-01  1.796E-01
  2.092E+00  9.745E+00  1.810E+00  2.135E+00  6.699E-01  1.793E-01
  2.099E+00  9.739E+00  1.809E+00  2.133E+00  6.699E-01  1.791E-01
  2.106E+00  9.733E+00  1.808E+00  2.131E+00  6.699E-01  1.789E-01
  2.113E+00  9.726E+00  1.806E+00  2.129E+00  6.699E-01  1.787E-01
  2.121E+00  9.720E+00  1.805E+00  2.127E+00  6.699E-01  1.784E-01
  2.128E+00  9.713E+00  1.804E+00  2.125E+00  6.700E-01  1.782E-01
  2.135E+00  9.707E+00  1.802E+00  2.123E+00  6.700E-01  1.780E-01
  2.142E+00  9.700E+00  1.801E+00  2.121E+00  6.700E-01  1.778E-01
  2.150E+00  9.694E+00  1.800E+00  2.119E+00  6.700E-01  1.775E-01
  2.157E+00  9.687E+00  1.799E+00  2.118E+00  6.700E-01  1.773E-01
  2.164E+00  9.681E+00  1.797E+00  2.116E+00  6.701E-01  1.771E-01
  2.172E+00  9.675E+00  1.796E+00  2.114E+00  6.701E-01  1.769E-01
  2.179E+00  9.668E+00  1.795E+00  2.112E+00  6.701E-01  1.766E-01
  2.187E+00  9.662E+00  1.793E+00  2.110E+00  6.701E-01  1.764E-01
  2.194E+00  9.655E+00  1.792E+00  2.108E+00  6.702E-01  1.762E-01
  2.201E+00  9.649E+00  1.791E+00  2.106E+00  6.702E-01  1.760E-01
  2.209E+00  9.643E+00  1.790E+00  2.104E+00  6.702E-01  1.757E-01
  2.216E+00  9.636E+00  1.788E+00  2.102E+00  6.702E-01  1.755E-01
  2.224E+00  9.630E+00  1.787E+00  2.100E+00  6.703E-01  1.753E-01
  2.232E+00  9.623E+00  1.786E+00  2.098E+00  6.703E-01  1.750E-01
  2.239E+00  9.617E+00  1.784E+00  2.096E+00  6.703E-01  1.748E-01
  2.247E+00  9.610E+00  1.783E+00  2.094E+00  6.704E-01  1.746E-01
  2.254E+00  9.604E+00  1.782E+00  2.092E+00  6.704E-01  1.743E-01
  2.262E+00  9.598E+00  1.780E+00  2.090E+00  6.704E-01  1.741E-01
  2.270E+00  9.591E+00  1.779E+00  2.088E+00  6.704E-01  1.739E-01
  2.278E+00  9.585E+00  1.778E+00  2.086E+00  6.705E-01  1.736E-01
  2.285E+00  9.578E+00  1.776E+00  2.084E+00  6.705E-01  1.734E-01
  2.293E+00  9.572E+00  1.775E+00  2.082E+00  6.705E-01  1.732E-01
  2.301E+00  9.566E+00  1.774E+00  2.080E+00  6.706E-01  1.729E-01
  2.309E+00  9.559E+00  1.772E+00  2.078E+00  6.706E-01  1.727E-01
  2.317E+00  9.553E+00  1.771E+00  2.077E+00  6.706E-01  1.725E-01
  2.325E+00  9.547E+00  1.770E+00  2.074E+00  6.707E-01  1.722E-01
  2.332E+00  9.540E+00  1.768E+00  2.073E+00  6.707E-01  1.720E-01
  2.340E+00  9.534E+00  1.767E+00  2.071E+00  6.707E-01  1.718E-01
  2.348E+00  9.528E+00  1.766E+00  2.069E+00  6.708E-01  1.715E-01
  2.356E+00  9.521E+00  1.764E+00  2.067E+00  6.708E-01  1.713E-01
  2.364E+00  9.515E+00  1.763E+00  2.065E+00  6.709E-01  1.710E-01
  2.372E+00  9.509E+00  1.762E+00  2.063E+00  6.709E-01  1.708E-01
  2.381E+00  9.502E+00  1.760E+00  2.061E+00  6.709E-01  1.706E-01
  2.389E+00  9.496E+00  1.759E+00  2.059E+00  6.710E-01  1.703E-01
  2.397E+00  9.490E+00  1.758E+00  2.057E+00  6.710E-01  1.701E-01
  2.405E+00  9.484E+00  1.756E+00  2.055E+00  6.710E-01  1.699E-01
  2.413E+00  9.477E+00  1.755E+00  2.053E+00  6.711E-01  1.696E-01
  2.421E+00  9.471E+00  1.754E+00  2.051E+00  6.711E-01  1.694E-01
  2.430E+00  9.465E+00  1.752E+00  2.049E+00  6.712E-01  1.691E-01
  2.438E+00  9.459E+00  1.751E+00  2.047E+00  6.712E-01  1.689E-01
  2.446E+00  9.452E+00  1.750E+00  2.045E+00  6.713E-01  1.687E-01
  2.455E+00  9.446E+00  1.748E+00  2.043E+00  6.713E-01  1.684E-01
  2.463E+00  9.440E+00  1.747E+00  2.041E+00  6.713E-01  1.682E-01
  2.471E+00  9.434E+00  1.746E+00  2.039E+00  6.714E-01  1.679E-01
  2.480E+00  9.427E+00  1.744E+00  2.037E+00  6.714E-01  1.677E-01
  2.488E+00  9.421E+00  1.743E+00  2.035E+00  6.715E-01  1.675E-01
  2.497E+00  9.415E+00  1.742E+00  2.033E+00  6.715E-01  1.672E-01
  2.505E+00  9.409E+00  1.740E+00  2.031E+00  6.716E-01  1.670E-01
  2.514E+00  9.403E+00  1.739E+00  2.029E+00  6.716E-01  1.667E-01
  2.522E+00  9.396E+00  1.738E+00  2.027E+00  6.716E-01  1.665E-01
  2.531E+00  9.390E+00  1.736E+00  2.025E+00  6.717E-01  1.662E-01
  2.539E+00  9.384E+00  1.735E+00  2.023E+00  6.717E-01  1.660E-01
  2.548E+00  9.378E+00  1.734E+00  2.021E+00  6.718E-01  1.658E-01
  2.557E+00  9.372E+00  1.732E+00  2.019E+00  6.718E-01  1.655E-01
  2.566E+00  9.366E+00  1.731E+00  2.017E+00  6.719E-01  1.653E-01
  2.574E+00  9.359E+00  1.730E+00  2.015E+00  6.719E-01  1.650E-01
  2.583E+00  9.353E+00  1.728E+00  2.013E+00  6.720E-01  1.648E-01
  2.592E+00  9.347E+00  1.727E+00  2.011E+00  6.720E-01  1.645E-01
  2.601E+00  9.341E+00  1.726E+00  2.009E+00  6.721E-01  1.643E-01
  2.610E+00  9.335E+00  1.724E+00  2.007E+00  6.721E-01  1.641E-01
  2.618E+00  9.329E+00  1.723E+00  2.005E+00  6.722E-01  1.638E-01
  2.627E+00  9.323E+00  1.722E+00  2.003E+00  6.722E-01  1.636E-01
  2.636E+00  9.317E+00  1.720E+00  2.001E+00  6.723E-01  1.633E-01
  2.645E+00  9.310E+00  1.719E+00  1.999E+00  6.723E-01  1.631E-01
  2.654E+00  9.304E+00  1.718E+00  1.997E+00  6.724E-01  1.628E-01
  2.663E+00  9.298E+00  1.716E+00  1.995E+00  6.724E-01  1.626E-01
  2.672E+00  9.292E+00  1.715E+00  1.993E+00  6.725E-01  1.623E-01
  2.682E+00  9.286E+00  1.714E+00  1.991E+00  6.726E-01  1.621E-01
  2.691E+00  9.280E+00  1.712E+00  1.989E+00  6.726E-01  1.618E-01
  2.700E+00  9.274E+00  1.711E+00  1.987E+00  6.727E-01  1.616E-01
  2.709E+00  9.268E+00  1.709E+00  1.985E+00  6.727E-01  1.613E-01
  2.718E+00  9.262E+00  1.708E+00  1.983E+00  6.728E-01  1.611E-01
  2.728E+00  9.256E+00  1.707E+00  1.981E+00  6.728E-01  1.608E-01
  2.737E+00  9.250E+00  1.705E+00  1.979E+00  6.729E-01  1.606E-01
  2.746E+00  9.244E+00  1.704E+00  1.977E+00  6.729E-01  1.603E-01
  2.755E+00  9.238E+00  1.703E+00  1.975E+00  6.730E-01  1.601E-01
  2.765E+00  9.232E+00  1.701E+00  1.973E+00  6.731E-01  1.598E-01
  2.774E+00  9.226E+00  1.700E+00  1.971E+00  6.731E-01  1.596E-01
  2.784E+00  9.220E+00  1.699E+00  1.969E+00  6.732E-01  1.593E-01
  2.793E+00  9.214E+00  1.697E+00  1.967E+00  6.732E-01  1.591E-01
  2.803E+00  9.208E+00  1.696E+00  1.965E+00  6.733E-01  1.588E-01
  2.812E+00  9.202E+00  1.695E+00  1.963E+00  6.734E-01  1.586E-01
  2.822E+00  9.196E+00  1.693E+00  1.961E+00  6.734E-01  1.583E-01
  2.831E+00  9.190E+00  1.692E+00  1.959E+00  6.735E-01  1.581E-01
  2.841E+00  9.184E+00  1.691E+00  1.957E+00  6.735E-01  1.578E-01
  2.851E+00  9.178E+00  1.689E+00  1.955E+00  6.736E-01  1.576E-01
  2.861E+00  9.172E+00  1.688E+00  1.953E+00  6.737E-01  1.573E-01
  2.870E+00  9.166E+00  1.686E+00  1.951E+00  6.737E-01  1.571E-01
  2.880E+00  9.160E+00  1.685E+00  1.949E+00  6.738E-01  1.568E-01
  2.890E+00  9.154E+00  1.684E+00  1.947E+00  6.739E-01  1.566E-01
  2.900E+00  9.148E+00  1.682E+00  1.945E+00  6.739E-01  1.563E-01
  2.910E+00  9.142E+00  1.681E+00  1.943E+00  6.740E-01  1.561E-01
  2.920E+00  9.137E+00  1.680E+00  1.941E+00  6.741E-01  1.558E-01
  2.929E+00  9.131E+00  1.678E+00  1.939E+00  6.741E-01  1.555E-01
  2.939E+00  9.125E+00  1.677E+00  1.937E+00  6.742E-01  1.553E-01
  2.949E+00  9.119E+00  1.676E+00  1.935E+00  6.743E-01  1.550E-01
  2.960E+00  9.113E+00  1.674E+00  1.933E+00  6.743E-01  1.548E-01
  2.970E+00  9.107E+00  1.673E+00  1.931E+00  6.744E-01  1.545E-01
  2.980E+00  9.101E+00  1.672E+00  1.929E+00  6.745E-01  1.543E-01
  2.990E+00  9.095E+00  1.670E+00  1.927E+00  6.745E-01  1.540E-01
  3.000E+00  9.090E+00  1.669E+00  1.925E+00  6.746E-01  1.538E-01
