       6     558     309     390

     EOS file :  /Users/dany/Work/NStar/eos/v14/APR_EOS_Acc_Pd.dat           

  step        radius       baryon#       density        pressure       encl. mass            phi     encl. bar. mass 
                (m)        (#/fm3)       (g/cm3)        (dyn/cm2)      (sol. mass)                     (sol. mass)   

     0       0.000000   4.643363E-01   8.279730E+14    8.43126E+34   0.000000000E+00  -3.466307E-01   0.000000000E+00
     1       1.000000   4.643363E-01   8.279730E+14    8.43126E+34   1.743692953E-12  -3.466307E-01   1.637696212E-12
     2       1.033333   4.643363E-01   8.279730E+14    8.43126E+34   1.923939138E-12  -3.466307E-01   1.806985474E-12
     3       1.067778   4.643363E-01   8.279730E+14    8.43126E+34   2.122817436E-12  -3.466307E-01   1.993774230E-12
     4       1.103370   4.643363E-01   8.279730E+14    8.43126E+34   2.342253858E-12  -3.466307E-01   2.199871408E-12
     5       1.140149   4.643363E-01   8.279730E+14    8.43126E+34   2.584373503E-12  -3.466307E-01   2.427272927E-12
     6       1.178154   4.643363E-01   8.279730E+14    8.43126E+34   2.851521145E-12  -3.466307E-01   2.678181025E-12
     7       1.217426   4.643363E-01   8.279730E+14    8.43126E+34   3.146283938E-12  -3.466307E-01   2.955025586E-12
     8       1.258007   4.643363E-01   8.279730E+14    8.43126E+34   3.471516468E-12  -3.466307E-01   3.260487670E-12
     9       1.299941   4.643363E-01   8.279730E+14    8.43126E+34   3.830368404E-12  -3.466307E-01   3.597525483E-12
    10       1.343272   4.643363E-01   8.279730E+14    8.43126E+34   4.226314997E-12  -3.466307E-01   3.969403018E-12
    11       1.388048   4.643363E-01   8.279730E+14    8.43126E+34   4.663190734E-12  -3.466307E-01   4.379721670E-12
    12       1.434316   4.643363E-01   8.279730E+14    8.43126E+34   5.145226476E-12  -3.466307E-01   4.832455112E-12
    13       1.482126   4.643363E-01   8.279730E+14    8.43126E+34   5.677090429E-12  -3.466307E-01   5.331987776E-12
    14       1.531531   4.643363E-01   8.279730E+14    8.43126E+34   6.263933354E-12  -3.466307E-01   5.883157314E-12
    15       1.582582   4.643363E-01   8.279730E+14    8.43126E+34   6.911438447E-12  -3.466307E-01   6.491301450E-12
    16       1.635334   4.643363E-01   8.279730E+14    8.43126E+34   7.625876378E-12  -3.466307E-01   7.162309667E-12
    17       1.689846   4.643363E-01   8.279730E+14    8.43126E+34   8.414166019E-12  -3.466307E-01   7.902680249E-12
    18       1.746174   4.643363E-01   8.279730E+14    8.43126E+34   9.283941447E-12  -3.466307E-01   8.719583209E-12
    19       1.804380   4.643363E-01   8.279730E+14    8.43126E+34   1.024362588E-11  -3.466307E-01   9.620929726E-12
    20       1.864526   4.643363E-01   8.279730E+14    8.43126E+34   1.130251324E-11  -3.466307E-01   1.061544876E-11
    21       1.926676   4.643363E-01   8.279730E+14    8.43126E+34   1.247085817E-11  -3.466307E-01   1.171277159E-11
    22       1.990899   4.643363E-01   8.279730E+14    8.43126E+34   1.375997534E-11  -3.466307E-01   1.292352508E-11
    23       2.057262   4.643363E-01   8.279730E+14    8.43126E+34   1.518234902E-11  -3.466307E-01   1.425943460E-11
    24       2.125838   4.643363E-01   8.279730E+14    8.43126E+34   1.675175398E-11  -3.466307E-01   1.573343757E-11
    25       2.196699   4.643363E-01   8.279730E+14    8.43126E+34   1.848338890E-11  -3.466307E-01   1.735980876E-11
    26       2.269922   4.643363E-01   8.279730E+14    8.43126E+34   2.039402355E-11  -3.466307E-01   1.915429853E-11
    27       2.345586   4.643363E-01   8.279730E+14    8.43126E+34   2.250216119E-11  -3.466307E-01   2.113428536E-11
    28       2.423772   4.643363E-01   8.279730E+14    8.43126E+34   2.482821778E-11  -3.466307E-01   2.331894414E-11
    29       2.504565   4.643363E-01   8.279730E+14    8.43125E+34   2.739471966E-11  -3.466307E-01   2.572943188E-11
    30       2.588050   4.643363E-01   8.279730E+14    8.43125E+34   3.022652177E-11  -3.466307E-01   2.838909261E-11
    31       2.674319   4.643363E-01   8.279730E+14    8.43125E+34   3.335104827E-11  -3.466307E-01   3.132368342E-11
    32       2.763463   4.643363E-01   8.279730E+14    8.43125E+34   3.679855819E-11  -3.466307E-01   3.456162393E-11
    33       2.855578   4.643363E-01   8.279730E+14    8.43125E+34   4.060243844E-11  -3.466307E-01   3.813427151E-11
    34       2.950764   4.643363E-01   8.279730E+14    8.43125E+34   4.479952713E-11  -3.466307E-01   4.207622495E-11
    35       3.049123   4.643363E-01   8.279730E+14    8.43125E+34   4.943047037E-11  -3.466307E-01   4.642565951E-11
    36       3.150760   4.643363E-01   8.279730E+14    8.43125E+34   5.454011583E-11  -3.466307E-01   5.122469666E-11
    37       3.255786   4.643363E-01   8.279730E+14    8.43125E+34   6.017794714E-11  -3.466307E-01   5.651981197E-11
    38       3.364312   4.643363E-01   8.279730E+14    8.43125E+34   6.639856304E-11  -3.466307E-01   6.236228522E-11
    39       3.476455   4.643363E-01   8.279730E+14    8.43125E+34   7.326220618E-11  -3.466307E-01   6.880869697E-11
    40       3.592337   4.643363E-01   8.279730E+14    8.43125E+34   8.083534648E-11  -3.466307E-01   7.592147656E-11
    41       3.712082   4.643363E-01   8.279730E+14    8.43125E+34   8.919132490E-11  -3.466307E-01   8.376950665E-11
    42       3.835818   4.643363E-01   8.279730E+14    8.43125E+34   9.841106369E-11  -3.466307E-01   9.242879032E-11
    43       3.963678   4.643363E-01   8.279729E+14    8.43125E+34   1.085838500E-10  -3.466307E-01   1.019831871E-10
    44       4.095801   4.643363E-01   8.279729E+14    8.43125E+34   1.198082007E-10  -3.466307E-01   1.125252252E-10
    45       4.232328   4.643363E-01   8.279729E+14    8.43125E+34   1.321928163E-10  -3.466307E-01   1.241569974E-10
    46       4.373405   4.643362E-01   8.279729E+14    8.43125E+34   1.458576338E-10  -3.466307E-01   1.369911498E-10
    47       4.519185   4.643362E-01   8.279729E+14    8.43125E+34   1.609349880E-10  -3.466307E-01   1.511519728E-10
    48       4.669825   4.643362E-01   8.279729E+14    8.43125E+34   1.775708933E-10  -3.466307E-01   1.667766049E-10
    49       4.825486   4.643362E-01   8.279729E+14    8.43125E+34   1.959264576E-10  -3.466307E-01   1.840163604E-10
    50       4.986335   4.643362E-01   8.279729E+14    8.43125E+34   2.161794425E-10  -3.466307E-01   2.030381950E-10
    51       5.152546   4.643362E-01   8.279729E+14    8.43125E+34   2.385259849E-10  -3.466307E-01   2.240263230E-10
    52       5.324298   4.643362E-01   8.279729E+14    8.43125E+34   2.631824966E-10  -3.466307E-01   2.471840005E-10
    53       5.501774   4.643362E-01   8.279729E+14    8.43125E+34   2.903877596E-10  -3.466307E-01   2.727354946E-10
    54       5.685167   4.643362E-01   8.279729E+14    8.43125E+34   3.204052390E-10  -3.466307E-01   3.009282547E-10
    55       5.874672   4.643362E-01   8.279729E+14    8.43125E+34   3.535256346E-10  -3.466306E-01   3.320353093E-10
    56       6.070495   4.643362E-01   8.279729E+14    8.43125E+34   3.900696954E-10  -3.466306E-01   3.663579098E-10
    57       6.272844   4.643362E-01   8.279728E+14    8.43125E+34   4.303913267E-10  -3.466306E-01   4.042284480E-10
    58       6.481939   4.643362E-01   8.279728E+14    8.43125E+34   4.748810168E-10  -3.466306E-01   4.460136751E-10
    59       6.698004   4.643362E-01   8.279728E+14    8.43125E+34   5.239696189E-10  -3.466306E-01   4.921182536E-10
    60       6.921270   4.643362E-01   8.279728E+14    8.43125E+34   5.781325236E-10  -3.466306E-01   5.429886758E-10
    61       7.151979   4.643362E-01   8.279728E+14    8.43125E+34   6.378942628E-10  -3.466306E-01   5.991175881E-10
    62       7.390379   4.643362E-01   8.279728E+14    8.43125E+34   7.038335890E-10  -3.466306E-01   6.610485619E-10
    63       7.636724   4.643362E-01   8.279728E+14    8.43125E+34   7.765890807E-10  -3.466306E-01   7.293813574E-10
    64       7.891282   4.643361E-01   8.279727E+14    8.43125E+34   8.568653260E-10  -3.466306E-01   8.047777323E-10
    65       8.154324   4.643361E-01   8.279727E+14    8.43125E+34   9.454397467E-10  -3.466306E-01   8.879678502E-10
    66       8.426135   4.643361E-01   8.279727E+14    8.43125E+34   1.043170126E-09  -3.466306E-01   9.797573517E-10
    67       8.707006   4.643361E-01   8.279727E+14    8.43124E+34   1.151002918E-09  -3.466306E-01   1.081035157E-09
    68       8.997239   4.643361E-01   8.279726E+14    8.43124E+34   1.269982409E-09  -3.466306E-01   1.192782072E-09
    69       9.297147   4.643361E-01   8.279726E+14    8.43124E+34   1.401260835E-09  -3.466306E-01   1.316080292E-09
    70       9.607052   4.643361E-01   8.279726E+14    8.43124E+34   1.546109538E-09  -3.466305E-01   1.452123876E-09
    71       9.927286   4.643361E-01   8.279726E+14    8.43124E+34   1.705931279E-09  -3.466305E-01   1.602230314E-09
    72      10.258196   4.643360E-01   8.279725E+14    8.43124E+34   1.882273821E-09  -3.466305E-01   1.767853283E-09
    73      10.600135   4.643360E-01   8.279725E+14    8.43124E+34   2.076844920E-09  -3.466305E-01   1.950596730E-09
    74      10.953473   4.643360E-01   8.279725E+14    8.43124E+34   2.291528863E-09  -3.466305E-01   2.152230399E-09
    75      11.318588   4.643360E-01   8.279724E+14    8.43124E+34   2.528404713E-09  -3.466305E-01   2.374706972E-09
    76      11.695874   4.643360E-01   8.279724E+14    8.43124E+34   2.789766447E-09  -3.466305E-01   2.620180982E-09
    77      12.085736   4.643360E-01   8.279723E+14    8.43123E+34   3.078145171E-09  -3.466305E-01   2.891029671E-09
    78      12.488593   4.643359E-01   8.279723E+14    8.43123E+34   3.396333626E-09  -3.466304E-01   3.189876021E-09
    79      12.904879   4.643359E-01   8.279723E+14    8.43123E+34   3.747413241E-09  -3.466304E-01   3.519614148E-09
    80      13.335041   4.643359E-01   8.279722E+14    8.43123E+34   4.134783971E-09  -3.466304E-01   3.883437330E-09
    81      13.779542   4.643359E-01   8.279721E+14    8.43123E+34   4.562197220E-09  -3.466304E-01   4.284868936E-09
    82      14.238859   4.643358E-01   8.279721E+14    8.43123E+34   5.033792175E-09  -3.466304E-01   4.727796543E-09
    83      14.713487   4.643358E-01   8.279720E+14    8.43122E+34   5.554135886E-09  -3.466303E-01   5.216509583E-09
    84      15.203935   4.643358E-01   8.279720E+14    8.43122E+34   6.128267496E-09  -3.466303E-01   5.755740886E-09
    85      15.710732   4.643357E-01   8.279719E+14    8.43122E+34   6.761747040E-09  -3.466303E-01   6.350712510E-09
    86      16.234422   4.643357E-01   8.279718E+14    8.43122E+34   7.460709290E-09  -3.466303E-01   7.007186314E-09
    87      16.775568   4.643356E-01   8.279717E+14    8.43122E+34   8.231923163E-09  -3.466302E-01   7.731519756E-09
    88      17.334752   4.643356E-01   8.279716E+14    8.43121E+34   9.082857270E-09  -3.466302E-01   8.530727457E-09
    89      17.912576   4.643355E-01   8.279715E+14    8.43121E+34   1.002175224E-08  -3.466302E-01   9.412549134E-09
    90      18.509660   4.643355E-01   8.279714E+14    8.43121E+34   1.105770054E-08  -3.466301E-01   1.038552455E-08
    91      19.126646   4.643354E-01   8.279713E+14    8.43120E+34   1.220073450E-08  -3.466301E-01   1.145907621E-08
    92      19.764199   4.643354E-01   8.279712E+14    8.43120E+34   1.346192348E-08  -3.466300E-01   1.264360061E-08
    93      20.423003   4.643353E-01   8.279711E+14    8.43120E+34   1.485348105E-08  -3.466300E-01   1.395056894E-08
    94      21.103768   4.643353E-01   8.279710E+14    8.43119E+34   1.638888329E-08  -3.466299E-01   1.539263810E-08
    95      21.807224   4.643352E-01   8.279708E+14    8.43119E+34   1.808299928E-08  -3.466299E-01   1.698377337E-08
    96      22.534128   4.643351E-01   8.279707E+14    8.43118E+34   1.995223507E-08  -3.466298E-01   1.873938356E-08
    97      23.285262   4.643350E-01   8.279705E+14    8.43118E+34   2.201469258E-08  -3.466298E-01   2.067647026E-08
    98      24.061434   4.643349E-01   8.279704E+14    8.43117E+34   2.429034488E-08  -3.466297E-01   2.281379249E-08
    99      24.863477   4.643349E-01   8.279702E+14    8.43117E+34   2.680122959E-08  -3.466296E-01   2.517204834E-08
   100      25.692255   4.643348E-01   8.279700E+14    8.43116E+34   2.957166231E-08  -3.466296E-01   2.777407543E-08
   101      26.548658   4.643347E-01   8.279698E+14    8.43115E+34   3.262847207E-08  -3.466295E-01   3.064507201E-08
   102      27.433608   4.643345E-01   8.279696E+14    8.43115E+34   3.600126113E-08  -3.466294E-01   3.381284103E-08
   103      28.348055   4.643344E-01   8.279693E+14    8.43114E+34   3.972269161E-08  -3.466293E-01   3.730805933E-08
   104      29.292984   4.643343E-01   8.279691E+14    8.43113E+34   4.382880183E-08  -3.466292E-01   4.116457472E-08
   105      30.269409   4.643342E-01   8.279688E+14    8.43112E+34   4.835935521E-08  -3.466291E-01   4.541973375E-08
   106      31.278381   4.643340E-01   8.279685E+14    8.43112E+34   5.335822537E-08  -3.466290E-01   5.011474332E-08
   107      32.320984   4.643339E-01   8.279682E+14    8.43111E+34   5.887382090E-08  -3.466289E-01   5.529506973E-08
   108      33.398340   4.643337E-01   8.279679E+14    8.43110E+34   6.495955419E-08  -3.466288E-01   6.101087892E-08
   109      34.511606   4.643335E-01   8.279675E+14    8.43108E+34   7.167435856E-08  -3.466286E-01   6.731752227E-08
   110      35.661981   4.643333E-01   8.279672E+14    8.43107E+34   7.908325891E-08  -3.466285E-01   7.427607253E-08
   111      36.850700   4.643331E-01   8.279668E+14    8.43106E+34   8.725800141E-08  -3.466284E-01   8.195391521E-08
   112      38.079041   4.643329E-01   8.279664E+14    8.43105E+34   9.627774809E-08  -3.466282E-01   9.042540109E-08
   113      39.348326   4.643327E-01   8.279659E+14    8.43103E+34   1.062298435E-07  -3.466280E-01   9.977256610E-08
   114      40.659918   4.643325E-01   8.279654E+14    8.43102E+34   1.172106601E-07  -3.466278E-01   1.100859257E-07
   115      42.015228   4.643322E-01   8.279649E+14    8.43100E+34   1.293265320E-07  -3.466277E-01   1.214653512E-07
   116      43.415713   4.643319E-01   8.279644E+14    8.43098E+34   1.426947837E-07  -3.466274E-01   1.340210370E-07
   117      44.862878   4.643316E-01   8.279638E+14    8.43097E+34   1.574448666E-07  -3.466272E-01   1.478745673E-07
   118      46.358280   4.643313E-01   8.279631E+14    8.43095E+34   1.737196124E-07  -3.466270E-01   1.631600933E-07
   119      47.903526   4.643310E-01   8.279625E+14    8.43093E+34   1.916766155E-07  -3.466267E-01   1.800256323E-07
   120      49.500276   4.643306E-01   8.279618E+14    8.43090E+34   2.114897591E-07  -3.466265E-01   1.986345006E-07
   121      51.150249   4.643302E-01   8.279610E+14    8.43088E+34   2.333508987E-07  -3.466262E-01   2.191668947E-07
   122      52.855216   4.643298E-01   8.279602E+14    8.43085E+34   2.574717193E-07  -3.466259E-01   2.418216359E-07
   123      54.617012   4.643294E-01   8.279593E+14    8.43083E+34   2.840857846E-07  -3.466255E-01   2.668180953E-07
   124      56.437529   4.643289E-01   8.279584E+14    8.43080E+34   3.134507987E-07  -3.466252E-01   2.943983175E-07
   125      58.318725   4.643284E-01   8.279574E+14    8.43077E+34   3.458511002E-07  -3.466248E-01   3.248293637E-07
   126      60.262622   4.643279E-01   8.279563E+14    8.43073E+34   3.816004148E-07  -3.466244E-01   3.584058972E-07
   127      62.271310   4.643273E-01   8.279552E+14    8.43070E+34   4.210448925E-07  -3.466240E-01   3.954530360E-07
   128      64.346946   4.643267E-01   8.279540E+14    8.43066E+34   4.645664578E-07  -3.466235E-01   4.363294998E-07
   129      66.491763   4.643260E-01   8.279527E+14    8.43062E+34   5.125865070E-07  -3.466230E-01   4.814310825E-07
   130      68.708066   4.643253E-01   8.279513E+14    8.43058E+34   5.655699864E-07  -3.466225E-01   5.311944835E-07
   131      70.998236   4.643246E-01   8.279498E+14    8.43053E+34   6.240298930E-07  -3.466220E-01   5.861015345E-07
   132      73.364735   4.643238E-01   8.279483E+14    8.43048E+34   6.885322387E-07  -3.466214E-01   6.466838633E-07
   133      75.810105   4.643230E-01   8.279466E+14    8.43043E+34   7.597015290E-07  -3.466207E-01   7.135280390E-07
   134      78.336976   4.643221E-01   8.279448E+14    8.43037E+34   8.382268060E-07  -3.466201E-01   7.872812494E-07
   135      80.948062   4.643211E-01   8.279429E+14    8.43031E+34   9.248683167E-07  -3.466194E-01   8.686575643E-07
   136      83.646169   4.643201E-01   8.279408E+14    8.43025E+34   1.020464869E-06  -3.466186E-01   9.584448456E-07
   137      86.434196   4.643190E-01   8.279387E+14    8.43018E+34   1.125941950E-06  -3.466178E-01   1.057512372E-06
   138      89.315139   4.643178E-01   8.279363E+14    8.43011E+34   1.242320676E-06  -3.466169E-01   1.166819249E-06
   139      92.292094   4.643165E-01   8.279339E+14    8.43003E+34   1.370727678E-06  -3.466159E-01   1.287423693E-06
   140      95.368257   4.643152E-01   8.279312E+14    8.42995E+34   1.512405995E-06  -3.466149E-01   1.420493265E-06
   141      98.546935   4.643138E-01   8.279284E+14    8.42986E+34   1.668727104E-06  -3.466139E-01   1.567316168E-06
   142     101.831541   4.643122E-01   8.279253E+14    8.42977E+34   1.841204180E-06  -3.466127E-01   1.729313714E-06
   143     105.225603   4.643106E-01   8.279221E+14    8.42966E+34   2.031506737E-06  -3.466115E-01   1.908054066E-06
   144     108.732768   4.643089E-01   8.279187E+14    8.42956E+34   2.241476771E-06  -3.466102E-01   2.105267410E-06
   145     112.356802   4.643070E-01   8.279150E+14    8.42944E+34   2.473146574E-06  -3.466088E-01   2.322862689E-06
   146     116.101597   4.643050E-01   8.279110E+14    8.42932E+34   2.728758385E-06  -3.466073E-01   2.562946064E-06
   147     119.971173   4.643029E-01   8.279068E+14    8.42919E+34   3.010786068E-06  -3.466058E-01   2.827841282E-06
   148     123.969685   4.643006E-01   8.279024E+14    8.42905E+34   3.321959026E-06  -3.466041E-01   3.120112142E-06
   149     128.101428   4.642982E-01   8.278976E+14    8.42890E+34   3.665288587E-06  -3.466023E-01   3.442587288E-06
   150     132.370834   4.642957E-01   8.278924E+14    8.42874E+34   4.044097106E-06  -3.466003E-01   3.798387545E-06
   151     136.782488   4.642929E-01   8.278870E+14    8.42857E+34   4.462050071E-06  -3.465983E-01   4.190956094E-06
   152     141.341125   4.642900E-01   8.278812E+14    8.42838E+34   4.923191520E-06  -3.465961E-01   4.624091742E-06
   153     146.051635   4.642868E-01   8.278749E+14    8.42819E+34   5.431983106E-06  -3.465937E-01   5.101985637E-06
   154     150.919073   4.642835E-01   8.278683E+14    8.42798E+34   5.993347196E-06  -3.465912E-01   5.629261756E-06
   155     155.948661   4.642799E-01   8.278612E+14    8.42776E+34   6.612714405E-06  -3.465886E-01   6.211021580E-06
   156     161.145793   4.642761E-01   8.278536E+14    8.42752E+34   7.296076033E-06  -3.465857E-01   6.852893367E-06
   157     166.516044   4.642720E-01   8.278455E+14    8.42727E+34   8.050041900E-06  -3.465827E-01   7.561086502E-06
   158     172.065172   4.642676E-01   8.278369E+14    8.42700E+34   8.881904141E-06  -3.465794E-01   8.342451449E-06
   159     177.799124   4.642630E-01   8.278277E+14    8.42671E+34   9.799707567E-06  -3.465759E-01   9.204545887E-06
   160     183.724048   4.642580E-01   8.278178E+14    8.42640E+34   1.081232727E-05  -3.465722E-01   1.015570764E-05
   161     189.846293   4.642527E-01   8.278073E+14    8.42608E+34   1.192955424E-05  -3.465683E-01   1.120513513E-05
   162     196.172417   4.642470E-01   8.277961E+14    8.42572E+34   1.316218971E-05  -3.465640E-01   1.236297613E-05
   163     202.709196   4.642410E-01   8.277841E+14    8.42535E+34   1.452214932E-05  -3.465595E-01   1.364042558E-05
   164     209.463630   4.642345E-01   8.277713E+14    8.42495E+34   1.602257790E-05  -3.465547E-01   1.504983356E-05
   165     216.442950   4.642276E-01   8.277576E+14    8.42452E+34   1.767797612E-05  -3.465495E-01   1.660482433E-05
   166     223.654624   4.642203E-01   8.277430E+14    8.42407E+34   1.950434004E-05  -3.465440E-01   1.832042754E-05
   167     231.106368   4.642124E-01   8.277274E+14    8.42358E+34   2.151931514E-05  -3.465382E-01   2.021322307E-05
   168     238.806150   4.642040E-01   8.277108E+14    8.42306E+34   2.374236607E-05  -3.465319E-01   2.230150060E-05
   169     246.762204   4.641951E-01   8.276930E+14    8.42250E+34   2.619496379E-05  -3.465252E-01   2.460543569E-05
   170     254.983030   4.641855E-01   8.276740E+14    8.42191E+34   2.890079200E-05  -3.465180E-01   2.714728382E-05
   171     263.477411   4.641753E-01   8.276538E+14    8.42128E+34   3.188597465E-05  -3.465104E-01   2.995159442E-05
   172     272.254416   4.641644E-01   8.276321E+14    8.42060E+34   3.517932677E-05  -3.465023E-01   3.304544687E-05
   173     281.323411   4.641527E-01   8.276091E+14    8.41988E+34   3.881263100E-05  -3.464936E-01   3.645871054E-05
   174     290.694071   4.641403E-01   8.275844E+14    8.41911E+34   4.282094238E-05  -3.464843E-01   4.022433164E-05
   175     300.376385   4.641270E-01   8.275581E+14    8.41829E+34   4.724292431E-05  -3.464744E-01   4.437864935E-05
   176     310.380670   4.641128E-01   8.275300E+14    8.41741E+34   5.212121887E-05  -3.464638E-01   4.896174424E-05
   177     320.717577   4.640977E-01   8.275000E+14    8.41648E+34   5.750285483E-05  -3.464525E-01   5.401782242E-05
   178     331.398107   4.640815E-01   8.274679E+14    8.41548E+34   6.343969742E-05  -3.464404E-01   5.959563884E-05
   179     342.433616   4.640643E-01   8.274337E+14    8.41441E+34   6.998894376E-05  -3.464275E-01   6.574896379E-05
   180     353.835829   4.640459E-01   8.273972E+14    8.41327E+34   7.721366887E-05  -3.464138E-01   7.253709704E-05
   181     365.616852   4.640262E-01   8.273582E+14    8.41205E+34   8.518342708E-05  -3.463991E-01   8.002543429E-05
   182     377.789181   4.640052E-01   8.273166E+14    8.41075E+34   9.397491456E-05  -3.463834E-01   8.828609129E-05
   183     390.365717   4.639828E-01   8.272721E+14    8.40936E+34   1.036726991E-04  -3.463667E-01   9.739859137E-05
   184     403.359774   4.639588E-01   8.272247E+14    8.40788E+34   1.143700238E-04  -3.463488E-01   1.074506229E-04
   185     416.785093   4.639333E-01   8.271740E+14    8.40630E+34   1.261696917E-04  -3.463297E-01   1.185388733E-04
   186     430.655859   4.639060E-01   8.271200E+14    8.40462E+34   1.391850409E-04  -3.463094E-01   1.307699481E-04
   187     444.986706   4.638769E-01   8.270622E+14    8.40282E+34   1.535410162E-04  -3.462876E-01   1.442613820E-04
   188     459.792735   4.638458E-01   8.270006E+14    8.40089E+34   1.693753505E-04  -3.462644E-01   1.591427532E-04
   189     475.089526   4.638126E-01   8.269348E+14    8.39884E+34   1.868398636E-04  -3.462396E-01   1.755569089E-04
   190     490.893154   4.637772E-01   8.268645E+14    8.39665E+34   2.061018917E-04  -3.462132E-01   1.936613152E-04
   191     507.220197   4.637393E-01   8.267895E+14    8.39431E+34   2.273458604E-04  -3.461850E-01   2.136295420E-04
   192     524.087755   4.636990E-01   8.267095E+14    8.39182E+34   2.507750139E-04  -3.461548E-01   2.356528966E-04
   193     541.513463   4.636558E-01   8.266240E+14    8.38915E+34   2.766133173E-04  -3.461227E-01   2.599422217E-04
   194     559.515503   4.636098E-01   8.265328E+14    8.38631E+34   3.051075471E-04  -3.460883E-01   2.867298716E-04
   195     578.112620   4.635607E-01   8.264354E+14    8.38328E+34   3.365295895E-04  -3.460517E-01   3.162718862E-04
   196     597.324138   4.635083E-01   8.263315E+14    8.38004E+34   3.711789654E-04  -3.460126E-01   3.488503805E-04
   197     617.169969   4.634523E-01   8.262205E+14    8.37659E+34   4.093856038E-04  -3.459708E-01   3.847761706E-04
   198     637.670634   4.633925E-01   8.261021E+14    8.37290E+34   4.515128879E-04  -3.459263E-01   4.243916593E-04
   199     658.847271   4.633288E-01   8.259756E+14    8.36897E+34   4.979609983E-04  -3.458787E-01   4.680740054E-04
   200     680.721656   4.632607E-01   8.258407E+14    8.36477E+34   5.491705822E-04  -3.458280E-01   5.162386040E-04
   201     703.316211   4.631880E-01   8.256967E+14    8.36030E+34   6.056267779E-04  -3.457738E-01   5.693429067E-04
   202     726.654018   4.631105E-01   8.255430E+14    8.35552E+34   6.678636281E-04  -3.457160E-01   6.278906135E-04
   203     750.758839   4.630277E-01   8.253790E+14    8.35042E+34   7.364689161E-04  -3.456544E-01   6.924362709E-04
   204     775.655120   4.629394E-01   8.252039E+14    8.34499E+34   8.120894651E-04  -3.455886E-01   7.635903134E-04
   205     801.368011   4.628451E-01   8.250171E+14    8.33919E+34   8.954369388E-04  -3.455184E-01   8.420245884E-04
   206     827.923372   4.627445E-01   8.248177E+14    8.33300E+34   9.872941910E-04  -3.454435E-01   9.284784082E-04
   207     855.347788   4.626372E-01   8.246050E+14    8.32641E+34   1.088522209E-03  -3.453636E-01   1.023765177E-03
   208     883.668579   4.625227E-01   8.243779E+14    8.31937E+34   1.200067703E-03  -3.452783E-01   1.128779640E-03
   209     912.913806   4.624004E-01   8.241357E+14    8.31187E+34   1.322971397E-03  -3.451874E-01   1.244505815E-03
   210     943.112282   4.622700E-01   8.238773E+14    8.30387E+34   1.458377075E-03  -3.450904E-01   1.372025658E-03
   211     974.293578   4.621309E-01   8.236016E+14    8.29534E+34   1.607541449E-03  -3.449870E-01   1.512528526E-03
   212    1006.488028   4.619825E-01   8.233074E+14    8.28625E+34   1.771844916E-03  -3.448766E-01   1.667321508E-03
   213    1039.726731   4.618241E-01   8.229937E+14    8.27656E+34   1.952803258E-03  -3.447590E-01   1.837840689E-03
   214    1074.041553   4.616552E-01   8.226590E+14    8.26623E+34   2.152080381E-03  -3.446335E-01   2.025663421E-03
   215    1109.465127   4.614750E-01   8.223019E+14    8.25522E+34   2.371502144E-03  -3.444997E-01   2.232521684E-03
   216    1146.030849   4.612828E-01   8.219212E+14    8.24349E+34   2.613071377E-03  -3.443571E-01   2.460316613E-03
   217    1183.772868   4.610779E-01   8.215151E+14    8.23100E+34   2.878984143E-03  -3.442050E-01   2.711134278E-03
   218    1222.726083   4.608593E-01   8.210821E+14    8.21768E+34   3.171647361E-03  -3.440430E-01   2.987262808E-03
   219    1262.926121   4.606262E-01   8.206204E+14    8.20351E+34   3.493697832E-03  -3.438703E-01   3.291210943E-03
   220    1304.409327   4.603777E-01   8.201281E+14    8.18841E+34   3.848022788E-03  -3.436862E-01   3.625728119E-03
   221    1347.212738   4.601127E-01   8.196033E+14    8.17233E+34   4.237782012E-03  -3.434901E-01   3.993826155E-03
   222    1391.374057   4.598300E-01   8.190452E+14    8.15522E+34   4.666431825E-03  -3.432811E-01   4.398802616E-03
   223    1436.931549   4.595286E-01   8.184513E+14    8.13701E+34   5.137750514E-03  -3.430586E-01   4.844265106E-03
   224    1483.924091   4.592073E-01   8.178184E+14    8.11763E+34   5.655864923E-03  -3.428215E-01   5.334159478E-03
   225    1532.391156   4.588649E-01   8.171439E+14    8.09701E+34   6.225280635E-03  -3.425692E-01   5.872799079E-03
   226    1582.372715   4.585001E-01   8.164254E+14    8.07509E+34   6.850912678E-03  -3.423004E-01   6.464895398E-03
   227    1633.909176   4.581115E-01   8.156599E+14    8.05177E+34   7.538118515E-03  -3.420144E-01   7.115591225E-03
   228    1687.041313   4.576975E-01   8.148446E+14    8.02699E+34   8.292732947E-03  -3.417100E-01   7.830495959E-03
   229    1741.810193   4.572566E-01   8.139764E+14    8.00066E+34   9.121104902E-03  -3.413862E-01   8.615723056E-03
   230    1798.257082   4.567870E-01   8.130519E+14    7.97269E+34   1.003013605E-02  -3.410417E-01   9.477929633E-03
   231    1856.423351   4.562872E-01   8.120678E+14    7.94298E+34   1.102732116E-02  -3.406754E-01   1.042435818E-02
   232    1916.350362   4.557551E-01   8.110204E+14    7.91145E+34   1.212079000E-02  -3.402859E-01   1.146288028E-02
   233    1978.079343   4.551888E-01   8.099058E+14    7.87798E+34   1.331935063E-02  -3.398719E-01   1.260204228E-02
   234    2041.651255   4.545862E-01   8.087200E+14    7.84249E+34   1.463253378E-02  -3.394320E-01   1.385111265E-02
   235    2107.106635   4.539453E-01   8.074589E+14    7.80485E+34   1.607063799E-02  -3.389648E-01   1.522013083E-02
   236    2174.485432   4.532636E-01   8.061178E+14    7.76497E+34   1.764477503E-02  -3.384687E-01   1.671995720E-02
   237    2243.826822   4.525389E-01   8.046922E+14    7.72272E+34   1.936691510E-02  -3.379421E-01   1.836232386E-02
   238    2315.169006   4.517685E-01   8.031771E+14    7.67799E+34   2.124993117E-02  -3.373834E-01   2.015988556E-02
   239    2388.548992   4.509499E-01   8.015675E+14    7.63066E+34   2.330764164E-02  -3.367909E-01   2.212627022E-02
   240    2464.002356   4.500804E-01   7.998580E+14    7.58061E+34   2.555485044E-02  -3.361627E-01   2.427612835E-02
   241    2541.562981   4.491559E-01   7.980481E+14    7.52772E+34   2.800739086E-02  -3.354970E-01   2.662517771E-02
   242    2621.262298   4.481745E-01   7.961278E+14    7.47186E+34   3.068213793E-02  -3.347920E-01   2.919023218E-02
   243    2703.129872   4.471330E-01   7.940905E+14    7.41290E+34   3.359704917E-02  -3.340457E-01   3.198927212E-02
   244    2787.192721   4.460283E-01   7.919300E+14    7.35072E+34   3.677117969E-02  -3.332562E-01   3.504146581E-02
   245    2873.474926   4.448570E-01   7.896399E+14    7.28520E+34   4.022468898E-02  -3.324214E-01   3.836719431E-02
   246    2961.997268   4.436156E-01   7.872135E+14    7.21621E+34   4.397883730E-02  -3.315393E-01   4.198806848E-02
   247    3052.776847   4.423007E-01   7.846439E+14    7.14364E+34   4.805596831E-02  -3.306078E-01   4.592693462E-02
   248    3145.826676   4.409085E-01   7.819242E+14    7.06736E+34   5.247947591E-02  -3.296249E-01   5.020786655E-02
   249    3241.155258   4.394342E-01   7.790506E+14    6.98727E+34   5.727375624E-02  -3.285884E-01   5.485613980E-02
   250    3338.765727   4.378732E-01   7.760184E+14    6.90327E+34   6.246415234E-02  -3.274964E-01   5.989814595E-02
   251    3438.655499   4.362233E-01   7.728145E+14    6.81526E+34   6.807679017E-02  -3.263467E-01   6.536136215E-02
   252    3540.816791   4.344805E-01   7.694314E+14    6.72315E+34   7.413852633E-02  -3.251375E-01   7.127430723E-02
   253    3645.235468   4.326407E-01   7.658615E+14    6.62688E+34   8.067677446E-02  -3.238668E-01   7.766638857E-02
   254    3751.890574   4.307000E-01   7.620972E+14    6.52638E+34   8.771932364E-02  -3.225328E-01   8.456775568E-02
   255    3860.753848   4.286514E-01   7.581389E+14    6.42161E+34   9.529414940E-02  -3.211338E-01   9.200910508E-02
   256    3971.788144   4.264922E-01   7.539757E+14    6.31255E+34   1.034291300E-01  -3.196681E-01   1.000213519E-01
   257    4084.948530   4.242196E-01   7.495963E+14    6.19918E+34   1.121517201E-01  -3.181344E-01   1.086355625E-01
   258    4200.181971   4.218300E-01   7.449933E+14    6.08153E+34   1.214887107E-01  -3.165314E-01   1.178826399E-01
   259    4317.426348   4.193175E-01   7.401618E+14    5.95962E+34   1.314658441E-01  -3.148581E-01   1.277929402E-01
   260    4436.609800   4.166750E-01   7.350983E+14    5.83353E+34   1.421074564E-01  -3.131137E-01   1.383957622E-01
   261    4557.650147   4.139042E-01   7.297918E+14    5.70335E+34   1.534359330E-01  -3.112977E-01   1.497190619E-01
   262    4680.455926   4.110017E-01   7.242365E+14    5.56918E+34   1.654713788E-01  -3.094099E-01   1.617891136E-01
   263    4804.925426   4.079587E-01   7.184323E+14    5.43119E+34   1.782311375E-01  -3.074503E-01   1.746298512E-01
   264    4930.945649   4.047751E-01   7.123723E+14    5.28955E+34   1.917292554E-01  -3.054195E-01   1.882621484E-01
   265    5058.393589   4.014515E-01   7.060498E+14    5.14447E+34   2.059759473E-01  -3.033183E-01   2.027037271E-01
   266    5187.136327   3.979783E-01   6.994662E+14    4.99620E+34   2.209772200E-01  -3.011480E-01   2.179683949E-01
   267    5317.029957   3.943558E-01   6.926181E+14    4.84501E+34   2.367343517E-01  -2.989103E-01   2.340650471E-01
   268    5447.920844   3.905883E-01   6.855010E+14    4.69120E+34   2.532433254E-01  -2.966073E-01   2.509978854E-01
   269    5579.646446   3.866606E-01   6.781080E+14    4.53513E+34   2.704945036E-01  -2.942417E-01   2.687653730E-01
   270    5712.036500   3.825843E-01   6.704450E+14    4.37714E+34   2.884724064E-01  -2.918163E-01   2.873598699E-01
   271    5844.911512   3.783550E-01   6.625148E+14    4.21763E+34   3.071553094E-01  -2.893349E-01   3.067675057E-01
   272    5978.084390   3.739690E-01   6.543201E+14    4.05701E+34   3.265150275E-01  -2.868013E-01   3.269668254E-01
   273    6111.361560   3.694373E-01   6.458637E+14    3.89572E+34   3.465168701E-01  -2.842201E-01   3.479297738E-01
   274    6244.544290   3.647420E-01   6.371366E+14    3.73421E+34   3.671193438E-01  -2.815961E-01   3.696203572E-01
   275    6377.432561   3.599093E-01   6.281623E+14    3.57294E+34   3.882751502E-01  -2.789345E-01   3.919959613E-01
   276    6509.820014   3.549122E-01   6.189238E+14    3.41237E+34   4.099301550E-01  -2.762410E-01   4.150057616E-01
   277    6641.503918   3.497854E-01   6.094553E+14    3.25298E+34   4.320253686E-01  -2.735214E-01   4.385928104E-01
   278    6772.276270   3.445013E-01   5.997397E+14    3.09523E+34   4.544956226E-01  -2.707822E-01   4.626923366E-01
   279    6901.936304   3.390935E-01   5.898109E+14    2.93957E+34   4.772722039E-01  -2.680295E-01   4.872345542E-01
   280    7030.281478   3.335396E-01   5.796506E+14    2.78645E+34   5.002812427E-01  -2.652701E-01   5.121426734E-01
   281    7157.120400   3.278650E-01   5.692900E+14    2.63629E+34   5.234473993E-01  -2.625106E-01   5.373371008E-01
   282    7282.263931   3.220656E-01   5.587292E+14    2.48949E+34   5.466915725E-01  -2.597577E-01   5.627323592E-01
   283    7405.533642   3.074697E-01   5.321700E+14    2.34912E+34   5.694811215E-01  -2.570189E-01   5.877668328E-01
   284    7530.364740   3.017041E-01   5.217176E+14    2.21008E+34   5.926588471E-01  -2.542217E-01   6.133516078E-01
   285    7652.930276   2.958479E-01   5.111363E+14    2.07549E+34   6.157068856E-01  -2.514536E-01   6.389039998E-01
   286    7773.080781   2.899283E-01   5.004612E+14    1.94557E+34   6.385487653E-01  -2.487205E-01   6.643355408E-01
   287    7890.673354   2.839172E-01   4.896622E+14    1.82055E+34   6.611094276E-01  -2.460282E-01   6.895583294E-01
   288    8005.587783   2.778559E-01   4.787943E+14    1.70055E+34   6.833191524E-01  -2.433820E-01   7.144892154E-01
   289    8117.707473   2.717382E-01   4.678561E+14    1.58573E+34   7.051098103E-01  -2.407867E-01   7.390454180E-01
   290    8226.933645   2.655695E-01   4.568609E+14    1.47616E+34   7.264198424E-01  -2.382471E-01   7.631509570E-01
   291    8333.181869   2.593804E-01   4.458502E+14    1.37189E+34   7.471924798E-01  -2.357672E-01   7.867340842E-01
   292    8436.376113   2.531491E-01   4.347940E+14    1.27292E+34   7.673757260E-01  -2.333508E-01   8.097282864E-01
   293    8536.465251   2.469084E-01   4.237449E+14    1.17925E+34   7.869264527E-01  -2.310009E-01   8.320767690E-01
   294    8633.403487   2.406688E-01   4.127212E+14    1.09081E+34   8.058050578E-01  -2.287201E-01   8.537258476E-01
   295    8727.158674   2.344206E-01   4.017178E+14    1.00752E+34   8.239801718E-01  -2.265109E-01   8.746315065E-01
   296    8817.716500   2.282026E-01   3.907842E+14    9.29265E+33   8.414275388E-01  -2.243748E-01   8.947577391E-01
   297    8905.067536   2.220050E-01   3.799071E+14    8.55924E+33   8.581271398E-01  -2.223133E-01   9.140737749E-01
   298    8989.221107   2.158401E-01   3.691121E+14    7.87338E+33   8.740675297E-01  -2.203270E-01   9.325590438E-01
   299    9070.195091   2.086819E-01   3.565975E+14    7.23394E+33   8.892286715E-01  -2.184164E-01   9.501832327E-01
   300    9148.412582   1.811680E-01   3.086136E+14    6.67069E+33   9.028306251E-01  -2.165730E-01   9.660504951E-01
   301    9232.844430   1.750289E-01   2.979427E+14    6.11747E+33   9.164710020E-01  -2.145892E-01   9.820142654E-01
   302    9314.375946   1.699001E-01   2.890369E+14    5.60217E+33   9.294726701E-01  -2.126808E-01   9.972576427E-01
   303    9392.587492   1.648566E-01   2.802992E+14    5.12517E+33   9.417793260E-01  -2.108573E-01   1.011709926E+00
   304    9467.524676   1.599110E-01   2.717363E+14    4.68433E+33   9.534004481E-01  -2.091172E-01   1.025378041E+00
   305    9539.240561   1.550449E-01   2.633353E+14    4.27756E+33   9.643485674E-01  -2.074588E-01   1.038272730E+00
   306    9607.800080   1.502830E-01   2.551181E+14    3.90276E+33   9.746400441E-01  -2.058800E-01   1.050409654E+00
   307    9673.269619   1.455918E-01   2.470459E+14    3.55793E+33   9.842926900E-01  -2.043790E-01   1.061806594E+00
   308    9735.732255   1.410077E-01   2.391625E+14    3.24107E+33   9.933280996E-01  -2.029530E-01   1.072486082E+00
   309    9795.265081   1.364970E-01   2.314172E+14    2.95031E+33   1.001768204E+00  -2.015999E-01   1.082471698E+00
   310    9851.962590   1.320892E-01   2.238538E+14    2.68381E+33   1.009637511E+00  -2.003168E-01   1.091790235E+00
   311    9905.911883   1.277943E-01   2.164903E+14    2.43981E+33   1.016961682E+00  -1.991012E-01   1.100470351E+00
   312    9957.198395   1.236123E-01   2.093261E+14    2.21666E+33   1.023766589E+00  -1.979507E-01   1.108541041E+00
   313   10005.909908   1.195374E-01   2.023486E+14    2.01277E+33   1.030078376E+00  -1.968627E-01   1.116032020E+00
   314   10052.138605   1.155281E-01   1.954912E+14    1.82671E+33   1.035922244E+00  -1.958345E-01   1.122971994E+00
   315   10095.993029   1.116340E-01   1.888330E+14    1.65703E+33   1.041325865E+00  -1.948632E-01   1.129392813E+00
   316   10137.562893   1.077796E-01   1.822531E+14    1.50244E+33   1.046314407E+00  -1.939464E-01   1.135323521E+00
   317   10176.964059   1.039899E-01   1.757911E+14    1.36175E+33   1.050912341E+00  -1.930809E-01   1.140792246E+00
   318   10214.302870   1.003189E-01   1.695335E+14    1.23374E+33   1.055146634E+00  -1.922640E-01   1.145830480E+00
   319   10249.663992   9.661070E-02   1.632199E+14    1.11744E+33   1.059038453E+00  -1.914935E-01   1.150462895E+00
   320   10283.185914   9.301337E-02   1.570973E+14    1.01177E+33   1.062613731E+00  -1.907658E-01   1.154719907E+00
   321   10314.951122   8.931898E-02   1.508092E+14    9.15839E+32   1.065893786E+00  -1.900788E-01   1.158626589E+00
   322   10345.111171   8.444275E-02   1.425004E+14    8.29509E+32   1.068875441E+00  -1.894290E-01   1.162179362E+00
   323   10374.209202   7.982120E-02   1.346297E+14    7.51125E+32   1.071609036E+00  -1.888044E-01   1.165438155E+00
   324   10402.274017   7.544254E-02   1.271766E+14    6.79988E+32   1.074113545E+00  -1.882042E-01   1.168425233E+00
   325   10429.334305   7.129533E-02   1.201212E+14    6.15455E+32   1.076406708E+00  -1.876276E-01   1.171161452E+00
   326   10455.418578   6.736849E-02   1.134444E+14    5.56936E+32   1.078505083E+00  -1.870739E-01   1.173666308E+00
   327   10480.555117   6.365132E-02   1.071274E+14    5.03888E+32   1.080424099E+00  -1.865422E-01   1.175957993E+00
   328   10504.771923   6.013350E-02   1.011524E+14    4.55817E+32   1.082178112E+00  -1.860319E-01   1.178053453E+00
   329   10528.096672   5.680510E-02   9.550214E+13    4.12267E+32   1.083780456E+00  -1.855422E-01   1.179968449E+00
   330   10550.556676   5.365659E-02   9.016017E+13    3.72825E+32   1.085243501E+00  -1.850723E-01   1.181717615E+00
   331   10572.178846   5.067882E-02   8.511061E+13    3.37113E+32   1.086578705E+00  -1.846215E-01   1.183314520E+00
   332   10592.989664   4.786303E-02   8.033832E+13    3.04784E+32   1.087796672E+00  -1.841891E-01   1.184771730E+00
   333   10613.015150   4.520086E-02   7.582881E+13    2.75525E+32   1.088907200E+00  -1.837744E-01   1.186100866E+00
   334   10632.280843   4.268429E-02   7.156825E+13    2.49050E+32   1.089919336E+00  -1.833768E-01   1.187312664E+00
   335   10650.811775   4.030570E-02   6.754347E+13    2.25097E+32   1.090841420E+00  -1.829956E-01   1.188417030E+00
   336   10668.632459   3.805781E-02   6.374190E+13    2.03431E+32   1.091681137E+00  -1.826301E-01   1.189423093E+00
   337   10685.766870   3.593367E-02   6.015158E+13    1.83836E+32   1.092445559E+00  -1.822799E-01   1.190339263E+00
   338   10702.238435   3.392670E-02   5.676114E+13    1.66116E+32   1.093141189E+00  -1.819441E-01   1.191173274E+00
   339   10718.070024   3.203062E-02   5.355977E+13    1.50094E+32   1.093774002E+00  -1.816224E-01   1.191932234E+00
   340   10733.283941   3.023946E-02   5.053719E+13    1.35610E+32   1.094349483E+00  -1.813141E-01   1.192622674E+00
   341   10747.901921   2.854756E-02   4.768366E+13    1.22516E+32   1.094872661E+00  -1.810187E-01   1.193250585E+00
   342   10761.945123   2.694953E-02   4.498992E+13    1.10681E+32   1.095348149E+00  -1.807357E-01   1.193821461E+00
   343   10775.434138   2.544027E-02   4.244722E+13    9.99841E+31   1.095780170E+00  -1.804645E-01   1.194340336E+00
   344   10788.388977   2.401495E-02   4.004723E+13    9.03173E+31   1.096172591E+00  -1.802048E-01   1.194811819E+00
   345   10800.829085   2.258626E-02   3.765045E+13    8.15869E+31   1.096528744E+00  -1.799560E-01   1.195239871E+00
   346   10812.815721   2.106446E-02   3.511414E+13    7.37382E+31   1.096850443E+00  -1.797168E-01   1.195626497E+00
   347   10824.463055   1.964476E-02   3.274798E+13    6.66424E+31   1.097142613E+00  -1.794849E-01   1.195977569E+00
   348   10835.779739   1.832039E-02   3.054066E+13    6.02277E+31   1.097407920E+00  -1.792601E-01   1.196296301E+00
   349   10846.774261   1.705920E-02   2.843599E+13    5.44335E+31   1.097648609E+00  -1.790422E-01   1.196585417E+00
   350   10857.472912   1.588341E-02   2.647386E+13    4.91958E+31   1.097867101E+00  -1.788306E-01   1.196847847E+00
   351   10867.883779   1.477339E-02   2.462190E+13    4.44620E+31   1.098065395E+00  -1.786252E-01   1.197085998E+00
   352   10878.024270   1.371084E-02   2.284977E+13    4.01889E+31   1.098245114E+00  -1.784255E-01   1.197301816E+00
   353   10887.923543   1.272454E-02   2.120491E+13    3.63258E+31   1.098408229E+00  -1.782309E-01   1.197497674E+00
   354   10897.586773   1.180608E-02   1.967380E+13    3.28336E+31   1.098556252E+00  -1.780414E-01   1.197675391E+00
   355   10907.021199   1.094524E-02   1.824032E+13    2.96780E+31   1.098690513E+00  -1.778567E-01   1.197836556E+00
   356   10916.238551   1.014705E-02   1.691112E+13    2.68253E+31   1.098812335E+00  -1.776767E-01   1.197982757E+00
   357   10925.243357   9.401409E-03   1.566902E+13    2.42468E+31   1.098922848E+00  -1.775011E-01   1.198115359E+00
   358   10934.045544   8.700965E-03   1.450161E+13    2.19177E+31   1.099023026E+00  -1.773297E-01   1.198235540E+00
   359   10942.659676   8.052640E-03   1.342107E+13    1.98120E+31   1.099113903E+00  -1.771624E-01   1.198344547E+00
   360   10951.089393   7.444503E-03   1.240751E+13    1.79093E+31   1.099196303E+00  -1.769989E-01   1.198443370E+00
   361   10959.347567   6.879929E-03   1.146655E+13    1.61897E+31   1.099271021E+00  -1.768390E-01   1.198532967E+00
   362   10967.440327   6.353610E-03   1.058943E+13    1.46352E+31   1.099338782E+00  -1.766826E-01   1.198614211E+00
   363   10975.376344   5.862191E-03   9.770556E+12    1.32309E+31   1.099400196E+00  -1.765295E-01   1.198687832E+00
   364   10983.165921   5.322921E-03   8.871869E+12    1.19645E+31   1.099455750E+00  -1.763795E-01   1.198754418E+00
   365   10990.936758   4.809024E-03   8.015281E+12    1.08340E+31   1.099505494E+00  -1.762301E-01   1.198814033E+00
   366   10998.738586   4.406332E-03   7.344003E+12    9.79787E+30   1.099551229E+00  -1.760803E-01   1.198868835E+00
   367   11006.452501   4.037343E-03   6.728916E+12    8.86078E+30   1.099592719E+00  -1.759325E-01   1.198918546E+00
   368   11014.079336   3.688016E-03   6.146693E+12    8.01442E+30   1.099630307E+00  -1.757865E-01   1.198963574E+00
   369   11021.643820   3.367477E-03   5.612462E+12    7.24916E+30   1.099664396E+00  -1.756420E-01   1.199004406E+00
   370   11029.149797   3.069654E-03   5.116270E+12    6.55712E+30   1.099695316E+00  -1.754989E-01   1.199041436E+00
   371   11036.609997   2.793475E-03   4.656294E+12    5.93199E+30   1.099723330E+00  -1.753568E-01   1.199074979E+00
   372   11044.037835   2.511349E-03   4.186168E+12    5.36756E+30   1.099748698E+00  -1.752156E-01   1.199105348E+00
   373   11051.525787   2.219089E-03   3.698892E+12    4.86333E+30   1.099771427E+00  -1.750735E-01   1.199132555E+00
   374   11059.216364   1.823986E-03   3.039642E+12    4.41026E+30   1.099791910E+00  -1.749278E-01   1.199157070E+00
   375   11067.716043   1.622574E-03   2.703954E+12    3.99459E+30   1.099810761E+00  -1.747670E-01   1.199179633E+00
   376   11076.386176   1.440832E-03   2.400985E+12    3.61820E+30   1.099827887E+00  -1.746033E-01   1.199200130E+00
   377   11085.246771   1.274172E-03   2.123021E+12    3.27821E+30   1.099843411E+00  -1.744363E-01   1.199218707E+00
   378   11094.343016   1.123030E-03   1.871195E+12    2.97042E+30   1.099857514E+00  -1.742653E-01   1.199235582E+00
   379   11103.712544   9.870881E-04   1.644845E+12    2.69209E+30   1.099870314E+00  -1.740894E-01   1.199250894E+00
   380   11113.391830   8.640107E-04   1.439975E+12    2.44040E+30   1.099881932E+00  -1.739081E-01   1.199264788E+00
   381   11123.434980   7.545930E-04   1.257655E+12    2.21247E+30   1.099892493E+00  -1.737203E-01   1.199277414E+00
   382   11133.882071   6.571882E-04   1.095314E+12    2.00608E+30   1.099902094E+00  -1.735255E-01   1.199288891E+00
   383   11144.782354   5.712069E-04   9.520527E+11    1.81918E+30   1.099910824E+00  -1.733227E-01   1.199299325E+00
   384   11156.180398   4.559208E-04   7.598628E+11    1.65553E+30   1.099918501E+00  -1.731111E-01   1.199308497E+00
   385   11169.204861   4.182760E-04   6.971045E+11    1.49713E+30   1.099925966E+00  -1.728699E-01   1.199317415E+00
   386   11182.080157   3.837387E-04   6.395282E+11    1.35389E+30   1.099932752E+00  -1.726322E-01   1.199325520E+00
   387   11194.807525   3.520524E-04   5.867062E+11    1.22434E+30   1.099938920E+00  -1.723979E-01   1.199332886E+00
   388   11207.388204   3.229818E-04   5.382459E+11    1.10719E+30   1.099944526E+00  -1.721669E-01   1.199339579E+00
   389   11219.823438   2.963112E-04   4.937873E+11    1.00125E+30   1.099949621E+00  -1.719392E-01   1.199345660E+00
   390   11232.114468   2.722281E-04   4.536689E+11    9.05391E+29   1.099954254E+00  -1.717147E-01   1.199351189E+00
   391   11244.244010   2.502485E-04   4.170641E+11    8.18664E+29   1.099958466E+00  -1.714937E-01   1.199356213E+00
   392   11256.205756   2.300432E-04   3.834120E+11    7.40242E+29   1.099962292E+00  -1.712764E-01   1.199360777E+00
   393   11268.001553   2.114688E-04   3.524746E+11    6.69331E+29   1.099965768E+00  -1.710626E-01   1.199364922E+00
   394   11279.633240   1.943938E-04   3.240329E+11    6.05211E+29   1.099968926E+00  -1.708523E-01   1.199368686E+00
   395   11291.102652   1.786972E-04   2.978856E+11    5.47233E+29   1.099971794E+00  -1.706455E-01   1.199372104E+00
   396   11302.411615   1.643138E-04   2.739209E+11    4.94806E+29   1.099974400E+00  -1.704420E-01   1.199375208E+00
   397   11313.558927   1.513152E-04   2.522437E+11    4.47362E+29   1.099976768E+00  -1.702420E-01   1.199378029E+00
   398   11324.529897   1.393447E-04   2.322816E+11    4.04467E+29   1.099978918E+00  -1.700455E-01   1.199380590E+00
   399   11335.326869   1.283209E-04   2.138988E+11    3.65683E+29   1.099980871E+00  -1.698526E-01   1.199382916E+00
   400   11345.952169   1.181690E-04   1.969705E+11    3.30618E+29   1.099982644E+00  -1.696633E-01   1.199385026E+00
   401   11356.408108   1.088200E-04   1.813816E+11    2.98915E+29   1.099984253E+00  -1.694773E-01   1.199386942E+00
   402   11366.696980   1.002106E-04   1.670262E+11    2.70251E+29   1.099985714E+00  -1.692947E-01   1.199388681E+00
   403   11376.821062   9.228211E-05   1.538067E+11    2.44335E+29   1.099987040E+00  -1.691155E-01   1.199390260E+00
   404   11386.782613   8.502401E-05   1.417072E+11    2.20902E+29   1.099988244E+00  -1.689395E-01   1.199391692E+00
   405   11396.578679   7.841537E-05   1.306941E+11    1.99702E+29   1.099989338E+00  -1.687667E-01   1.199392993E+00
   406   11406.201021   7.232028E-05   1.205367E+11    1.80535E+29   1.099990330E+00  -1.685974E-01   1.199394173E+00
   407   11415.652342   6.669884E-05   1.111686E+11    1.63208E+29   1.099991230E+00  -1.684314E-01   1.199395244E+00
   408   11424.935319   6.151425E-05   1.025284E+11    1.47544E+29   1.099992047E+00  -1.682687E-01   1.199396215E+00
   409   11434.052600   5.673258E-05   9.455952E+10    1.33382E+29   1.099992789E+00  -1.681093E-01   1.199397096E+00
   410   11443.006804   5.232252E-05   8.720992E+10    1.20580E+29   1.099993461E+00  -1.679529E-01   1.199397896E+00
   411   11451.800524   4.825520E-05   8.043144E+10    1.09006E+29   1.099994071E+00  -1.677997E-01   1.199398621E+00
   412   11460.436319   4.450399E-05   7.417971E+10    9.85433E+28   1.099994624E+00  -1.676495E-01   1.199399278E+00
   413   11468.916725   4.104432E-05   6.841381E+10    8.90844E+28   1.099995126E+00  -1.675022E-01   1.199399874E+00
   414   11477.244244   3.788880E-05   6.315359E+10    8.05310E+28   1.099995581E+00  -1.673578E-01   1.199400415E+00
   415   11485.413670   3.499421E-05   5.832776E+10    7.27953E+28   1.099995995E+00  -1.672165E-01   1.199400906E+00
   416   11493.423227   3.232071E-05   5.387061E+10    6.58026E+28   1.099996369E+00  -1.670781E-01   1.199401351E+00
   417   11501.275763   2.985142E-05   4.975398E+10    5.94815E+28   1.099996709E+00  -1.669427E-01   1.199401754E+00
   418   11508.974083   2.757074E-05   4.595187E+10    5.37675E+28   1.099997017E+00  -1.668101E-01   1.199402120E+00
   419   11516.520958   2.546428E-05   4.244025E+10    4.86023E+28   1.099997296E+00  -1.666804E-01   1.199402451E+00
   420   11523.919116   2.351872E-05   3.919694E+10    4.39332E+28   1.099997549E+00  -1.665534E-01   1.199402752E+00
   421   11531.171247   2.172178E-05   3.620143E+10    3.97127E+28   1.099997778E+00  -1.664291E-01   1.199403024E+00
   422   11538.280004   2.006211E-05   3.343481E+10    3.58975E+28   1.099997986E+00  -1.663075E-01   1.199403271E+00
   423   11545.247999   1.852923E-05   3.087958E+10    3.24488E+28   1.099998175E+00  -1.661884E-01   1.199403494E+00
   424   11552.077806   1.711345E-05   2.851959E+10    2.93313E+28   1.099998346E+00  -1.660719E-01   1.199403697E+00
   425   11558.771962   1.580582E-05   2.633994E+10    2.65134E+28   1.099998501E+00  -1.659578E-01   1.199403881E+00
   426   11565.332963   1.459809E-05   2.432684E+10    2.39661E+28   1.099998641E+00  -1.658462E-01   1.199404047E+00
   427   11571.763269   1.349892E-05   2.249512E+10    2.16622E+28   1.099998768E+00  -1.657369E-01   1.199404198E+00
   428   11578.057219   1.248416E-05   2.080411E+10    1.95796E+28   1.099998884E+00  -1.656301E-01   1.199404335E+00
   429   11584.216612   1.154567E-05   1.924019E+10    1.76971E+28   1.099998988E+00  -1.655257E-01   1.199404459E+00
   430   11590.244147   1.067772E-05   1.779381E+10    1.59956E+28   1.099999083E+00  -1.654237E-01   1.199404571E+00
   431   11596.142475   9.875004E-06   1.645615E+10    1.44577E+28   1.099999168E+00  -1.653239E-01   1.199404673E+00
   432   11601.914203   9.132625E-06   1.521903E+10    1.30676E+28   1.099999246E+00  -1.652265E-01   1.199404765E+00
   433   11607.561892   8.446047E-06   1.407490E+10    1.18112E+28   1.099999316E+00  -1.651312E-01   1.199404848E+00
   434   11613.088058   7.811077E-06   1.301677E+10    1.06755E+28   1.099999380E+00  -1.650381E-01   1.199404924E+00
   435   11618.495173   7.223837E-06   1.203818E+10    9.64903E+27   1.099999438E+00  -1.649471E-01   1.199404992E+00
   436   11623.785664   6.680738E-06   1.113314E+10    8.72125E+27   1.099999490E+00  -1.648582E-01   1.199405054E+00
   437   11628.961914   6.178465E-06   1.029614E+10    7.88267E+27   1.099999537E+00  -1.647713E-01   1.199405110E+00
   438   11634.026266   5.713948E-06   9.522051E+09    7.12471E+27   1.099999580E+00  -1.646863E-01   1.199405161E+00
   439   11638.981017   5.284350E-06   8.806153E+09    6.43962E+27   1.099999619E+00  -1.646033E-01   1.199405207E+00
   440   11643.828425   4.887047E-06   8.144072E+09    5.82040E+27   1.099999654E+00  -1.645222E-01   1.199405249E+00
   441   11648.570705   4.519611E-06   7.531762E+09    5.26072E+27   1.099999686E+00  -1.644428E-01   1.199405287E+00
   442   11653.210031   4.179797E-06   6.965482E+09    4.75485E+27   1.099999715E+00  -1.643653E-01   1.199405321E+00
   443   11657.748537   3.865529E-06   6.441773E+09    4.29763E+27   1.099999741E+00  -1.642896E-01   1.199405352E+00
   444   11662.188318   3.574888E-06   5.957435E+09    3.88436E+27   1.099999765E+00  -1.642155E-01   1.199405380E+00
   445   11666.531428   3.307502E-06   5.511859E+09    3.51080E+27   1.099999786E+00  -1.641432E-01   1.199405405E+00
   446   11670.778042   3.063760E-06   5.105700E+09    3.17292E+27   1.099999806E+00  -1.640725E-01   1.199405428E+00
   447   11674.924939   2.837978E-06   4.729466E+09    2.86755E+27   1.099999823E+00  -1.640035E-01   1.199405449E+00
   448   11678.974374   2.628833E-06   4.380953E+09    2.59157E+27   1.099999839E+00  -1.639362E-01   1.199405467E+00
   449   11682.928553   2.435099E-06   4.058119E+09    2.34215E+27   1.099999853E+00  -1.638706E-01   1.199405484E+00
   450   11686.789639   2.255640E-06   3.759071E+09    2.11673E+27   1.099999866E+00  -1.638065E-01   1.199405500E+00
   451   11690.559747   2.089406E-06   3.482058E+09    1.91300E+27   1.099999878E+00  -1.637440E-01   1.199405514E+00
   452   11694.240951   1.935421E-06   3.225457E+09    1.72888E+27   1.099999889E+00  -1.636830E-01   1.199405526E+00
   453   11697.835277   1.792783E-06   2.987763E+09    1.56248E+27   1.099999898E+00  -1.636235E-01   1.199405538E+00
   454   11701.344711   1.660656E-06   2.767583E+09    1.41210E+27   1.099999907E+00  -1.635655E-01   1.199405548E+00
   455   11704.771196   1.538266E-06   2.563628E+09    1.27618E+27   1.099999915E+00  -1.635088E-01   1.199405558E+00
   456   11708.116632   1.424895E-06   2.374701E+09    1.15335E+27   1.099999922E+00  -1.634536E-01   1.199405566E+00
   457   11711.382881   1.319879E-06   2.199696E+09    1.04234E+27   1.099999929E+00  -1.633996E-01   1.199405574E+00
   458   11714.571763   1.222601E-06   2.037586E+09    9.42013E+26   1.099999935E+00  -1.633470E-01   1.199405581E+00
   459   11717.685058   1.132493E-06   1.887423E+09    8.51343E+26   1.099999940E+00  -1.632957E-01   1.199405587E+00
   460   11720.724510   1.049025E-06   1.748325E+09    7.69398E+26   1.099999945E+00  -1.632456E-01   1.199405593E+00
   461   11723.691824   9.717082E-07   1.619477E+09    6.95341E+26   1.099999949E+00  -1.631968E-01   1.199405598E+00
   462   11726.588666   9.000895E-07   1.500124E+09    6.28412E+26   1.099999953E+00  -1.631491E-01   1.199405602E+00
   463   11729.416669   8.337489E-07   1.389566E+09    5.67924E+26   1.099999956E+00  -1.631026E-01   1.199405607E+00
   464   11732.177427   7.722975E-07   1.287156E+09    5.13258E+26   1.099999960E+00  -1.630572E-01   1.199405610E+00
   465   11734.872501   7.153750E-07   1.192293E+09    4.63854E+26   1.099999963E+00  -1.630129E-01   1.199405614E+00
   466   11737.503418   6.626476E-07   1.104420E+09    4.19205E+26   1.099999965E+00  -1.629697E-01   1.199405617E+00
   467   11740.071669   6.138062E-07   1.023023E+09    3.78853E+26   1.099999968E+00  -1.629276E-01   1.199405620E+00
   468   11742.578713   5.685645E-07   9.476250E+08    3.42386E+26   1.099999970E+00  -1.628865E-01   1.199405622E+00
   469   11745.025979   5.266572E-07   8.777833E+08    3.09428E+26   1.099999972E+00  -1.628464E-01   1.199405625E+00
   470   11747.414860   4.878385E-07   8.130887E+08    2.79643E+26   1.099999973E+00  -1.628072E-01   1.199405627E+00
   471   11749.746721   4.518808E-07   7.531619E+08    2.52724E+26   1.099999975E+00  -1.627690E-01   1.199405628E+00
   472   11752.022895   4.185733E-07   6.976515E+08    2.28397E+26   1.099999976E+00  -1.627318E-01   1.199405630E+00
   473   11754.244686   3.877207E-07   6.462321E+08    2.06411E+26   1.099999978E+00  -1.626954E-01   1.199405632E+00
   474   11756.413368   3.591420E-07   5.986023E+08    1.86542E+26   1.099999979E+00  -1.626599E-01   1.199405633E+00
   475   11758.530188   3.326697E-07   5.544827E+08    1.68585E+26   1.099999980E+00  -1.626253E-01   1.199405634E+00
   476   11760.596362   3.081486E-07   5.136147E+08    1.52357E+26   1.099999981E+00  -1.625916E-01   1.199405635E+00
   477   11762.613081   2.854348E-07   4.757587E+08    1.37690E+26   1.099999982E+00  -1.625586E-01   1.199405637E+00
   478   11764.581508   2.643951E-07   4.406927E+08    1.24436E+26   1.099999983E+00  -1.625265E-01   1.199405637E+00
   479   11766.502780   2.449063E-07   4.082111E+08    1.12457E+26   1.099999983E+00  -1.624951E-01   1.199405638E+00
   480   11768.378008   2.268538E-07   3.781234E+08    1.01632E+26   1.099999984E+00  -1.624645E-01   1.199405639E+00
   481   11770.208277   2.101810E-07   3.502941E+08    9.18479E+25   1.099999985E+00  -1.624347E-01   1.199405640E+00
   482   11771.994437   1.955237E-07   3.251599E+08    8.29969E+25   1.099999985E+00  -1.624056E-01   1.199405640E+00
   483   11773.733875   1.818513E-07   3.018271E+08    7.49988E+25   1.099999986E+00  -1.623772E-01   1.199405641E+00
   484   11775.427809   1.687937E-07   2.801518E+08    6.77716E+25   1.099999986E+00  -1.623496E-01   1.199405641E+00
   485   11777.077517   1.566737E-07   2.600329E+08    6.12409E+25   1.099999986E+00  -1.623228E-01   1.199405642E+00
   486   11778.684139   1.454239E-07   2.413588E+08    5.53394E+25   1.099999987E+00  -1.622966E-01   1.199405642E+00
   487   11780.248785   1.349818E-07   2.240256E+08    5.00066E+25   1.099999987E+00  -1.622711E-01   1.199405643E+00
   488   11781.772540   1.252894E-07   2.079372E+08    4.51877E+25   1.099999987E+00  -1.622463E-01   1.199405643E+00
   489   11783.256458   1.162930E-07   1.930041E+08    4.08332E+25   1.099999988E+00  -1.622222E-01   1.199405643E+00
   490   11784.701570   1.079723E-07   1.791991E+08    3.68978E+25   1.099999988E+00  -1.621987E-01   1.199405644E+00
   491   11786.108424   1.002584E-07   1.664032E+08    3.33413E+25   1.099999988E+00  -1.621758E-01   1.199405644E+00
   492   11787.477829   9.309558E-08   1.545209E+08    3.01276E+25   1.099999988E+00  -1.621536E-01   1.199405644E+00
   493   11788.810770   8.644447E-08   1.434871E+08    2.72236E+25   1.099999988E+00  -1.621319E-01   1.199405644E+00
   494   11790.108208   8.026851E-08   1.332411E+08    2.45996E+25   1.099999989E+00  -1.621109E-01   1.199405645E+00
   495   11791.371080   7.453377E-08   1.237267E+08    2.22284E+25   1.099999989E+00  -1.620903E-01   1.199405645E+00
   496   11792.600298   6.922004E-08   1.149100E+08    2.00858E+25   1.099999989E+00  -1.620704E-01   1.199405645E+00
   497   11793.796554   6.431276E-08   1.067666E+08    1.81492E+25   1.099999989E+00  -1.620510E-01   1.199405645E+00
   498   11794.960203   5.975337E-08   9.920024E+07    1.63993E+25   1.099999989E+00  -1.620321E-01   1.199405645E+00
   499   11796.092126   5.551720E-08   9.217007E+07    1.48181E+25   1.099999989E+00  -1.620137E-01   1.199405645E+00
   500   11797.193179   5.158133E-08   8.563810E+07    1.33893E+25   1.099999989E+00  -1.619959E-01   1.199405645E+00
   501   11798.264198   4.792449E-08   7.956902E+07    1.20984E+25   1.099999989E+00  -1.619785E-01   1.199405645E+00
   502   11799.305995   4.452688E-08   7.393004E+07    1.09318E+25   1.099999989E+00  -1.619616E-01   1.199405646E+00
   503   11800.319362   4.139429E-08   6.872714E+07    9.87757E+24   1.099999989E+00  -1.619452E-01   1.199405646E+00
   504   11801.304523   3.848791E-08   6.389919E+07    8.92486E+24   1.099999990E+00  -1.619292E-01   1.199405646E+00
   505   11802.262113   3.578559E-08   5.941037E+07    8.06404E+24   1.099999990E+00  -1.619137E-01   1.199405646E+00
   506   11803.192900   3.327300E-08   5.523688E+07    7.28624E+24   1.099999990E+00  -1.618986E-01   1.199405646E+00
   507   11804.097626   3.093681E-08   5.135656E+07    6.58347E+24   1.099999990E+00  -1.618840E-01   1.199405646E+00
   508   11804.977019   2.876465E-08   4.774882E+07    5.94847E+24   1.099999990E+00  -1.618697E-01   1.199405646E+00
   509   11805.831782   2.674993E-08   4.440314E+07    5.37471E+24   1.099999990E+00  -1.618559E-01   1.199405646E+00
   510   11806.662436   2.488981E-08   4.131558E+07    4.85610E+24   1.099999990E+00  -1.618425E-01   1.199405646E+00
   511   11807.469165   2.315903E-08   3.844270E+07    4.38753E+24   1.099999990E+00  -1.618294E-01   1.199405646E+00
   512   11808.252654   2.154860E-08   3.576958E+07    3.96418E+24   1.099999990E+00  -1.618167E-01   1.199405646E+00
   513   11809.013568   2.005016E-08   3.328234E+07    3.58167E+24   1.099999990E+00  -1.618044E-01   1.199405646E+00
   514   11809.752554   1.865591E-08   3.096803E+07    3.23607E+24   1.099999990E+00  -1.617925E-01   1.199405646E+00
   515   11810.470241   1.735861E-08   2.881465E+07    2.92382E+24   1.099999990E+00  -1.617808E-01   1.199405646E+00
   516   11811.167240   1.616172E-08   2.682794E+07    2.64164E+24   1.099999990E+00  -1.617696E-01   1.199405646E+00
   517   11811.843703   1.505257E-08   2.498686E+07    2.38662E+24   1.099999990E+00  -1.617586E-01   1.199405646E+00
   518   11812.499985   1.401953E-08   2.327212E+07    2.15622E+24   1.099999990E+00  -1.617480E-01   1.199405646E+00
   519   11813.136683   1.305738E-08   2.167505E+07    1.94806E+24   1.099999990E+00  -1.617377E-01   1.199405646E+00
   520   11813.754382   1.216127E-08   2.018758E+07    1.75999E+24   1.099999990E+00  -1.617277E-01   1.199405646E+00
   521   11814.353644   1.132665E-08   1.880218E+07    1.59009E+24   1.099999990E+00  -1.617181E-01   1.199405646E+00
   522   11814.935018   1.054931E-08   1.751186E+07    1.43658E+24   1.099999990E+00  -1.617087E-01   1.199405646E+00
   523   11815.499037   9.834831E-09   1.632689E+07    1.29782E+24   1.099999990E+00  -1.616995E-01   1.199405646E+00
   524   11816.045623   9.169347E-09   1.522317E+07    1.17246E+24   1.099999990E+00  -1.616907E-01   1.199405646E+00
   525   11816.575274   8.548892E-09   1.419407E+07    1.05921E+24   1.099999990E+00  -1.616822E-01   1.199405646E+00
   526   11817.088512   7.970420E-09   1.323453E+07    9.56900E+23   1.099999990E+00  -1.616739E-01   1.199405646E+00
   527   11817.585845   7.431091E-09   1.233986E+07    8.64470E+23   1.099999990E+00  -1.616658E-01   1.199405646E+00
   528   11818.067762   6.928255E-09   1.150567E+07    7.80968E+23   1.099999990E+00  -1.616581E-01   1.199405646E+00
   529   11818.534742   6.460470E-09   1.072942E+07    7.05529E+23   1.099999990E+00  -1.616505E-01   1.199405646E+00
   530   11818.987178   6.030238E-09   1.001457E+07    6.37344E+23   1.099999990E+00  -1.616432E-01   1.199405646E+00
   531   11819.425104   5.628656E-09   9.347349E+06    5.75748E+23   1.099999990E+00  -1.616361E-01   1.199405646E+00
   532   11819.848984   5.253817E-09   8.724577E+06    5.20106E+23   1.099999990E+00  -1.616293E-01   1.199405646E+00
   533   11820.259267   4.903940E-09   8.143297E+06    4.69840E+23   1.099999990E+00  -1.616227E-01   1.199405646E+00
   534   11820.656389   4.577362E-09   7.600744E+06    4.24433E+23   1.099999990E+00  -1.616163E-01   1.199405646E+00
   535   11821.040770   4.272533E-09   7.094339E+06    3.83414E+23   1.099999990E+00  -1.616101E-01   1.199405646E+00
   536   11821.412818   3.989099E-09   6.623494E+06    3.46357E+23   1.099999990E+00  -1.616041E-01   1.199405646E+00
   537   11821.772827   3.727987E-09   6.189748E+06    3.12863E+23   1.099999990E+00  -1.615982E-01   1.199405646E+00
   538   11822.120836   3.483966E-09   5.784406E+06    2.82608E+23   1.099999990E+00  -1.615926E-01   1.199405646E+00
   539   11822.457244   3.255918E-09   5.405607E+06    2.55279E+23   1.099999990E+00  -1.615872E-01   1.199405646E+00
   540   11822.782437   3.042796E-09   5.051614E+06    2.30592E+23   1.099999990E+00  -1.615820E-01   1.199405646E+00
   541   11823.096788   2.843625E-09   4.720802E+06    2.08293E+23   1.099999990E+00  -1.615769E-01   1.199405646E+00
   542   11823.400657   2.657490E-09   4.411654E+06    1.88150E+23   1.099999990E+00  -1.615720E-01   1.199405646E+00
   543   11823.694395   2.484129E-09   4.123753E+06    1.69955E+23   1.099999990E+00  -1.615672E-01   1.199405646E+00
   544   11823.978266   2.324419E-09   3.858632E+06    1.53509E+23   1.099999990E+00  -1.615627E-01   1.199405646E+00
   545   11824.252302   2.174977E-09   3.610556E+06    1.38654E+23   1.099999990E+00  -1.615582E-01   1.199405646E+00
   546   11824.516842   2.035143E-09   3.378429E+06    1.25237E+23   1.099999990E+00  -1.615540E-01   1.199405646E+00
   547   11824.772215   1.904300E-09   3.161226E+06    1.13119E+23   1.099999990E+00  -1.615499E-01   1.199405646E+00
   548   11825.018738   1.781868E-09   2.957986E+06    1.02173E+23   1.099999990E+00  -1.615459E-01   1.199405646E+00
   549   11825.256717   1.667308E-09   2.767813E+06    9.22856E+22   1.099999990E+00  -1.615420E-01   1.199405646E+00
   550   11825.486448   1.560146E-09   2.589922E+06    8.33555E+22   1.099999990E+00  -1.615383E-01   1.199405646E+00
   551   11825.708211   1.461519E-09   2.426179E+06    7.52849E+22   1.099999990E+00  -1.615348E-01   1.199405646E+00
   552   11825.922031   1.369127E-09   2.272788E+06    6.79957E+22   1.099999990E+00  -1.615313E-01   1.199405646E+00
   553   11826.128191   1.282576E-09   2.129096E+06    6.14122E+22   1.099999990E+00  -1.615280E-01   1.199405646E+00
   554   11826.326966   1.201496E-09   1.994487E+06    5.54662E+22   1.099999990E+00  -1.615248E-01   1.199405646E+00
   555   11826.518619   1.125541E-09   1.868389E+06    5.00959E+22   1.099999990E+00  -1.615217E-01   1.199405646E+00
   556   11826.703405   1.054388E-09   1.750264E+06    4.52455E+22   1.099999990E+00  -1.615187E-01   1.199405646E+00
   557   11826.881571   9.877335E-10   1.639606E+06    4.08647E+22   1.099999990E+00  -1.615158E-01   1.199405646E+00
   558   11827.053353   9.260551E-10   1.537249E+06    3.69069E+22   1.099999990E+00  -1.615131E-01   1.199405646E+00
