         5       363       111       267

EOS                                                                            

  i            rad           emas         rho         pres          nb           kf(e)      kf(mu)       kf(p)       kf(n)      kf(la)      kf(S-)      kf(S0)      kf(S+)         Tc(n)       Tc(p)      Tc(la)    Durca  nSF   Acel   Aion   Zion

    0   0.000000E+00   0.000000E+00   7.776E+14   6.946E+34   4.387E-01      9.206E-01   7.476E-01   1.062E+00   2.276E+00   0.000E+00   0.000E+00   0.000E+00   0.000E+00      1.000E+00   1.000E+00   1.000E+00   00000  no    N/A    N/A    N/A 
    1   2.108683E+03   1.525350E-02   7.579E+14   6.416E+34   4.285E-01      9.093E-01   7.336E-01   1.047E+00   2.260E+00   0.000E+00   0.000E+00   0.000E+00   0.000E+00      1.000E+00   1.000E+00   1.000E+00   00000  no    N/A    N/A    N/A 
    2   2.656774E+03   3.040944E-02   7.462E+14   6.112E+34   4.225E-01      9.024E-01   7.251E-01   1.037E+00   2.250E+00   0.000E+00   0.000E+00   0.000E+00   0.000E+00      1.000E+00   1.000E+00   1.000E+00   00000  no    N/A    N/A    N/A 
    3   3.041247E+03   4.518276E-02   7.363E+14   5.864E+34   4.173E-01      8.966E-01   7.178E-01   1.029E+00   2.242E+00   0.000E+00   0.000E+00   0.000E+00   0.000E+00      1.000E+00   1.000E+00   1.000E+00   00000  no    N/A    N/A    N/A 
    4   3.347326E+03   5.906988E-02   7.276E+14   5.651E+34   4.128E-01      8.914E-01   7.114E-01   1.022E+00   2.234E+00   0.000E+00   0.000E+00   0.000E+00   0.000E+00      1.000E+00   1.000E+00   1.000E+00   00000  no    N/A    N/A    N/A 
    5   3.605797E+03   7.428343E-02   7.192E+14   5.451E+34   4.084E-01      8.863E-01   7.050E-01   1.015E+00   2.227E+00   0.000E+00   0.000E+00   0.000E+00   0.000E+00      1.000E+00   1.000E+00   1.000E+00   00000  no    N/A    N/A    N/A 
    6   3.831731E+03   8.759548E-02   7.117E+14   5.275E+34   4.045E-01      8.818E-01   6.993E-01   1.009E+00   2.220E+00   0.000E+00   0.000E+00   0.000E+00   0.000E+00      1.000E+00   1.000E+00   1.000E+00   00000  no    N/A    N/A    N/A 
    7   4.033766E+03   1.025598E-01   7.041E+14   5.103E+34   4.004E-01      8.771E-01   6.934E-01   1.003E+00   2.214E+00   0.000E+00   0.000E+00   0.000E+00   0.000E+00      1.000E+00   1.000E+00   1.000E+00   00000  no    N/A    N/A    N/A 
    8   4.217366E+03   1.163942E-01   6.971E+14   4.946E+34   3.967E-01      8.728E-01   6.879E-01   9.968E-01   2.207E+00   0.000E+00   0.000E+00   0.000E+00   0.000E+00      1.000E+00   1.000E+00   1.000E+00   00000  no    N/A    N/A    N/A 
    9   4.386238E+03   1.291188E-01   6.906E+14   4.802E+34   3.933E-01      8.688E-01   6.828E-01   9.913E-01   2.202E+00   0.000E+00   0.000E+00   0.000E+00   0.000E+00      1.000E+00   1.000E+00   1.000E+00   00000  no    N/A    N/A    N/A 
   10   4.543020E+03   1.436879E-01   6.837E+14   4.657E+34   3.896E-01      8.645E-01   6.773E-01   9.854E-01   2.195E+00   0.000E+00   0.000E+00   0.000E+00   0.000E+00      1.000E+00   1.000E+00   1.000E+00   00000  no    N/A    N/A    N/A 
   11   4.689669E+03   1.575444E-01   6.772E+14   4.522E+34   3.862E-01      8.604E-01   6.721E-01   9.798E-01   2.189E+00   0.000E+00   0.000E+00   0.000E+00   0.000E+00      1.000E+00   1.000E+00   1.000E+00   00000  no    N/A    N/A    N/A 
   12   4.827679E+03   1.705845E-01   6.710E+14   4.394E+34   3.829E-01      8.565E-01   6.671E-01   9.744E-01   2.184E+00   0.000E+00   0.000E+00   0.000E+00   0.000E+00      1.000E+00   1.000E+00   1.000E+00   00000  no    N/A    N/A    N/A 
   13   4.958220E+03   1.829189E-01   6.652E+14   4.273E+34   3.798E-01      8.528E-01   6.623E-01   9.693E-01   2.178E+00   0.000E+00   0.000E+00   0.000E+00   0.000E+00      1.000E+00   1.000E+00   1.000E+00   00000  no    N/A    N/A    N/A 
   14   5.082227E+03   1.964160E-01   6.591E+14   4.153E+34   3.765E-01      8.489E-01   6.573E-01   9.639E-01   2.172E+00   0.000E+00   0.000E+00   0.000E+00   0.000E+00      1.000E+00   1.000E+00   1.000E+00   00000  no    N/A    N/A    N/A 
   15   5.200460E+03   2.100823E-01   6.529E+14   4.038E+34   3.733E-01      8.449E-01   6.521E-01   9.585E-01   2.167E+00   0.000E+00   0.000E+00   0.000E+00   0.000E+00      1.000E+00   1.000E+00   1.000E+00   00000  no    N/A    N/A    N/A 
   16   5.313548E+03   2.231541E-01   6.471E+14   3.927E+34   3.701E-01      8.411E-01   6.472E-01   9.532E-01   2.161E+00   0.000E+00   0.000E+00   0.000E+00   0.000E+00      1.000E+00   1.000E+00   1.000E+00   00000  no    N/A    N/A    N/A 
   17   5.422018E+03   2.356919E-01   6.414E+14   3.821E+34   3.671E-01      8.374E-01   6.424E-01   9.482E-01   2.156E+00   0.000E+00   0.000E+00   0.000E+00   0.000E+00      1.000E+00   1.000E+00   1.000E+00   00000  no    N/A    N/A    N/A 
   18   5.526313E+03   2.477472E-01   6.360E+14   3.718E+34   3.642E-01      8.339E-01   6.378E-01   9.433E-01   2.150E+00   0.000E+00   0.000E+00   0.000E+00   0.000E+00      1.000E+00   1.000E+00   1.000E+00   00000  no    N/A    N/A    N/A 
   19   5.626813E+03   2.593638E-01   6.308E+14   3.620E+34   3.613E-01      8.304E-01   6.333E-01   9.385E-01   2.145E+00   0.000E+00   0.000E+00   0.000E+00   0.000E+00      1.000E+00   1.000E+00   1.000E+00   00000  no    N/A    N/A    N/A 
   20   5.723846E+03   2.725295E-01   6.249E+14   3.522E+34   3.582E-01      8.266E-01   6.282E-01   9.332E-01   2.139E+00   0.000E+00   0.000E+00   0.000E+00   0.000E+00      1.000E+00   1.000E+00   1.000E+00   00000  no    N/A    N/A    N/A 
   21   5.817697E+03   2.854028E-01   6.192E+14   3.428E+34   3.551E-01      8.228E-01   6.232E-01   9.280E-01   2.134E+00   0.000E+00   0.000E+00   0.000E+00   0.000E+00      1.000E+00   1.000E+00   1.000E+00   00000  no    N/A    N/A    N/A 
   22   5.908613E+03   2.978737E-01   6.137E+14   3.336E+34   3.521E-01      8.191E-01   6.184E-01   9.229E-01   2.128E+00   0.000E+00   0.000E+00   0.000E+00   0.000E+00      1.000E+00   1.000E+00   1.000E+00   00000  no    N/A    N/A    N/A 
   23   5.996814E+03   3.099721E-01   6.084E+14   3.247E+34   3.492E-01      8.155E-01   6.136E-01   9.179E-01   2.123E+00   0.000E+00   0.000E+00   0.000E+00   0.000E+00      1.000E+00   1.000E+00   1.000E+00   00000  no    N/A    N/A    N/A 
   24   6.082495E+03   3.217247E-01   6.032E+14   3.160E+34   3.464E-01      8.120E-01   6.089E-01   9.131E-01   2.118E+00   0.000E+00   0.000E+00   0.000E+00   0.000E+00      1.000E+00   1.000E+00   1.000E+00   00000  no    N/A    N/A    N/A 
   25   6.165827E+03   3.331553E-01   5.981E+14   3.076E+34   3.436E-01      8.086E-01   6.044E-01   9.083E-01   2.112E+00   0.000E+00   0.000E+00   0.000E+00   0.000E+00      1.000E+00   1.000E+00   1.000E+00   00000  no    N/A    N/A    N/A 
   26   6.246966E+03   3.442850E-01   5.932E+14   2.995E+34   3.409E-01      8.052E-01   5.998E-01   9.037E-01   2.107E+00   0.000E+00   0.000E+00   0.000E+00   0.000E+00      1.000E+00   1.000E+00   1.000E+00   00000  no    N/A    N/A    N/A 
   27   6.326050E+03   3.558311E-01   5.871E+14   2.915E+34   3.376E-01      8.011E-01   5.943E-01   8.979E-01   2.101E+00   0.000E+00   0.000E+00   0.000E+00   0.000E+00      1.000E+00   1.000E+00   1.000E+00   00000  no    N/A    N/A    N/A 
   28   6.403204E+03   3.678809E-01   5.798E+14   2.838E+34   3.336E-01      7.961E-01   5.875E-01   8.910E-01   2.093E+00   0.000E+00   0.000E+00   0.000E+00   0.000E+00      1.000E+00   1.000E+00   1.000E+00   00000  no    N/A    N/A    N/A 
   29   6.478542E+03   3.796469E-01   5.726E+14   2.762E+34   3.297E-01      7.911E-01   5.807E-01   8.840E-01   2.086E+00   0.000E+00   0.000E+00   0.000E+00   0.000E+00      1.000E+00   1.000E+00   1.000E+00   00000  no    N/A    N/A    N/A 
   30   6.552169E+03   3.911456E-01   5.656E+14   2.689E+34   3.259E-01      7.863E-01   5.741E-01   8.773E-01   2.078E+00   0.000E+00   0.000E+00   0.000E+00   0.000E+00      1.000E+00   1.000E+00   1.000E+00   00000  no    N/A    N/A    N/A 
   31   6.624177E+03   4.023915E-01   5.587E+14   2.617E+34   3.221E-01      7.815E-01   5.675E-01   8.707E-01   2.071E+00   0.000E+00   0.000E+00   0.000E+00   0.000E+00      1.000E+00   1.000E+00   1.000E+00   00000  no    N/A    N/A    N/A 
   32   6.694652E+03   4.133980E-01   5.520E+14   2.546E+34   3.184E-01      7.777E-01   5.624E-01   8.655E-01   2.063E+00   0.000E+00   0.000E+00   0.000E+00   0.000E+00      1.000E+00   1.000E+00   1.000E+00   00000  no    N/A    N/A    N/A 
   33   6.763674E+03   4.241776E-01   5.454E+14   2.477E+34   3.148E-01      7.753E-01   5.591E-01   8.622E-01   2.055E+00   0.000E+00   0.000E+00   0.000E+00   0.000E+00      1.000E+00   1.000E+00   1.000E+00   00000  no    N/A    N/A    N/A 
   34   6.831315E+03   4.347415E-01   5.390E+14   2.410E+34   3.112E-01      7.729E-01   5.557E-01   8.588E-01   2.047E+00   0.000E+00   0.000E+00   0.000E+00   0.000E+00      1.000E+00   1.000E+00   1.000E+00   00000  no    N/A    N/A    N/A 
   35   6.897642E+03   4.451003E-01   5.327E+14   2.343E+34   3.078E-01      7.706E-01   5.524E-01   8.555E-01   2.040E+00   0.000E+00   0.000E+00   0.000E+00   0.000E+00      1.000E+00   1.000E+00   1.000E+00   00000  no    N/A    N/A    N/A 
   36   6.962718E+03   4.554933E-01   5.268E+14   2.279E+34   3.046E-01      7.684E-01   5.493E-01   8.524E-01   2.033E+00   0.000E+00   0.000E+00   0.000E+00   0.000E+00      1.000E+00   1.000E+00   1.000E+00   00000  no    N/A    N/A    N/A 
   37   7.026600E+03   4.662208E-01   5.219E+14   2.220E+34   3.018E-01      7.664E-01   5.466E-01   8.497E-01   2.027E+00   0.000E+00   0.000E+00   0.000E+00   0.000E+00      1.000E+00   1.000E+00   1.000E+00   00000  no    N/A    N/A    N/A 
   38   7.089341E+03   4.767565E-01   5.170E+14   2.161E+34   2.991E-01      7.645E-01   5.440E-01   8.471E-01   2.020E+00   0.000E+00   0.000E+00   0.000E+00   0.000E+00      1.000E+00   1.000E+00   1.000E+00   00000  no    N/A    N/A    N/A 
   39   7.150990E+03   4.871091E-01   5.122E+14   2.103E+34   2.965E-01      7.627E-01   5.413E-01   8.445E-01   2.015E+00   0.000E+00   0.000E+00   0.000E+00   0.000E+00      1.000E+00   1.000E+00   1.000E+00   00000  no    N/A    N/A    N/A 
   40   7.211595E+03   4.972861E-01   5.075E+14   2.046E+34   2.938E-01      7.608E-01   5.387E-01   8.419E-01   2.009E+00   0.000E+00   0.000E+00   0.000E+00   0.000E+00      1.000E+00   1.000E+00   1.000E+00   00000  no    N/A    N/A    N/A 
   41   7.271198E+03   5.072950E-01   5.028E+14   1.990E+34   2.913E-01      7.589E-01   5.361E-01   8.393E-01   2.003E+00   0.000E+00   0.000E+00   0.000E+00   0.000E+00      1.000E+00   1.000E+00   1.000E+00   00000  no    N/A    N/A    N/A 
   42   7.329839E+03   5.171424E-01   4.983E+14   1.936E+34   2.887E-01      7.571E-01   5.335E-01   8.367E-01   1.997E+00   0.000E+00   0.000E+00   0.000E+00   0.000E+00      1.000E+00   1.000E+00   1.000E+00   00000  no    N/A    N/A    N/A 
   43   7.387556E+03   5.268347E-01   4.938E+14   1.881E+34   2.862E-01      7.553E-01   5.309E-01   8.342E-01   1.991E+00   0.000E+00   0.000E+00   0.000E+00   0.000E+00      1.000E+00   1.000E+00   1.000E+00   00000  no    N/A    N/A    N/A 
   44   7.444386E+03   5.363778E-01   4.893E+14   1.828E+34   2.838E-01      7.535E-01   5.283E-01   8.317E-01   1.985E+00   0.000E+00   0.000E+00   0.000E+00   0.000E+00      1.000E+00   1.000E+00   1.000E+00   00000  no    N/A    N/A    N/A 
   45   7.500361E+03   5.457774E-01   4.850E+14   1.776E+34   2.813E-01      7.517E-01   5.257E-01   8.291E-01   1.980E+00   0.000E+00   0.000E+00   0.000E+00   0.000E+00      1.000E+00   1.000E+00   1.000E+00   00000  no    N/A    N/A    N/A 
   46   7.555512E+03   5.550388E-01   4.807E+14   1.724E+34   2.789E-01      7.499E-01   5.232E-01   8.266E-01   1.974E+00   0.000E+00   0.000E+00   0.000E+00   0.000E+00      1.000E+00   1.000E+00   1.000E+00   00000  no    N/A    N/A    N/A 
   47   7.609871E+03   5.643679E-01   4.762E+14   1.675E+34   2.764E-01      7.480E-01   5.205E-01   8.240E-01   1.968E+00   0.000E+00   0.000E+00   0.000E+00   0.000E+00      1.000E+00   1.000E+00   1.000E+00   00000  no    N/A    N/A    N/A 
   48   7.663463E+03   5.738681E-01   4.713E+14   1.629E+34   2.737E-01      7.459E-01   5.175E-01   8.211E-01   1.962E+00   0.000E+00   0.000E+00   0.000E+00   0.000E+00      1.000E+00   1.000E+00   1.000E+00   00000  no    N/A    N/A    N/A 
   49   7.716316E+03   5.832373E-01   4.664E+14   1.583E+34   2.710E-01      7.438E-01   5.145E-01   8.182E-01   1.955E+00   0.000E+00   0.000E+00   0.000E+00   0.000E+00      1.000E+00   1.000E+00   1.000E+00   00000  no    N/A    N/A    N/A 
   50   7.768455E+03   5.924800E-01   4.617E+14   1.538E+34   2.683E-01      7.418E-01   5.115E-01   8.153E-01   1.949E+00   0.000E+00   0.000E+00   0.000E+00   0.000E+00      1.000E+00   1.000E+00   1.000E+00   00000  no    N/A    N/A    N/A 
   51   7.819903E+03   6.016001E-01   4.570E+14   1.493E+34   2.657E-01      7.398E-01   5.085E-01   8.125E-01   1.943E+00   0.000E+00   0.000E+00   0.000E+00   0.000E+00      1.000E+00   1.000E+00   1.000E+00   00000  no    N/A    N/A    N/A 
   52   7.870683E+03   6.106019E-01   4.524E+14   1.450E+34   2.631E-01      7.377E-01   5.056E-01   8.096E-01   1.936E+00   0.000E+00   0.000E+00   0.000E+00   0.000E+00      1.000E+00   1.000E+00   1.000E+00   00000  no    N/A    N/A    N/A 
   53   7.920816E+03   6.194890E-01   4.478E+14   1.406E+34   2.605E-01      7.357E-01   5.026E-01   8.068E-01   1.930E+00   0.000E+00   0.000E+00   0.000E+00   0.000E+00      1.000E+00   1.000E+00   1.000E+00   00000  no    N/A    N/A    N/A 
   54   7.970323E+03   6.282650E-01   4.433E+14   1.364E+34   2.580E-01      7.336E-01   4.996E-01   8.039E-01   1.924E+00   0.000E+00   0.000E+00   0.000E+00   0.000E+00      1.000E+00   1.000E+00   1.000E+00   00000  no    N/A    N/A    N/A 
   55   8.019222E+03   6.369332E-01   4.388E+14   1.321E+34   2.555E-01      7.316E-01   4.966E-01   8.011E-01   1.917E+00   0.000E+00   0.000E+00   0.000E+00   0.000E+00      1.000E+00   1.000E+00   1.000E+00   00000  no    N/A    N/A    N/A 
   56   8.067532E+03   6.454971E-01   4.344E+14   1.280E+34   2.530E-01      7.296E-01   4.937E-01   7.983E-01   1.911E+00   0.000E+00   0.000E+00   0.000E+00   0.000E+00      1.000E+00   1.000E+00   1.000E+00   00000  no    N/A    N/A    N/A 
   57   8.115269E+03   6.539596E-01   4.300E+14   1.238E+34   2.505E-01      7.276E-01   4.907E-01   7.954E-01   1.905E+00   0.000E+00   0.000E+00   0.000E+00   0.000E+00      1.000E+00   1.000E+00   1.000E+00   00000  no    N/A    N/A    N/A 
   58   8.162452E+03   6.623237E-01   4.257E+14   1.198E+34   2.481E-01      7.256E-01   4.877E-01   7.927E-01   1.899E+00   0.000E+00   0.000E+00   0.000E+00   0.000E+00      1.000E+00   1.000E+00   1.000E+00   00000  no    N/A    N/A    N/A 
   59   8.209096E+03   6.706261E-01   4.210E+14   1.160E+34   2.454E-01      7.234E-01   4.844E-01   7.896E-01   1.892E+00   0.000E+00   0.000E+00   0.000E+00   0.000E+00      1.000E+00   1.000E+00   1.000E+00   00000  no    N/A    N/A    N/A 
   60   8.255215E+03   6.788568E-01   4.161E+14   1.125E+34   2.426E-01      7.210E-01   4.809E-01   7.863E-01   1.885E+00   0.000E+00   0.000E+00   0.000E+00   0.000E+00      1.000E+00   1.000E+00   1.000E+00   00000  no    N/A    N/A    N/A 
   61   8.300825E+03   6.869966E-01   4.112E+14   1.090E+34   2.398E-01      7.187E-01   4.774E-01   7.829E-01   1.878E+00   0.000E+00   0.000E+00   0.000E+00   0.000E+00      1.000E+00   1.000E+00   1.000E+00   00000  no    N/A    N/A    N/A 
   62   8.345940E+03   6.950479E-01   4.063E+14   1.055E+34   2.371E-01      7.163E-01   4.738E-01   7.797E-01   1.871E+00   0.000E+00   0.000E+00   0.000E+00   0.000E+00      1.000E+00   1.000E+00   1.000E+00   00000  no    N/A    N/A    N/A 
   63   8.390571E+03   7.030130E-01   4.016E+14   1.021E+34   2.344E-01      7.140E-01   4.703E-01   7.764E-01   1.864E+00   0.000E+00   0.000E+00   0.000E+00   0.000E+00      1.000E+00   1.000E+00   1.000E+00   00000  no    N/A    N/A    N/A 
   64   8.434732E+03   7.108942E-01   3.968E+14   9.868E+33   2.317E-01      7.116E-01   4.667E-01   7.731E-01   1.856E+00   0.000E+00   0.000E+00   0.000E+00   0.000E+00      1.000E+00   1.000E+00   1.000E+00   00000  no    N/A    N/A    N/A 
   65   8.478436E+03   7.186938E-01   3.922E+14   9.532E+33   2.290E-01      7.093E-01   4.631E-01   7.697E-01   1.849E+00   0.000E+00   0.000E+00   0.000E+00   0.000E+00      1.000E+00   1.000E+00   1.000E+00   00000  no    N/A    N/A    N/A 
   66   8.521695E+03   7.264138E-01   3.875E+14   9.200E+33   2.264E-01      7.069E-01   4.594E-01   7.664E-01   1.842E+00   0.000E+00   0.000E+00   0.000E+00   0.000E+00      1.000E+00   1.000E+00   1.000E+00   00000  no    N/A    N/A    N/A 
   67   8.564518E+03   7.340563E-01   3.829E+14   8.871E+33   2.238E-01      7.045E-01   4.558E-01   7.631E-01   1.835E+00   0.000E+00   0.000E+00   0.000E+00   0.000E+00      1.000E+00   1.000E+00   1.000E+00   00000  no    N/A    N/A    N/A 
   68   8.606918E+03   7.416230E-01   3.784E+14   8.546E+33   2.212E-01      7.022E-01   4.521E-01   7.598E-01   1.828E+00   0.000E+00   0.000E+00   0.000E+00   0.000E+00      1.000E+00   1.000E+00   1.000E+00   00000  no    N/A    N/A    N/A 
   69   8.648903E+03   7.491160E-01   3.739E+14   8.223E+33   2.186E-01      6.998E-01   4.484E-01   7.564E-01   1.821E+00   0.000E+00   0.000E+00   0.000E+00   0.000E+00      1.000E+00   1.000E+00   1.000E+00   00000  no    N/A    N/A    N/A 
   70   8.690485E+03   7.565368E-01   3.694E+14   7.904E+33   2.161E-01      6.974E-01   4.447E-01   7.531E-01   1.814E+00   0.000E+00   0.000E+00   0.000E+00   0.000E+00      1.000E+00   1.000E+00   1.000E+00   00000  no    N/A    N/A    N/A 
   71   8.731672E+03   7.631814E-01   3.622E+14   7.640E+33   2.119E-01      6.934E-01   4.384E-01   7.475E-01   1.803E+00   0.000E+00   0.000E+00   0.000E+00   0.000E+00      1.000E+00   1.000E+00   1.000E+00   00000  no    N/A    N/A    N/A 
   72   8.772475E+03   7.695337E-01   3.541E+14   7.396E+33   2.075E-01      6.882E-01   4.301E-01   7.402E-01   1.790E+00   0.000E+00   0.000E+00   0.000E+00   0.000E+00      1.000E+00   1.000E+00   1.000E+00   00000  no    N/A    N/A    N/A 
   73   8.812902E+03   7.758275E-01   3.462E+14   7.155E+33   2.031E-01      6.824E-01   4.205E-01   7.320E-01   1.778E+00   0.000E+00   0.000E+00   0.000E+00   0.000E+00      1.000E+00   1.000E+00   1.000E+00   00000  no    N/A    N/A    N/A 
   74   8.852961E+03   7.820640E-01   3.382E+14   6.915E+33   1.987E-01      6.765E-01   4.107E-01   7.236E-01   1.766E+00   0.000E+00   0.000E+00   0.000E+00   0.000E+00      1.000E+00   1.000E+00   1.000E+00   00000  no    N/A    N/A    N/A 
   75   8.892661E+03   7.882445E-01   3.304E+14   6.678E+33   1.942E-01      6.704E-01   4.006E-01   7.150E-01   1.753E+00   0.000E+00   0.000E+00   0.000E+00   0.000E+00      1.000E+00   1.000E+00   1.000E+00   00000  no    N/A    N/A    N/A 
   76   8.932010E+03   7.943704E-01   3.226E+14   6.442E+33   1.897E-01      6.642E-01   3.901E-01   7.063E-01   1.740E+00   0.000E+00   0.000E+00   0.000E+00   0.000E+00      1.000E+00   1.000E+00   1.000E+00   00000  no    N/A    N/A    N/A 
   77   8.971015E+03   8.004428E-01   3.149E+14   6.209E+33   1.851E-01      6.577E-01   3.793E-01   6.973E-01   1.726E+00   0.000E+00   0.000E+00   0.000E+00   0.000E+00      1.000E+00   1.000E+00   1.000E+00   00000  no    N/A    N/A    N/A 
   78   9.009683E+03   8.064628E-01   3.073E+14   5.978E+33   1.804E-01      6.512E-01   3.680E-01   6.882E-01   1.712E+00   0.000E+00   0.000E+00   0.000E+00   0.000E+00      1.000E+00   1.000E+00   1.000E+00   00000  no    N/A    N/A    N/A 
   79   9.048023E+03   8.124316E-01   2.997E+14   5.749E+33   1.761E-01      6.436E-01   3.545E-01   6.776E-01   1.699E+00   0.000E+00   0.000E+00   0.000E+00   0.000E+00      1.000E+00   1.000E+00   1.000E+00   00000  no    N/A    N/A    N/A 
   80   9.086040E+03   8.183502E-01   2.922E+14   5.521E+33   1.717E-01      6.358E-01   3.401E-01   6.667E-01   1.686E+00   0.000E+00   0.000E+00   0.000E+00   0.000E+00      1.000E+00   1.000E+00   1.000E+00   00000  no    N/A    N/A    N/A 
   81   9.123742E+03   8.242197E-01   2.847E+14   5.296E+33   1.675E-01      6.280E-01   3.253E-01   6.558E-01   1.672E+00   0.000E+00   0.000E+00   0.000E+00   0.000E+00      1.000E+00   1.000E+00   1.000E+00   00000  no    N/A    N/A    N/A 
   82   9.161135E+03   8.297582E-01   2.794E+14   5.097E+33   1.644E-01      6.223E-01   3.143E-01   6.479E-01   1.663E+00   0.000E+00   0.000E+00   0.000E+00   0.000E+00      1.000E+00   1.000E+00   1.000E+00   00000  no    N/A    N/A    N/A 
   83   9.198224E+03   8.350789E-01   2.755E+14   4.915E+33   1.621E-01      6.180E-01   3.055E-01   6.419E-01   1.655E+00   0.000E+00   0.000E+00   0.000E+00   0.000E+00      1.000E+00   1.000E+00   1.000E+00   00000  no    N/A    N/A    N/A 
   84   9.235018E+03   8.403571E-01   2.715E+14   4.735E+33   1.598E-01      6.136E-01   2.965E-01   6.359E-01   1.648E+00   0.000E+00   0.000E+00   0.000E+00   0.000E+00      1.000E+00   1.000E+00   1.000E+00   00000  no    N/A    N/A    N/A 
   85   9.271521E+03   8.455935E-01   2.676E+14   4.556E+33   1.576E-01      6.093E-01   2.877E-01   6.300E-01   1.641E+00   0.000E+00   0.000E+00   0.000E+00   0.000E+00      1.000E+00   1.000E+00   1.000E+00   00000  no    N/A    N/A    N/A 
   86   9.307738E+03   8.507891E-01   2.638E+14   4.379E+33   1.554E-01      6.050E-01   2.785E-01   6.240E-01   1.633E+00   0.000E+00   0.000E+00   0.000E+00   0.000E+00      1.000E+00   1.000E+00   1.000E+00   00000  no    N/A    N/A    N/A 
   87   9.343676E+03   8.559444E-01   2.599E+14   4.203E+33   1.531E-01      6.006E-01   2.688E-01   6.180E-01   1.626E+00   0.000E+00   0.000E+00   0.000E+00   0.000E+00      1.000E+00   1.000E+00   1.000E+00   00000  no    N/A    N/A    N/A 
   88   9.379339E+03   8.610605E-01   2.561E+14   4.028E+33   1.509E-01      5.961E-01   2.585E-01   6.119E-01   1.618E+00   0.000E+00   0.000E+00   0.000E+00   0.000E+00      1.000E+00   1.000E+00   1.000E+00   00000  no    N/A    N/A    N/A 
   89   9.414733E+03   8.661379E-01   2.523E+14   3.854E+33   1.487E-01      5.917E-01   2.483E-01   6.059E-01   1.611E+00   0.000E+00   0.000E+00   0.000E+00   0.000E+00      1.000E+00   1.000E+00   1.000E+00   00000  no    N/A    N/A    N/A 
   90   9.449863E+03   8.711774E-01   2.486E+14   3.682E+33   1.466E-01      5.872E-01   2.378E-01   5.999E-01   1.604E+00   0.000E+00   0.000E+00   0.000E+00   0.000E+00      1.000E+00   1.000E+00   1.000E+00   00000  no    N/A    N/A    N/A 
   91   9.484733E+03   8.761798E-01   2.448E+14   3.511E+33   1.444E-01      5.827E-01   2.266E-01   5.939E-01   1.596E+00   0.000E+00   0.000E+00   0.000E+00   0.000E+00      1.000E+00   1.000E+00   1.000E+00   00000  no    N/A    N/A    N/A 
   92   9.519349E+03   8.811455E-01   2.411E+14   3.341E+33   1.422E-01      5.781E-01   2.144E-01   5.878E-01   1.588E+00   0.000E+00   0.000E+00   0.000E+00   0.000E+00      1.000E+00   1.000E+00   1.000E+00   00000  no    N/A    N/A    N/A 
   93   9.553715E+03   8.860361E-01   2.374E+14   3.176E+33   1.400E-01      5.735E-01   2.007E-01   5.815E-01   1.581E+00   0.000E+00   0.000E+00   0.000E+00   0.000E+00      1.000E+00   1.000E+00   1.000E+00   00000  no    N/A    N/A    N/A 
   94   9.587836E+03   8.904704E-01   2.332E+14   3.039E+33   1.376E-01      5.682E-01   1.868E-01   5.748E-01   1.572E+00   0.000E+00   0.000E+00   0.000E+00   0.000E+00      1.000E+00   1.000E+00   1.000E+00   00000  no    N/A    N/A    N/A 
   95   9.621716E+03   8.948732E-01   2.291E+14   2.904E+33   1.352E-01      5.628E-01   1.708E-01   5.680E-01   1.563E+00   0.000E+00   0.000E+00   0.000E+00   0.000E+00      1.000E+00   1.000E+00   1.000E+00   00000  no    N/A    N/A    N/A 
   96   9.655358E+03   8.992454E-01   2.249E+14   2.769E+33   1.328E-01      5.573E-01   1.516E-01   5.610E-01   1.554E+00   0.000E+00   0.000E+00   0.000E+00   0.000E+00      1.000E+00   1.000E+00   1.000E+00   00000  no    N/A    N/A    N/A 
   97   9.688768E+03   9.035873E-01   2.208E+14   2.636E+33   1.303E-01      5.517E-01   1.265E-01   5.539E-01   1.545E+00   0.000E+00   0.000E+00   0.000E+00   0.000E+00      1.000E+00   1.000E+00   1.000E+00   00000  no    N/A    N/A    N/A 
   98   9.721949E+03   9.078993E-01   2.167E+14   2.503E+33   1.280E-01      5.460E-01   1.130E-01   5.476E-01   1.536E+00   0.000E+00   0.000E+00   0.000E+00   0.000E+00      1.000E+00   1.000E+00   1.000E+00   00000  no    N/A    N/A    N/A 
   99   9.754905E+03   9.121823E-01   2.127E+14   2.371E+33   1.257E-01      5.402E-01   1.001E-01   5.414E-01   1.527E+00   0.000E+00   0.000E+00   0.000E+00   0.000E+00      1.000E+00   1.000E+00   1.000E+00   00000  no    N/A    N/A    N/A 
  100   9.787640E+03   9.164364E-01   2.086E+14   2.240E+33   1.233E-01      5.343E-01   8.312E-02   5.350E-01   1.518E+00   0.000E+00   0.000E+00   0.000E+00   0.000E+00      1.000E+00   1.000E+00   1.000E+00   00000  no    N/A    N/A    N/A 
  101   9.820157E+03   9.206623E-01   2.046E+14   2.110E+33   1.209E-01      5.283E-01   5.373E-02   5.285E-01   1.508E+00   0.000E+00   0.000E+00   0.000E+00   0.000E+00      1.000E+00   1.000E+00   1.000E+00   00000  no    N/A    N/A    N/A 
  102   9.852461E+03   9.248604E-01   2.007E+14   1.981E+33   1.186E-01      5.222E-01  -0.000E+00   5.222E-01   1.499E+00   0.000E+00   0.000E+00   0.000E+00   0.000E+00      1.000E+00   1.000E+00   1.000E+00   00000  no    N/A    N/A    N/A 
  103   9.884554E+03   9.288877E-01   1.965E+14   1.860E+33   1.162E-01      5.158E-01  -0.000E+00   5.158E-01   1.489E+00   0.000E+00   0.000E+00   0.000E+00   0.000E+00      1.000E+00   1.000E+00   1.000E+00   00000  no    N/A    N/A    N/A 
  104   9.916440E+03   9.325186E-01   1.919E+14   1.757E+33   1.135E-01      5.085E-01  -0.000E+00   5.085E-01   1.478E+00   0.000E+00   0.000E+00   0.000E+00   0.000E+00      1.000E+00   1.000E+00   1.000E+00   00000  no    N/A    N/A    N/A 
  105   9.948122E+03   9.361264E-01   1.873E+14   1.655E+33   1.107E-01      5.009E-01  -0.000E+00   5.009E-01   1.466E+00   0.000E+00   0.000E+00   0.000E+00   0.000E+00      1.000E+00   1.000E+00   1.000E+00   00000  no    N/A    N/A    N/A 
  106   9.979603E+03   9.397113E-01   1.827E+14   1.554E+33   1.081E-01      4.934E-01  -0.000E+00   4.934E-01   1.455E+00   0.000E+00   0.000E+00   0.000E+00   0.000E+00      1.000E+00   1.000E+00   1.000E+00   00000  no    N/A    N/A    N/A 
  107   1.001089E+04   9.432737E-01   1.781E+14   1.453E+33   1.055E-01      4.858E-01  -0.000E+00   4.858E-01   1.444E+00   0.000E+00   0.000E+00   0.000E+00   0.000E+00      1.000E+00   1.000E+00   1.000E+00   00000  no    N/A    N/A    N/A 
  108   1.004198E+04   9.468140E-01   1.736E+14   1.353E+33   1.028E-01      4.780E-01  -0.000E+00   4.780E-01   1.432E+00   0.000E+00   0.000E+00   0.000E+00   0.000E+00      1.000E+00   1.000E+00   1.000E+00   00000  no    N/A    N/A    N/A 
  109   1.007288E+04   9.503326E-01   1.691E+14   1.254E+33   1.001E-01      4.699E-01  -0.000E+00   4.699E-01   1.419E+00   0.000E+00   0.000E+00   0.000E+00   0.000E+00      1.000E+00   1.000E+00   1.000E+00   00000  no    N/A    N/A    N/A 
  110   1.010359E+04   9.538296E-01   1.646E+14   1.155E+33   9.754E-02      4.621E-01  -0.000E+00   4.621E-01   1.408E+00   0.000E+00   0.000E+00   0.000E+00   0.000E+00      1.000E+00   1.000E+00   1.000E+00   00000  no    N/A    N/A    N/A 
  111   1.013411E+04   9.571139E-01   1.600E+14   1.064E+33   9.485E-02      4.537E-01  -0.000E+00   4.537E-01   1.395E+00   0.000E+00   0.000E+00   0.000E+00   0.000E+00      1.000E+00   1.000E+00   1.000E+00   00000  no    N/A    N/A    N/A 
  112   1.016747E+04   9.603439E-01   1.540E+14   9.790E+32   9.124E-02      4.472E-01                           1.271E+00                                                      1.000E+00                                  no   966.8  232.0   32.0
  113   1.020186E+04   9.636729E-01   1.482E+14   8.910E+32   8.776E-02      4.408E-01                           1.255E+00                                                      1.000E+00                                  no   971.1  232.0   32.0
  114   1.023624E+04   9.670018E-01   1.426E+14   8.031E+32   8.441E-02      4.345E-01                           1.240E+00                                                      1.000E+00                                  no   975.2  232.0   32.0
  115   1.027062E+04   9.703308E-01   1.372E+14   7.152E+32   8.119E-02      4.283E-01                           1.224E+00                                                      1.000E+00                                  no   979.2  232.0   32.0
  116   1.030501E+04   9.736597E-01   1.320E+14   6.273E+32   7.810E-02      4.205E-01                           1.210E+00                                                      1.000E+00                                  no   995.2  232.0   32.0
  117   1.032194E+04   9.750020E-01   1.271E+14   5.934E+32   7.517E-02      4.087E-01                           1.201E+00                                                      1.000E+00                                  no  1043.5  232.0   32.0
  118   1.033774E+04   9.762147E-01   1.223E+14   5.630E+32   7.235E-02      3.977E-01                           1.190E+00                                                      1.000E+00                                  no  1090.1  232.0   32.0
  119   1.035353E+04   9.774273E-01   1.177E+14   5.326E+32   6.963E-02      3.874E-01                           1.179E+00                                                      1.000E+00                                  no  1134.9  232.0   32.0
  120   1.036933E+04   9.786400E-01   1.132E+14   5.021E+32   6.702E-02      3.778E-01                           1.168E+00                                                      1.000E+00                                  no  1178.0  232.0   32.0
  121   1.038513E+04   9.798527E-01   1.090E+14   4.717E+32   6.451E-02      3.687E-01                           1.156E+00                                                      1.000E+00                                  no  1219.4  232.0   32.0
  122   1.040093E+04   9.810653E-01   1.049E+14   4.413E+32   6.209E-02      3.601E-01                           1.145E+00                                                      1.000E+00                                  no  1259.3  232.0   32.0
  123   1.041672E+04   9.822780E-01   1.009E+14   4.109E+32   5.976E-02      3.520E-01                           1.133E+00                                                      1.000E+00                                  no  1297.8  232.0   32.0
  124   1.043252E+04   9.834907E-01   9.711E+13   3.805E+32   5.752E-02      3.443E-01                           1.121E+00                                                      1.000E+00                                  no  1334.7  232.0   32.0
  125   1.044688E+04   9.844767E-01   9.345E+13   3.561E+32   5.536E-02      3.370E-01                           1.108E+00                                                      1.000E+00                                  no  1370.3  232.0   32.0
  126   1.045953E+04   9.851929E-01   8.993E+13   3.389E+32   5.329E-02      3.300E-01                           1.096E+00                                                      1.000E+00                                  no  1404.5  232.0   32.0
  127   1.047219E+04   9.859091E-01   8.655E+13   3.217E+32   5.129E-02      3.234E-01                           1.084E+00                                                      1.000E+00                                  no  1437.4  232.0   32.0
  128   1.048484E+04   9.866254E-01   8.328E+13   3.045E+32   4.937E-02      3.169E-01                           1.072E+00                                                      1.000E+00                                  no  1469.1  232.0   32.0
  129   1.049749E+04   9.873416E-01   8.015E+13   2.873E+32   4.752E-02      3.108E-01                           1.060E+00                                                      1.000E+00                                  no  1499.6  232.0   32.0
  130   1.051014E+04   9.880578E-01   7.713E+13   2.701E+32   4.573E-02      3.291E-01                           1.060E+00                                                      1.000E+00                                  no  1519.5  183.0   40.0
  131   1.052280E+04   9.887740E-01   7.422E+13   2.529E+32   4.401E-02      3.236E-01                           1.047E+00                                                      1.000E+00                                  no  1538.6  183.0   40.0
  132   1.053545E+04   9.894902E-01   7.142E+13   2.357E+32   4.236E-02      3.182E-01                           1.034E+00                                                      1.000E+00                                  no  1556.9  183.0   40.0
  133   1.054810E+04   9.902065E-01   6.873E+13   2.185E+32   4.077E-02      3.130E-01                           1.022E+00                                                      1.000E+00                                  no  1574.5  183.0   40.0
  134   1.055929E+04   9.907384E-01   6.614E+13   2.059E+32   3.923E-02      3.079E-01                           1.009E+00                                                      1.000E+00                                  no  1591.5  183.0   40.0
  135   1.056958E+04   9.911576E-01   6.365E+13   1.962E+32   3.776E-02      3.030E-01                           9.969E-01                                                      1.000E+00                                  no  1607.8  183.0   40.0
  136   1.057986E+04   9.915769E-01   6.125E+13   1.865E+32   3.634E-02      2.982E-01                           9.847E-01                                                      1.000E+00                                  no  1623.5  183.0   40.0
  137   1.059015E+04   9.919961E-01   5.894E+13   1.768E+32   3.497E-02      2.935E-01                           9.725E-01                                                      1.000E+00                                  no  1638.7  183.0   40.0
  138   1.060044E+04   9.924153E-01   5.672E+13   1.671E+32   3.366E-02      2.889E-01                           9.606E-01                                                      1.000E+00                                  no  1653.2  183.0   40.0
  139   1.061073E+04   9.928345E-01   5.459E+13   1.574E+32   3.239E-02      2.844E-01                           9.487E-01                                                      1.000E+00                                  no  1667.2  183.0   40.0
  140   1.062102E+04   9.932537E-01   5.253E+13   1.477E+32   3.118E-02      2.801E-01                           9.370E-01                                                      1.000E+00                                  no  1680.7  183.0   40.0
  141   1.063131E+04   9.936729E-01   5.055E+13   1.380E+32   3.001E-02      2.758E-01                           9.254E-01                                                      1.000E+00                                  no  1693.7  183.0   40.0
  142   1.064159E+04   9.940921E-01   4.865E+13   1.283E+32   2.888E-02      2.717E-01                           9.139E-01                                                      1.000E+00                                  no  1706.1  183.0   40.0
  143   1.065103E+04   9.944249E-01   4.681E+13   1.207E+32   2.779E-02      2.676E-01                           9.026E-01                                                      1.000E+00                                  no  1718.2  183.0   40.0
  144   1.065967E+04   9.946770E-01   4.505E+13   1.150E+32   2.675E-02      2.636E-01                           8.914E-01                                                      1.000E+00                                  no  1729.7  183.0   40.0
  145   1.066831E+04   9.949291E-01   4.335E+13   1.094E+32   2.575E-02      2.597E-01                           8.803E-01                                                      1.000E+00                                  no  1740.8  183.0   40.0
  146   1.067695E+04   9.951812E-01   4.172E+13   1.037E+32   2.478E-02      2.559E-01                           8.693E-01                                                      1.000E+00                                  no  1751.5  183.0   40.0
  147   1.068560E+04   9.954333E-01   4.015E+13   9.808E+31   2.385E-02      2.521E-01                           8.585E-01                                                      1.000E+00                                  no  1761.8  183.0   40.0
  148   1.069424E+04   9.956854E-01   3.863E+13   9.243E+31   2.295E-02      2.485E-01                           8.478E-01                                                      1.000E+00                                  no  1771.7  183.0   40.0
  149   1.070288E+04   9.959375E-01   3.718E+13   8.678E+31   2.209E-02      2.449E-01                           8.372E-01                                                      1.000E+00                                  no  1781.3  183.0   40.0
  150   1.071152E+04   9.961896E-01   3.578E+13   8.113E+31   2.126E-02      2.414E-01                           8.268E-01                                                      1.000E+00                                  no  1790.5  183.0   40.0
  151   1.072016E+04   9.964417E-01   3.443E+13   7.549E+31   2.046E-02      2.379E-01                           8.165E-01                                                      1.000E+00                                  no  1799.3  183.0   40.0
  152   1.072827E+04   9.966563E-01   3.313E+13   7.071E+31   1.969E-02      2.543E-01                           8.040E-01                                                      1.000E+00                                  no  1772.4  193.0   50.0
  153   1.073545E+04   9.968054E-01   3.188E+13   6.747E+31   1.895E-02      2.525E-01                           7.932E-01                                                      1.000E+00                                  no  1743.4  193.0   50.0
  154   1.074263E+04   9.969544E-01   3.068E+13   6.422E+31   1.824E-02      2.506E-01                           7.826E-01                                                      1.000E+00                                  no  1715.4  193.0   50.0
  155   1.074981E+04   9.971035E-01   2.953E+13   6.097E+31   1.755E-02      2.487E-01                           7.722E-01                                                      1.000E+00                                  no  1688.6  193.0   50.0
  156   1.075698E+04   9.972525E-01   2.841E+13   5.773E+31   1.689E-02      2.469E-01                           7.618E-01                                                      1.000E+00                                  no  1662.7  193.0   50.0
  157   1.076416E+04   9.974016E-01   2.734E+13   5.448E+31   1.626E-02      2.449E-01                           7.517E-01                                                      1.000E+00                                  no  1637.8  193.0   50.0
  158   1.077134E+04   9.975506E-01   2.631E+13   5.123E+31   1.565E-02      2.430E-01                           7.416E-01                                                      1.000E+00                                  no  1613.9  193.0   50.0
  159   1.077852E+04   9.976997E-01   2.532E+13   4.799E+31   1.506E-02      2.411E-01                           7.317E-01                                                      1.000E+00                                  no  1590.8  193.0   50.0
  160   1.078570E+04   9.978487E-01   2.437E+13   4.474E+31   1.449E-02      2.392E-01                           7.220E-01                                                      1.000E+00                                  no  1568.7  193.0   50.0
  161   1.079277E+04   9.979921E-01   2.345E+13   4.162E+31   1.395E-02      2.372E-01                           7.124E-01                                                      1.000E+00                                  no  1547.3  193.0   50.0
  162   1.079880E+04   9.980809E-01   2.257E+13   3.973E+31   1.342E-02      2.352E-01                           7.029E-01                                                      1.000E+00                                  no  1526.8  193.0   50.0
  163   1.080483E+04   9.981696E-01   2.172E+13   3.785E+31   1.292E-02      2.333E-01                           6.935E-01                                                      1.000E+00                                  no  1507.0  193.0   50.0
  164   1.081087E+04   9.982583E-01   2.090E+13   3.596E+31   1.243E-02      2.313E-01                           6.843E-01                                                      1.000E+00                                  no  1488.0  193.0   50.0
  165   1.081690E+04   9.983470E-01   2.011E+13   3.407E+31   1.197E-02      2.293E-01                           6.752E-01                                                      1.000E+00                                  no  1469.7  193.0   50.0
  166   1.082293E+04   9.984357E-01   1.935E+13   3.219E+31   1.152E-02      2.273E-01                           6.662E-01                                                      1.000E+00                                  no  1452.1  193.0   50.0
  167   1.082896E+04   9.985244E-01   1.862E+13   3.030E+31   1.108E-02      2.253E-01                           6.573E-01                                                      1.000E+00                                  no  1435.1  193.0   50.0
  168   1.083500E+04   9.986131E-01   1.792E+13   2.841E+31   1.067E-02      2.233E-01                           6.486E-01                                                      1.000E+00                                  no  1418.8  193.0   50.0
  169   1.084103E+04   9.987018E-01   1.725E+13   2.653E+31   1.027E-02      2.213E-01                           6.400E-01                                                      1.000E+00                                  no  1403.1  193.0   50.0
  170   1.084706E+04   9.987905E-01   1.660E+13   2.464E+31   9.881E-03      2.192E-01                           6.315E-01                                                      1.000E+00                                  no  1388.0  193.0   50.0
  171   1.085222E+04   9.988492E-01   1.597E+13   2.341E+31   9.510E-03      2.172E-01                           6.232E-01                                                      1.000E+00                                  no  1373.5  193.0   50.0
  172   1.085716E+04   9.989004E-01   1.537E+13   2.235E+31   9.153E-03      2.152E-01                           6.149E-01                                                      1.000E+00                                  no  1359.5  193.0   50.0
  173   1.086210E+04   9.989516E-01   1.479E+13   2.128E+31   8.809E-03      2.134E-01                           6.118E-01                                                      1.000E+00                                  no  1341.9  164.0   50.0
  174   1.086704E+04   9.990028E-01   1.423E+13   2.021E+31   8.477E-03      2.121E-01                           6.034E-01                                                      1.000E+00                                  no  1315.5  164.0   50.0
  175   1.087199E+04   9.990540E-01   1.370E+13   1.915E+31   8.158E-03      2.108E-01                           5.952E-01                                                      1.000E+00                                  no  1290.1  164.0   50.0
  176   1.087693E+04   9.991051E-01   1.318E+13   1.808E+31   7.851E-03      2.094E-01                           5.871E-01                                                      1.000E+00                                  no  1265.7  164.0   50.0
  177   1.088187E+04   9.991563E-01   1.268E+13   1.701E+31   7.555E-03      2.080E-01                           5.791E-01                                                      1.000E+00                                  no  1242.1  164.0   50.0
  178   1.088681E+04   9.992075E-01   1.221E+13   1.595E+31   7.271E-03      2.067E-01                           5.712E-01                                                      1.000E+00                                  no  1219.5  164.0   50.0
  179   1.089175E+04   9.992587E-01   1.175E+13   1.488E+31   6.997E-03      2.053E-01                           5.634E-01                                                      1.000E+00                                  no  1197.7  164.0   50.0
  180   1.089643E+04   9.993037E-01   1.130E+13   1.395E+31   6.733E-03      2.039E-01                           5.557E-01                                                      1.000E+00                                  no  1176.7  164.0   50.0
  181   1.090037E+04   9.993321E-01   1.088E+13   1.336E+31   6.480E-03      2.024E-01                           5.481E-01                                                      1.000E+00                                  no  1156.5  164.0   50.0
  182   1.090432E+04   9.993605E-01   1.047E+13   1.278E+31   6.236E-03      2.010E-01                           5.406E-01                                                      1.000E+00                                  no  1137.1  164.0   50.0
  183   1.090826E+04   9.993889E-01   1.007E+13   1.220E+31   6.001E-03      1.995E-01                           5.332E-01                                                      1.000E+00                                  no  1118.4  164.0   50.0
  184   1.091221E+04   9.994173E-01   9.694E+12   1.162E+31   5.775E-03      1.981E-01                           5.260E-01                                                      1.000E+00                                  no  1100.4  164.0   50.0
  185   1.091615E+04   9.994457E-01   9.328E+12   1.104E+31   5.558E-03      1.965E-01                           5.194E-01                                                      1.000E+00                                  no  1084.4  161.0   50.0
  186   1.092010E+04   9.994741E-01   8.977E+12   1.046E+31   5.349E-03      1.949E-01                           5.124E-01                                                      1.000E+00                                  no  1069.0  161.0   50.0
  187   1.092405E+04   9.995025E-01   8.639E+12   9.876E+30   5.147E-03      1.934E-01                           5.054E-01                                                      1.000E+00                                  no  1054.2  161.0   50.0
  188   1.092799E+04   9.995308E-01   8.313E+12   9.294E+30   4.954E-03      1.918E-01                           4.986E-01                                                      1.000E+00                                  no  1040.0  161.0   50.0
  189   1.093194E+04   9.995592E-01   8.000E+12   8.713E+30   4.767E-03      1.902E-01                           4.919E-01                                                      1.000E+00                                  no  1026.3  161.0   50.0
  190   1.093571E+04   9.995853E-01   7.699E+12   8.181E+30   4.588E-03      1.886E-01                           4.852E-01                                                      1.000E+00                                  no  1013.1  161.0   50.0
  191   1.093862E+04   9.995993E-01   7.408E+12   7.898E+30   4.415E-03      1.870E-01                           4.787E-01                                                      1.000E+00                                  no  1000.4  161.0   50.0
  192   1.094152E+04   9.996133E-01   7.129E+12   7.614E+30   4.249E-03      1.853E-01                           4.722E-01                                                      1.000E+00                                  no   988.2  161.0   50.0
  193   1.094443E+04   9.996274E-01   6.861E+12   7.331E+30   4.089E-03      1.837E-01                           4.659E-01                                                      1.000E+00                                  no   976.4  161.0   50.0
  194   1.094733E+04   9.996414E-01   6.602E+12   7.047E+30   3.935E-03      1.821E-01                           4.596E-01                                                      1.000E+00                                  no   965.1  161.0   50.0
  195   1.095024E+04   9.996555E-01   6.353E+12   6.764E+30   3.787E-03      1.805E-01                           4.534E-01                                                      1.000E+00                                  no   954.2  161.0   50.0
  196   1.095314E+04   9.996695E-01   6.114E+12   6.481E+30   3.645E-03      1.796E-01                           4.473E-01                                                      1.000E+00                                  no   932.1  159.0   50.0
  197   1.095605E+04   9.996836E-01   5.884E+12   6.197E+30   3.508E-03      1.791E-01                           4.407E-01                                                      1.000E+00                                  no   903.2  159.0   50.0
  198   1.095896E+04   9.996976E-01   5.662E+12   5.914E+30   3.376E-03      1.787E-01                           4.341E-01                                                      1.000E+00                                  no   875.5  159.0   50.0
  199   1.096186E+04   9.997117E-01   5.449E+12   5.630E+30   3.248E-03      1.783E-01                           4.276E-01                                                      1.000E+00                                  no   848.7  159.0   50.0
  200   1.096477E+04   9.997257E-01   5.243E+12   5.347E+30   3.126E-03      1.778E-01                           4.211E-01                                                      1.000E+00                                  no   823.0  159.0   50.0
  201   1.096767E+04   9.997397E-01   5.046E+12   5.064E+30   3.008E-03      1.774E-01                           4.147E-01                                                      1.000E+00                                  no   798.3  159.0   50.0
  202   1.097048E+04   9.997521E-01   4.856E+12   4.816E+30   2.895E-03      1.769E-01                           4.084E-01                                                      1.000E+00                                  no   774.4  159.0   50.0
  203   1.097298E+04   9.997594E-01   4.673E+12   4.669E+30   2.786E-03      1.764E-01                           4.022E-01                                                      1.000E+00                                  no   751.5  159.0   50.0
  204   1.097549E+04   9.997668E-01   4.497E+12   4.522E+30   2.681E-03      1.759E-01                           3.960E-01                                                      1.000E+00                                  no   729.5  159.0   50.0
  205   1.097800E+04   9.997742E-01   4.327E+12   4.375E+30   2.580E-03      1.754E-01                           3.898E-01                                                      1.000E+00                                  no   708.2  159.0   50.0
  206   1.098051E+04   9.997816E-01   4.164E+12   4.228E+30   2.483E-03      1.748E-01                           3.838E-01                                                      1.000E+00                                  no   687.8  159.0   50.0
  207   1.098301E+04   9.997890E-01   4.007E+12   4.081E+30   2.390E-03      1.743E-01                           3.778E-01                                                      1.000E+00                                  no   668.2  159.0   50.0
  208   1.098552E+04   9.997963E-01   3.856E+12   3.934E+30   2.300E-03      1.737E-01                           3.719E-01                                                      1.000E+00                                  no   649.2  159.0   50.0
  209   1.098803E+04   9.998037E-01   3.711E+12   3.787E+30   2.213E-03      1.732E-01                           3.660E-01                                                      1.000E+00                                  no   631.0  159.0   50.0
  210   1.099054E+04   9.998111E-01   3.571E+12   3.641E+30   2.130E-03      1.726E-01                           3.602E-01                                                      1.000E+00                                  no   613.5  159.0   50.0
  211   1.099304E+04   9.998185E-01   3.437E+12   3.494E+30   2.050E-03      1.720E-01                           3.544E-01                                                      1.000E+00                                  no   596.7  159.0   50.0
  212   1.099555E+04   9.998258E-01   3.307E+12   3.347E+30   1.973E-03      1.714E-01                           3.487E-01                                                      1.000E+00                                  no   580.4  159.0   50.0
  213   1.099806E+04   9.998332E-01   3.183E+12   3.200E+30   1.898E-03      1.707E-01                           3.431E-01                                                      1.000E+00                                  no   564.8  159.0   50.0
  214   1.100056E+04   9.998406E-01   3.063E+12   3.053E+30   1.827E-03      1.701E-01                           3.375E-01                                                      1.000E+00                                  no   549.8  159.0   50.0
  215   1.100295E+04   9.998468E-01   2.947E+12   2.929E+30   1.758E-03      1.694E-01                           3.320E-01                                                      1.000E+00                                  no   535.4  159.0   50.0
  216   1.100505E+04   9.998505E-01   2.836E+12   2.857E+30   1.692E-03      1.687E-01                           3.266E-01                                                      1.000E+00                                  no   521.4  159.0   50.0
  217   1.100716E+04   9.998541E-01   2.729E+12   2.786E+30   1.628E-03      1.680E-01                           3.212E-01                                                      1.000E+00                                  no   508.1  159.0   50.0
  218   1.100926E+04   9.998578E-01   2.626E+12   2.714E+30   1.567E-03      1.554E-01                           3.284E-01                                                      1.000E+00                                  no   494.2  117.0   40.0
  219   1.101137E+04   9.998614E-01   2.528E+12   2.643E+30   1.508E-03      1.550E-01                           3.232E-01                                                      1.000E+00                                  no   479.3  117.0   40.0
  220   1.101347E+04   9.998650E-01   2.432E+12   2.571E+30   1.451E-03      1.546E-01                           3.180E-01                                                      1.000E+00                                  no   464.9  117.0   40.0
  221   1.101557E+04   9.998687E-01   2.341E+12   2.499E+30   1.397E-03      1.542E-01                           3.129E-01                                                      1.000E+00                                  no   451.1  117.0   40.0
  222   1.101768E+04   9.998723E-01   2.252E+12   2.428E+30   1.344E-03      1.538E-01                           3.078E-01                                                      1.000E+00                                  no   437.8  117.0   40.0
  223   1.101978E+04   9.998760E-01   2.168E+12   2.356E+30   1.294E-03      1.533E-01                           3.028E-01                                                      1.000E+00                                  no   424.9  117.0   40.0
  224   1.102188E+04   9.998796E-01   2.086E+12   2.285E+30   1.245E-03      1.529E-01                           2.978E-01                                                      1.000E+00                                  no   412.6  117.0   40.0
  225   1.102399E+04   9.998832E-01   2.007E+12   2.213E+30   1.198E-03      1.524E-01                           2.929E-01                                                      1.000E+00                                  no   400.8  117.0   40.0
  226   1.102609E+04   9.998869E-01   1.932E+12   2.142E+30   1.153E-03      1.519E-01                           2.880E-01                                                      1.000E+00                                  no   389.4  117.0   40.0
  227   1.102819E+04   9.998905E-01   1.859E+12   2.070E+30   1.110E-03      1.514E-01                           2.831E-01                                                      1.000E+00                                  no   378.4  117.0   40.0
  228   1.103030E+04   9.998941E-01   1.789E+12   1.999E+30   1.068E-03      1.509E-01                           2.783E-01                                                      1.000E+00                                  no   367.8  117.0   40.0
  229   1.103240E+04   9.998978E-01   1.721E+12   1.927E+30   1.028E-03      1.504E-01                           2.736E-01                                                      1.000E+00                                  no   357.6  117.0   40.0
  230   1.103451E+04   9.999014E-01   1.657E+12   1.856E+30   9.890E-04      1.499E-01                           2.689E-01                                                      1.000E+00                                  no   347.9  117.0   40.0
  231   1.103686E+04   9.999041E-01   1.594E+12   1.804E+30   9.518E-04      1.493E-01                           2.642E-01                                                      1.000E+00                                  no   338.4  117.0   40.0
  232   1.103929E+04   9.999064E-01   1.534E+12   1.760E+30   9.160E-04      1.488E-01                           2.596E-01                                                      1.000E+00                                  no   329.4  117.0   40.0
  233   1.104172E+04   9.999087E-01   1.476E+12   1.715E+30   8.816E-04      1.482E-01                           2.550E-01                                                      1.000E+00                                  no   320.6  117.0   40.0
  234   1.104416E+04   9.999109E-01   1.421E+12   1.671E+30   8.484E-04      1.476E-01                           2.509E-01                                                      1.000E+00                                  no   312.3  116.0   40.0
  235   1.104659E+04   9.999132E-01   1.367E+12   1.626E+30   8.165E-04      1.470E-01                           2.464E-01                                                      1.000E+00                                  no   304.3  116.0   40.0
  236   1.104902E+04   9.999155E-01   1.316E+12   1.581E+30   7.858E-04      1.464E-01                           2.420E-01                                                      1.000E+00                                  no   296.6  116.0   40.0
  237   1.105146E+04   9.999178E-01   1.266E+12   1.537E+30   7.562E-04      1.458E-01                           2.376E-01                                                      1.000E+00                                  no   289.2  116.0   40.0
  238   1.105389E+04   9.999201E-01   1.218E+12   1.492E+30   7.278E-04      1.451E-01                           2.332E-01                                                      1.000E+00                                  no   282.1  116.0   40.0
  239   1.105632E+04   9.999224E-01   1.172E+12   1.448E+30   7.004E-04      1.445E-01                           2.289E-01                                                      1.000E+00                                  no   275.2  116.0   40.0
  240   1.105876E+04   9.999247E-01   1.128E+12   1.403E+30   6.741E-04      1.438E-01                           2.247E-01                                                      1.000E+00                                  no   268.6  116.0   40.0
  241   1.106119E+04   9.999270E-01   1.086E+12   1.359E+30   6.487E-04      1.431E-01                           2.204E-01                                                      1.000E+00                                  no   262.2  116.0   40.0
  242   1.106362E+04   9.999293E-01   1.045E+12   1.314E+30   6.244E-04      1.424E-01                           2.163E-01                                                      1.000E+00                                  no   256.1  116.0   40.0
  243   1.106606E+04   9.999316E-01   1.005E+12   1.269E+30   6.009E-04      1.417E-01                           2.121E-01                                                      1.000E+00                                  no   250.2  116.0   40.0
  244   1.106849E+04   9.999339E-01   9.676E+11   1.225E+30   5.783E-04      1.410E-01                           2.080E-01                                                      1.000E+00                                  no   244.6  116.0   40.0
  245   1.107093E+04   9.999362E-01   9.311E+11   1.180E+30   5.565E-04      1.402E-01                           2.040E-01                                                      1.000E+00                                  no   239.1  116.0   40.0
  246   1.107319E+04   9.999380E-01   8.961E+11   1.146E+30   5.355E-04      1.395E-01                           1.999E-01                                                      1.000E+00                                  no   233.9  116.0   40.0
  247   1.107522E+04   9.999391E-01   8.623E+11   1.126E+30   5.154E-04      1.387E-01                           1.960E-01                                                      1.000E+00                                  no   228.8  116.0   40.0
  248   1.107725E+04   9.999401E-01   8.298E+11   1.105E+30   4.959E-04      1.379E-01                           1.920E-01                                                      1.000E+00                                  no   224.0  116.0   40.0
  249   1.107928E+04   9.999412E-01   7.985E+11   1.085E+30   4.773E-04      1.371E-01                           1.881E-01                                                      1.000E+00                                  no   219.3  116.0   40.0
  250   1.108132E+04   9.999423E-01   7.685E+11   1.064E+30   4.593E-04      1.363E-01                           1.843E-01                                                      1.000E+00                                  no   214.8  116.0   40.0
  251   1.108335E+04   9.999434E-01   7.395E+11   1.044E+30   4.420E-04      1.355E-01                           1.804E-01                                                      1.000E+00                                  no   210.5  116.0   40.0
  252   1.108538E+04   9.999444E-01   7.116E+11   1.023E+30   4.254E-04      1.347E-01                           1.767E-01                                                      1.000E+00                                  no   206.3  116.0   40.0
  253   1.108741E+04   9.999455E-01   6.848E+11   1.003E+30   4.093E-04      1.338E-01                           1.729E-01                                                      1.000E+00                                  no   202.3  116.0   40.0
  254   1.108945E+04   9.999466E-01   6.590E+11   9.822E+29   3.939E-04      1.330E-01                           1.692E-01                                                      1.000E+00                                  no   198.4  116.0   40.0
  255   1.109148E+04   9.999476E-01   6.342E+11   9.617E+29   3.791E-04      1.322E-01                           1.655E-01                                                      1.000E+00                                  no   194.5  116.0   40.0
  256   1.109351E+04   9.999487E-01   6.103E+11   9.412E+29   3.648E-04      1.313E-01                           1.618E-01                                                      1.000E+00                                  no   190.8  116.0   40.0
  257   1.109555E+04   9.999498E-01   5.873E+11   9.207E+29   3.511E-04      1.305E-01                           1.581E-01                                                      1.000E+00                                  no   187.2  116.0   40.0
  258   1.109758E+04   9.999509E-01   5.652E+11   9.002E+29   3.379E-04      1.296E-01                           1.545E-01                                                      1.000E+00                                  no   183.8  116.0   40.0
  259   1.109961E+04   9.999519E-01   5.439E+11   8.797E+29   3.252E-04      1.287E-01                           1.509E-01                                                      1.000E+00                                  no   180.5  116.0   40.0
  260   1.110164E+04   9.999530E-01   5.234E+11   8.592E+29   3.130E-04      1.287E-01                           1.457E-01                                                      1.000E+00                                  no   174.1  116.0   40.0
  261   1.110368E+04   9.999541E-01   5.037E+11   8.387E+29   3.012E-04      1.287E-01                           1.399E-01                                                      1.000E+00                                  no   167.4  116.0   40.0
  262   1.110571E+04   9.999552E-01   4.847E+11   8.182E+29   2.899E-04      1.287E-01                           1.338E-01                                                      1.000E+00                                  no   160.9  116.0   40.0
  263   1.110774E+04   9.999562E-01   4.664E+11   7.977E+29   2.790E-04      1.288E-01                           1.274E-01                                                      1.000E+00                                  no   154.7  116.0   40.0
  264   1.110977E+04   9.999573E-01   4.488E+11   7.772E+29   2.685E-04      1.288E-01                           1.205E-01                                                      1.000E+00                                  no   148.8  116.0   40.0
  265   1.111181E+04   9.999584E-01   4.319E+11   7.567E+29   2.584E-04      1.289E-01                           1.131E-01                                                      1.000E+00                                  no   143.0  116.0   40.0
  266   1.111384E+04   9.999594E-01   4.157E+11   7.362E+29   2.487E-04      1.289E-01                           1.048E-01                                                      1.000E+00                                  no   137.5  116.0   40.0
  267   1.111744E+04   9.999606E-01   4.000E+11   7.138E+29   2.394E-04      1.290E-01                           9.542E-02                                                      1.000E+00                                  no   132.2  116.0   40.0
  268   1.112255E+04   9.999619E-01   3.849E+11   6.894E+29   2.304E-04      1.280E-01                                                                                                                                          130.0  130.0   40.0
  269   1.112766E+04   9.999632E-01   3.704E+11   6.650E+29   2.217E-04      1.264E-01                                                                                                                                          130.0  130.0   40.0
  270   1.113276E+04   9.999645E-01   3.564E+11   6.406E+29   2.133E-04      1.248E-01                                                                                                                                          130.0  130.0   40.0
  271   1.113787E+04   9.999658E-01   3.430E+11   6.162E+29   2.053E-04      1.232E-01                                                                                                                                          130.0  130.0   40.0
  272   1.114298E+04   9.999671E-01   3.301E+11   5.919E+29   1.975E-04      1.216E-01                                                                                                                                          130.0  130.0   40.0
  273   1.114808E+04   9.999685E-01   3.176E+11   5.675E+29   1.901E-04      1.214E-01                                                                                                                                           88.0   88.0   28.0
  274   1.115319E+04   9.999698E-01   3.057E+11   5.431E+29   1.830E-04      1.199E-01                                                                                                                                           88.0   88.0   28.0
  275   1.115830E+04   9.999711E-01   2.941E+11   5.187E+29   1.761E-04      1.184E-01                                                                                                                                           88.0   88.0   28.0
  276   1.116341E+04   9.999724E-01   2.831E+11   4.943E+29   1.695E-04      1.169E-01                                                                                                                                           88.0   88.0   28.0
  277   1.116851E+04   9.999737E-01   2.724E+11   4.699E+29   1.631E-04      1.154E-01                                                                                                                                           88.0   88.0   28.0
  278   1.117362E+04   9.999750E-01   2.621E+11   4.455E+29   1.570E-04      1.148E-01                                                                                                                                           86.0   86.0   28.0
  279   1.117894E+04   9.999760E-01   2.522E+11   4.268E+29   1.511E-04      1.133E-01                                                                                                                                           86.0   86.0   28.0
  280   1.118435E+04   9.999769E-01   2.427E+11   4.102E+29   1.454E-04      1.119E-01                                                                                                                                           86.0   86.0   28.0
  281   1.118976E+04   9.999778E-01   2.336E+11   3.936E+29   1.399E-04      1.105E-01                                                                                                                                           86.0   86.0   28.0
  282   1.119516E+04   9.999787E-01   2.248E+11   3.770E+29   1.346E-04      1.091E-01                                                                                                                                           86.0   86.0   28.0
  283   1.120057E+04   9.999796E-01   2.163E+11   3.604E+29   1.295E-04      1.077E-01                                                                                                                                           86.0   86.0   28.0
  284   1.120598E+04   9.999805E-01   2.081E+11   3.438E+29   1.246E-04      1.063E-01                                                                                                                                           86.0   86.0   28.0
  285   1.121138E+04   9.999814E-01   2.003E+11   3.272E+29   1.200E-04      1.058E-01                                                                                                                                           84.0   84.0   28.0
  286   1.121679E+04   9.999823E-01   1.927E+11   3.107E+29   1.155E-04      1.045E-01                                                                                                                                           84.0   84.0   28.0
  287   1.122220E+04   9.999832E-01   1.855E+11   2.941E+29   1.111E-04      1.031E-01                                                                                                                                           84.0   84.0   28.0
  288   1.122760E+04   9.999841E-01   1.785E+11   2.775E+29   1.069E-04      1.018E-01                                                                                                                                           84.0   84.0   28.0
  289   1.123301E+04   9.999850E-01   1.718E+11   2.609E+29   1.029E-04      1.005E-01                                                                                                                                           84.0   84.0   28.0
  290   1.123768E+04   9.999856E-01   1.653E+11   2.516E+29   9.902E-05      9.924E-02                                                                                                                                           84.0   84.0   28.0
  291   1.124234E+04   9.999861E-01   1.591E+11   2.422E+29   9.530E-05      9.798E-02                                                                                                                                           84.0   84.0   28.0
  292   1.124700E+04   9.999866E-01   1.531E+11   2.329E+29   9.171E-05      9.673E-02                                                                                                                                           84.0   84.0   28.0
  293   1.125166E+04   9.999871E-01   1.473E+11   2.236E+29   8.827E-05      9.551E-02                                                                                                                                           84.0   84.0   28.0
  294   1.125632E+04   9.999876E-01   1.417E+11   2.143E+29   8.495E-05      9.429E-02                                                                                                                                           84.0   84.0   28.0
  295   1.126098E+04   9.999882E-01   1.364E+11   2.050E+29   8.175E-05      9.385E-02                                                                                                                                           82.0   82.0   28.0
  296   1.126564E+04   9.999887E-01   1.313E+11   1.957E+29   7.868E-05      9.266E-02                                                                                                                                           82.0   82.0   28.0
  297   1.127030E+04   9.999892E-01   1.263E+11   1.864E+29   7.572E-05      9.148E-02                                                                                                                                           82.0   82.0   28.0
  298   1.127496E+04   9.999897E-01   1.215E+11   1.771E+29   7.288E-05      9.032E-02                                                                                                                                           82.0   82.0   28.0
  299   1.127962E+04   9.999902E-01   1.170E+11   1.678E+29   7.014E-05      8.918E-02                                                                                                                                           82.0   82.0   28.0
  300   1.128427E+04   9.999908E-01   1.126E+11   1.585E+29   6.751E-05      8.805E-02                                                                                                                                           82.0   82.0   28.0
  301   1.128883E+04   9.999912E-01   1.083E+11   1.516E+29   6.497E-05      8.693E-02                                                                                                                                           82.0   82.0   28.0
  302   1.129333E+04   9.999915E-01   1.042E+11   1.458E+29   6.253E-05      8.653E-02                                                                                                                                           80.0   80.0   28.0
  303   1.129783E+04   9.999918E-01   1.003E+11   1.400E+29   6.017E-05      8.543E-02                                                                                                                                           80.0   80.0   28.0
  304   1.130233E+04   9.999921E-01   9.652E+10   1.342E+29   5.791E-05      8.435E-02                                                                                                                                           80.0   80.0   28.0
  305   1.130683E+04   9.999925E-01   9.288E+10   1.284E+29   5.573E-05      8.327E-02                                                                                                                                           80.0   80.0   28.0
  306   1.131133E+04   9.999928E-01   8.938E+10   1.226E+29   5.363E-05      8.222E-02                                                                                                                                           80.0   80.0   28.0
  307   1.131583E+04   9.999931E-01   8.601E+10   1.168E+29   5.161E-05      8.117E-02                                                                                                                                           80.0   80.0   28.0
  308   1.132033E+04   9.999935E-01   8.277E+10   1.111E+29   4.966E-05      8.082E-02                                                                                                                                           78.0   78.0   28.0
  309   1.132483E+04   9.999938E-01   7.965E+10   1.053E+29   4.779E-05      7.979E-02                                                                                                                                           78.0   78.0   28.0
  310   1.132933E+04   9.999941E-01   7.664E+10   9.948E+28   4.599E-05      7.877E-02                                                                                                                                           78.0   78.0   28.0
  311   1.133383E+04   9.999945E-01   7.375E+10   9.369E+28   4.426E-05      7.777E-02                                                                                                                                           78.0   78.0   28.0
  312   1.133807E+04   9.999947E-01   7.097E+10   8.966E+28   4.259E-05      7.678E-02                                                                                                                                           78.0   78.0   28.0
  313   1.134225E+04   9.999949E-01   6.830E+10   8.612E+28   4.099E-05      7.581E-02                                                                                                                                           78.0   78.0   28.0
  314   1.134643E+04   9.999951E-01   6.572E+10   8.257E+28   3.944E-05      7.484E-02                                                                                                                                           78.0   78.0   28.0
  315   1.135060E+04   9.999953E-01   6.325E+10   7.903E+28   3.796E-05      7.389E-02                                                                                                                                           78.0   78.0   28.0
  316   1.135478E+04   9.999955E-01   6.086E+10   7.549E+28   3.653E-05      7.295E-02                                                                                                                                           78.0   78.0   28.0
  317   1.135895E+04   9.999957E-01   5.857E+10   7.195E+28   3.515E-05      7.202E-02                                                                                                                                           78.0   78.0   28.0
  318   1.136313E+04   9.999959E-01   5.636E+10   6.841E+28   3.383E-05      7.111E-02                                                                                                                                           78.0   78.0   28.0
  319   1.136731E+04   9.999961E-01   5.423E+10   6.487E+28   3.255E-05      7.020E-02                                                                                                                                           78.0   78.0   28.0
  320   1.137148E+04   9.999963E-01   5.219E+10   6.133E+28   3.133E-05      6.931E-02                                                                                                                                           78.0   78.0   28.0
  321   1.137566E+04   9.999965E-01   5.022E+10   5.779E+28   3.015E-05      6.843E-02                                                                                                                                           78.0   78.0   28.0
  322   1.137981E+04   9.999967E-01   4.833E+10   5.432E+28   2.902E-05      6.756E-02                                                                                                                                           78.0   78.0   28.0
  323   1.138352E+04   9.999969E-01   4.651E+10   5.229E+28   2.793E-05      6.671E-02                                                                                                                                           78.0   78.0   28.0
  324   1.138724E+04   9.999970E-01   4.475E+10   5.026E+28   2.688E-05      6.586E-02                                                                                                                                           78.0   78.0   28.0
  325   1.139095E+04   9.999971E-01   4.307E+10   4.822E+28   2.587E-05      6.502E-02                                                                                                                                           78.0   78.0   28.0
  326   1.139466E+04   9.999972E-01   4.144E+10   4.619E+28   2.489E-05      6.514E-02                                                                                                                                           80.0   80.0   30.0
  327   1.139837E+04   9.999973E-01   3.988E+10   4.416E+28   2.395E-05      6.431E-02                                                                                                                                           80.0   80.0   30.0
  328   1.140209E+04   9.999975E-01   3.838E+10   4.212E+28   2.305E-05      6.349E-02                                                                                                                                           80.0   80.0   30.0
  329   1.140580E+04   9.999976E-01   3.693E+10   4.009E+28   2.218E-05      6.268E-02                                                                                                                                           80.0   80.0   30.0
  330   1.140951E+04   9.999977E-01   3.554E+10   3.806E+28   2.134E-05      6.188E-02                                                                                                                                           80.0   80.0   30.0
  331   1.141322E+04   9.999978E-01   3.420E+10   3.603E+28   2.054E-05      6.109E-02                                                                                                                                           80.0   80.0   30.0
  332   1.141694E+04   9.999979E-01   3.291E+10   3.399E+28   1.976E-05      6.032E-02                                                                                                                                           80.0   80.0   30.0
  333   1.142057E+04   9.999980E-01   3.167E+10   3.214E+28   1.902E-05      5.955E-02                                                                                                                                           80.0   80.0   30.0
  334   1.142389E+04   9.999981E-01   3.048E+10   3.093E+28   1.830E-05      5.879E-02                                                                                                                                           80.0   80.0   30.0
  335   1.142722E+04   9.999982E-01   2.933E+10   2.972E+28   1.762E-05      5.805E-02                                                                                                                                           80.0   80.0   30.0
  336   1.143055E+04   9.999983E-01   2.822E+10   2.851E+28   1.695E-05      5.731E-02                                                                                                                                           80.0   80.0   30.0
  337   1.143387E+04   9.999983E-01   2.716E+10   2.730E+28   1.632E-05      5.659E-02                                                                                                                                           80.0   80.0   30.0
  338   1.143720E+04   9.999984E-01   2.613E+10   2.609E+28   1.570E-05      5.587E-02                                                                                                                                           80.0   80.0   30.0
  339   1.144053E+04   9.999985E-01   2.515E+10   2.488E+28   1.511E-05      5.516E-02                                                                                                                                           80.0   80.0   30.0
  340   1.144385E+04   9.999986E-01   2.420E+10   2.367E+28   1.454E-05      5.445E-02                                                                                                                                           80.0   80.0   30.0
  341   1.144718E+04   9.999986E-01   2.329E+10   2.246E+28   1.399E-05      5.376E-02                                                                                                                                           80.0   80.0   30.0
  342   1.145051E+04   9.999987E-01   2.241E+10   2.125E+28   1.347E-05      5.308E-02                                                                                                                                           80.0   80.0   30.0
  343   1.145383E+04   9.999988E-01   2.157E+10   2.004E+28   1.296E-05      5.240E-02                                                                                                                                           80.0   80.0   30.0
  344   1.145708E+04   9.999988E-01   2.075E+10   1.894E+28   1.247E-05      5.217E-02                                                                                                                                           78.0   78.0   30.0
  345   1.146004E+04   9.999989E-01   1.997E+10   1.825E+28   1.200E-05      5.151E-02                                                                                                                                           78.0   78.0   30.0
  346   1.146299E+04   9.999989E-01   1.922E+10   1.755E+28   1.155E-05      5.086E-02                                                                                                                                           78.0   78.0   30.0
  347   1.146594E+04   9.999990E-01   1.849E+10   1.686E+28   1.112E-05      5.021E-02                                                                                                                                           78.0   78.0   30.0
  348   1.146890E+04   9.999990E-01   1.780E+10   1.617E+28   1.070E-05      4.957E-02                                                                                                                                           78.0   78.0   30.0
  349   1.147185E+04   9.999990E-01   1.713E+10   1.548E+28   1.030E-05      4.894E-02                                                                                                                                           78.0   78.0   30.0
  350   1.147480E+04   9.999991E-01   1.648E+10   1.478E+28   9.909E-06      4.850E-02                                                                                                                                           72.0   72.0   28.0
  351   1.147776E+04   9.999991E-01   1.586E+10   1.409E+28   9.535E-06      4.788E-02                                                                                                                                           72.0   72.0   28.0
  352   1.148071E+04   9.999992E-01   1.526E+10   1.340E+28   9.175E-06      4.727E-02                                                                                                                                           72.0   72.0   28.0
  353   1.148366E+04   9.999992E-01   1.469E+10   1.270E+28   8.829E-06      4.667E-02                                                                                                                                           72.0   72.0   28.0
  354   1.148662E+04   9.999993E-01   1.413E+10   1.201E+28   8.496E-06      4.608E-02                                                                                                                                           72.0   72.0   28.0
  355   1.148957E+04   9.999993E-01   1.360E+10   1.132E+28   8.176E-06      4.549E-02                                                                                                                                           72.0   72.0   28.0
  356   1.149247E+04   9.999993E-01   1.309E+10   1.087E+28   7.867E-06      4.491E-02                                                                                                                                           72.0   72.0   28.0
  357   1.149536E+04   9.999994E-01   1.259E+10   1.043E+28   7.571E-06      4.493E-02                                                                                                                                           84.0   84.0   34.0
  358   1.149826E+04   9.999994E-01   1.212E+10   9.989E+27   7.285E-06      4.436E-02                                                                                                                                           84.0   84.0   34.0
  359   1.150115E+04   9.999994E-01   1.166E+10   9.548E+27   7.010E-06      4.380E-02                                                                                                                                           84.0   84.0   34.0
  360   1.150405E+04   9.999994E-01   1.122E+10   9.107E+27   6.746E-06      4.324E-02                                                                                                                                           84.0   84.0   34.0
  361   1.150694E+04   9.999995E-01   1.080E+10   8.666E+27   6.491E-06      4.269E-02                                                                                                                                           84.0   84.0   34.0
  362   1.150984E+04   9.999995E-01   1.039E+10   8.226E+27   6.246E-06      4.215E-02                                                                                                                                           84.0   84.0   34.0
  363   1.151273E+04   9.999995E-01   1.000E+10   7.785E+27   6.011E-06      4.161E-02                                                                                                                                           84.0   84.0   34.0
