 5 1000

       EOS file : /Users/dany/Work/NStar/eos/quark/strange_eos_03_145_150.dat 

    rhoc        rad    grav. mass   b. mass  red shift  % binding 

  2.765E-01  7.582E-01  4.129E-04  4.250E-04  9.992E-01  2.913E-02
  2.774E-01  1.431E+00  2.781E-03  2.865E-03  9.971E-01  3.042E-02
  2.784E-01  1.872E+00  6.235E-03  6.432E-03  9.950E-01  3.170E-02
  2.793E-01  2.224E+00  1.047E-02  1.081E-02  9.930E-01  3.297E-02
  2.803E-01  2.524E+00  1.532E-02  1.584E-02  9.910E-01  3.424E-02
  2.812E-01  2.788E+00  2.067E-02  2.140E-02  9.889E-01  3.550E-02
  2.822E-01  3.027E+00  2.649E-02  2.746E-02  9.869E-01  3.675E-02
  2.831E-01  3.246E+00  3.270E-02  3.394E-02  9.849E-01  3.800E-02
  2.841E-01  3.449E+00  3.928E-02  4.083E-02  9.830E-01  3.925E-02
  2.851E-01  3.638E+00  4.618E-02  4.805E-02  9.810E-01  4.048E-02
  2.860E-01  3.816E+00  5.336E-02  5.559E-02  9.790E-01  4.171E-02
  2.870E-01  3.984E+00  6.079E-02  6.340E-02  9.771E-01  4.294E-02
  2.880E-01  4.143E+00  6.848E-02  7.151E-02  9.752E-01  4.416E-02
  2.890E-01  4.295E+00  7.641E-02  7.988E-02  9.732E-01  4.537E-02
  2.900E-01  4.440E+00  8.454E-02  8.847E-02  9.713E-01  4.658E-02
  2.909E-01  4.579E+00  9.284E-02  9.727E-02  9.694E-01  4.778E-02
  2.919E-01  4.712E+00  1.013E-01  1.063E-01  9.676E-01  4.898E-02
  2.929E-01  4.839E+00  1.099E-01  1.154E-01  9.657E-01  5.016E-02
  2.939E-01  4.962E+00  1.186E-01  1.247E-01  9.639E-01  5.134E-02
  2.949E-01  5.081E+00  1.275E-01  1.342E-01  9.620E-01  5.252E-02
  2.959E-01  5.195E+00  1.365E-01  1.439E-01  9.602E-01  5.369E-02
  2.969E-01  5.307E+00  1.457E-01  1.537E-01  9.584E-01  5.486E-02
  2.980E-01  5.415E+00  1.550E-01  1.637E-01  9.566E-01  5.602E-02
  2.990E-01  5.518E+00  1.643E-01  1.736E-01  9.548E-01  5.717E-02
  3.000E-01  5.619E+00  1.737E-01  1.838E-01  9.530E-01  5.832E-02
  3.010E-01  5.718E+00  1.833E-01  1.942E-01  9.512E-01  5.947E-02
  3.020E-01  5.812E+00  1.928E-01  2.045E-01  9.495E-01  6.060E-02
  3.031E-01  5.905E+00  2.024E-01  2.149E-01  9.478E-01  6.173E-02
  3.041E-01  5.996E+00  2.122E-01  2.256E-01  9.460E-01  6.286E-02
  3.051E-01  6.083E+00  2.219E-01  2.361E-01  9.443E-01  6.397E-02
  3.062E-01  6.169E+00  2.318E-01  2.469E-01  9.426E-01  6.509E-02
  3.072E-01  6.252E+00  2.416E-01  2.576E-01  9.409E-01  6.620E-02
  3.083E-01  6.334E+00  2.515E-01  2.685E-01  9.392E-01  6.730E-02
  3.093E-01  6.413E+00  2.615E-01  2.794E-01  9.375E-01  6.841E-02
  3.104E-01  6.491E+00  2.714E-01  2.903E-01  9.359E-01  6.949E-02
  3.114E-01  6.567E+00  2.815E-01  3.014E-01  9.342E-01  7.059E-02
  3.125E-01  6.640E+00  2.915E-01  3.124E-01  9.326E-01  7.166E-02
  3.136E-01  6.713E+00  3.016E-01  3.235E-01  9.309E-01  7.275E-02
  3.146E-01  6.784E+00  3.116E-01  3.346E-01  9.293E-01  7.381E-02
  3.157E-01  6.853E+00  3.218E-01  3.458E-01  9.277E-01  7.488E-02
  3.168E-01  6.921E+00  3.318E-01  3.570E-01  9.261E-01  7.594E-02
  3.179E-01  6.987E+00  3.419E-01  3.683E-01  9.245E-01  7.700E-02
  3.189E-01  7.052E+00  3.521E-01  3.795E-01  9.229E-01  7.805E-02
  3.200E-01  7.115E+00  3.621E-01  3.908E-01  9.214E-01  7.909E-02
  3.211E-01  7.178E+00  3.724E-01  4.022E-01  9.198E-01  8.014E-02
  3.222E-01  7.239E+00  3.824E-01  4.134E-01  9.183E-01  8.117E-02
  3.233E-01  7.299E+00  3.926E-01  4.249E-01  9.167E-01  8.221E-02
  3.244E-01  7.357E+00  4.026E-01  4.361E-01  9.152E-01  8.322E-02
  3.255E-01  7.415E+00  4.127E-01  4.475E-01  9.137E-01  8.424E-02
  3.266E-01  7.472E+00  4.229E-01  4.589E-01  9.122E-01  8.526E-02
  3.277E-01  7.526E+00  4.329E-01  4.702E-01  9.107E-01  8.626E-02
  3.288E-01  7.581E+00  4.430E-01  4.817E-01  9.092E-01  8.728E-02
  3.300E-01  7.634E+00  4.530E-01  4.930E-01  9.077E-01  8.827E-02
  3.311E-01  7.686E+00  4.630E-01  5.044E-01  9.062E-01  8.926E-02
  3.322E-01  7.739E+00  4.732E-01  5.159E-01  9.047E-01  9.027E-02
  3.334E-01  7.788E+00  4.830E-01  5.271E-01  9.033E-01  9.124E-02
  3.345E-01  7.838E+00  4.930E-01  5.385E-01  9.018E-01  9.222E-02
  3.356E-01  7.887E+00  5.030E-01  5.499E-01  9.004E-01  9.320E-02
  3.368E-01  7.934E+00  5.129E-01  5.611E-01  8.990E-01  9.416E-02
  3.379E-01  7.981E+00  5.228E-01  5.725E-01  8.975E-01  9.513E-02
  3.391E-01  8.028E+00  5.327E-01  5.839E-01  8.961E-01  9.610E-02
  3.402E-01  8.072E+00  5.425E-01  5.951E-01  8.947E-01  9.704E-02
  3.414E-01  8.117E+00  5.523E-01  6.064E-01  8.933E-01  9.799E-02
  3.425E-01  8.161E+00  5.622E-01  6.178E-01  8.919E-01  9.895E-02
  3.437E-01  8.204E+00  5.718E-01  6.289E-01  8.906E-01  9.988E-02
  3.449E-01  8.246E+00  5.815E-01  6.402E-01  8.892E-01  1.008E-01
  3.461E-01  8.288E+00  5.913E-01  6.515E-01  8.878E-01  1.018E-01
  3.472E-01  8.329E+00  6.009E-01  6.626E-01  8.865E-01  1.027E-01
  3.484E-01  8.369E+00  6.105E-01  6.737E-01  8.852E-01  1.036E-01
  3.496E-01  8.409E+00  6.202E-01  6.850E-01  8.838E-01  1.045E-01
  3.508E-01  8.447E+00  6.296E-01  6.960E-01  8.825E-01  1.054E-01
  3.520E-01  8.486E+00  6.391E-01  7.071E-01  8.812E-01  1.063E-01
  3.532E-01  8.523E+00  6.486E-01  7.182E-01  8.798E-01  1.072E-01
  3.544E-01  8.561E+00  6.581E-01  7.293E-01  8.785E-01  1.081E-01
  3.556E-01  8.597E+00  6.674E-01  7.402E-01  8.773E-01  1.090E-01
  3.568E-01  8.633E+00  6.768E-01  7.512E-01  8.760E-01  1.099E-01
  3.580E-01  8.668E+00  6.862E-01  7.622E-01  8.747E-01  1.108E-01
  3.593E-01  8.703E+00  6.954E-01  7.731E-01  8.734E-01  1.117E-01
  3.605E-01  8.737E+00  7.046E-01  7.839E-01  8.722E-01  1.126E-01
  3.617E-01  8.771E+00  7.138E-01  7.948E-01  8.709E-01  1.134E-01
  3.629E-01  8.804E+00  7.231E-01  8.057E-01  8.696E-01  1.143E-01
  3.642E-01  8.836E+00  7.321E-01  8.164E-01  8.684E-01  1.152E-01
  3.654E-01  8.868E+00  7.411E-01  8.271E-01  8.672E-01  1.160E-01
  3.667E-01  8.900E+00  7.502E-01  8.379E-01  8.659E-01  1.169E-01
  3.679E-01  8.931E+00  7.592E-01  8.486E-01  8.647E-01  1.177E-01
  3.692E-01  8.962E+00  7.680E-01  8.591E-01  8.635E-01  1.186E-01
  3.704E-01  8.992E+00  7.769E-01  8.697E-01  8.623E-01  1.194E-01
  3.717E-01  9.021E+00  7.858E-01  8.803E-01  8.611E-01  1.203E-01
  3.729E-01  9.051E+00  7.947E-01  8.909E-01  8.599E-01  1.211E-01
  3.742E-01  9.079E+00  8.033E-01  9.013E-01  8.587E-01  1.219E-01
  3.755E-01  9.108E+00  8.120E-01  9.117E-01  8.575E-01  1.227E-01
  3.768E-01  9.136E+00  8.208E-01  9.222E-01  8.564E-01  1.236E-01
  3.781E-01  9.163E+00  8.295E-01  9.326E-01  8.552E-01  1.244E-01
  3.793E-01  9.190E+00  8.379E-01  9.428E-01  8.540E-01  1.252E-01
  3.806E-01  9.217E+00  8.464E-01  9.531E-01  8.529E-01  1.260E-01
  3.819E-01  9.243E+00  8.550E-01  9.634E-01  8.517E-01  1.268E-01
  3.832E-01  9.269E+00  8.635E-01  9.737E-01  8.506E-01  1.276E-01
  3.845E-01  9.294E+00  8.718E-01  9.837E-01  8.495E-01  1.284E-01
  3.859E-01  9.319E+00  8.801E-01  9.938E-01  8.484E-01  1.292E-01
  3.872E-01  9.344E+00  8.884E-01  1.004E+00  8.472E-01  1.300E-01
  3.885E-01  9.369E+00  8.968E-01  1.014E+00  8.461E-01  1.308E-01
  3.898E-01  9.393E+00  9.050E-01  1.024E+00  8.450E-01  1.315E-01
  3.911E-01  9.416E+00  9.130E-01  1.034E+00  8.439E-01  1.323E-01
  3.925E-01  9.439E+00  9.211E-01  1.044E+00  8.428E-01  1.331E-01
  3.938E-01  9.462E+00  9.293E-01  1.054E+00  8.417E-01  1.338E-01
  3.951E-01  9.485E+00  9.374E-01  1.064E+00  8.406E-01  1.346E-01
  3.965E-01  9.507E+00  9.453E-01  1.073E+00  8.396E-01  1.354E-01
  3.978E-01  9.529E+00  9.531E-01  1.083E+00  8.385E-01  1.361E-01
  3.992E-01  9.550E+00  9.610E-01  1.093E+00  8.375E-01  1.369E-01
  4.006E-01  9.572E+00  9.689E-01  1.102E+00  8.364E-01  1.376E-01
  4.019E-01  9.593E+00  9.768E-01  1.112E+00  8.353E-01  1.383E-01
  4.033E-01  9.613E+00  9.844E-01  1.121E+00  8.343E-01  1.391E-01
  4.047E-01  9.633E+00  9.921E-01  1.131E+00  8.333E-01  1.398E-01
  4.060E-01  9.653E+00  9.998E-01  1.140E+00  8.322E-01  1.405E-01
  4.074E-01  9.673E+00  1.007E+00  1.150E+00  8.312E-01  1.413E-01
  4.088E-01  9.693E+00  1.015E+00  1.159E+00  8.302E-01  1.420E-01
  4.102E-01  9.712E+00  1.022E+00  1.168E+00  8.292E-01  1.427E-01
  4.116E-01  9.731E+00  1.030E+00  1.178E+00  8.282E-01  1.434E-01
  4.130E-01  9.749E+00  1.037E+00  1.187E+00  8.272E-01  1.441E-01
  4.144E-01  9.768E+00  1.045E+00  1.196E+00  8.262E-01  1.448E-01
  4.158E-01  9.786E+00  1.052E+00  1.205E+00  8.252E-01  1.456E-01
  4.172E-01  9.803E+00  1.059E+00  1.214E+00  8.242E-01  1.462E-01
  4.187E-01  9.821E+00  1.066E+00  1.223E+00  8.232E-01  1.469E-01
  4.201E-01  9.838E+00  1.074E+00  1.232E+00  8.222E-01  1.476E-01
  4.215E-01  9.855E+00  1.081E+00  1.241E+00  8.213E-01  1.483E-01
  4.230E-01  9.872E+00  1.088E+00  1.250E+00  8.203E-01  1.490E-01
  4.244E-01  9.888E+00  1.095E+00  1.259E+00  8.193E-01  1.497E-01
  4.258E-01  9.904E+00  1.102E+00  1.268E+00  8.184E-01  1.504E-01
  4.273E-01  9.920E+00  1.109E+00  1.276E+00  8.175E-01  1.510E-01
  4.288E-01  9.936E+00  1.116E+00  1.285E+00  8.165E-01  1.517E-01
  4.302E-01  9.951E+00  1.123E+00  1.294E+00  8.156E-01  1.524E-01
  4.317E-01  9.967E+00  1.130E+00  1.302E+00  8.146E-01  1.530E-01
  4.332E-01  9.982E+00  1.136E+00  1.311E+00  8.137E-01  1.537E-01
  4.346E-01  9.996E+00  1.143E+00  1.319E+00  8.128E-01  1.543E-01
  4.361E-01  1.001E+01  1.150E+00  1.328E+00  8.119E-01  1.550E-01
  4.376E-01  1.003E+01  1.156E+00  1.336E+00  8.110E-01  1.556E-01
  4.391E-01  1.004E+01  1.163E+00  1.345E+00  8.100E-01  1.563E-01
  4.406E-01  1.005E+01  1.170E+00  1.353E+00  8.092E-01  1.569E-01
  4.421E-01  1.007E+01  1.176E+00  1.361E+00  8.083E-01  1.576E-01
  4.436E-01  1.008E+01  1.182E+00  1.369E+00  8.074E-01  1.582E-01
  4.451E-01  1.009E+01  1.189E+00  1.378E+00  8.065E-01  1.588E-01
  4.466E-01  1.011E+01  1.195E+00  1.386E+00  8.056E-01  1.594E-01
  4.481E-01  1.012E+01  1.202E+00  1.394E+00  8.047E-01  1.601E-01
  4.497E-01  1.013E+01  1.208E+00  1.402E+00  8.039E-01  1.607E-01
  4.512E-01  1.014E+01  1.214E+00  1.410E+00  8.030E-01  1.613E-01
  4.527E-01  1.016E+01  1.220E+00  1.418E+00  8.021E-01  1.619E-01
  4.543E-01  1.017E+01  1.226E+00  1.426E+00  8.013E-01  1.625E-01
  4.558E-01  1.018E+01  1.233E+00  1.434E+00  8.004E-01  1.631E-01
  4.574E-01  1.019E+01  1.239E+00  1.442E+00  7.996E-01  1.637E-01
  4.589E-01  1.020E+01  1.245E+00  1.449E+00  7.987E-01  1.643E-01
  4.605E-01  1.022E+01  1.251E+00  1.457E+00  7.979E-01  1.649E-01
  4.621E-01  1.023E+01  1.257E+00  1.465E+00  7.971E-01  1.655E-01
  4.636E-01  1.024E+01  1.263E+00  1.472E+00  7.962E-01  1.661E-01
  4.652E-01  1.025E+01  1.268E+00  1.480E+00  7.954E-01  1.667E-01
  4.668E-01  1.026E+01  1.274E+00  1.487E+00  7.946E-01  1.673E-01
  4.684E-01  1.027E+01  1.280E+00  1.495E+00  7.938E-01  1.678E-01
  4.700E-01  1.028E+01  1.286E+00  1.502E+00  7.930E-01  1.684E-01
  4.716E-01  1.029E+01  1.291E+00  1.510E+00  7.922E-01  1.690E-01
  4.732E-01  1.030E+01  1.297E+00  1.517E+00  7.914E-01  1.695E-01
  4.748E-01  1.031E+01  1.303E+00  1.524E+00  7.906E-01  1.701E-01
  4.764E-01  1.032E+01  1.308E+00  1.532E+00  7.898E-01  1.707E-01
  4.781E-01  1.033E+01  1.314E+00  1.539E+00  7.890E-01  1.712E-01
  4.797E-01  1.034E+01  1.319E+00  1.546E+00  7.882E-01  1.718E-01
  4.813E-01  1.035E+01  1.325E+00  1.553E+00  7.874E-01  1.723E-01
  4.830E-01  1.036E+01  1.330E+00  1.560E+00  7.866E-01  1.729E-01
  4.846E-01  1.036E+01  1.335E+00  1.567E+00  7.859E-01  1.734E-01
  4.863E-01  1.037E+01  1.341E+00  1.574E+00  7.851E-01  1.740E-01
  4.879E-01  1.038E+01  1.346E+00  1.581E+00  7.843E-01  1.745E-01
  4.896E-01  1.039E+01  1.351E+00  1.588E+00  7.836E-01  1.750E-01
  4.912E-01  1.040E+01  1.357E+00  1.595E+00  7.828E-01  1.756E-01
  4.929E-01  1.041E+01  1.362E+00  1.602E+00  7.821E-01  1.761E-01
  4.946E-01  1.041E+01  1.367E+00  1.608E+00  7.813E-01  1.766E-01
  4.963E-01  1.042E+01  1.372E+00  1.615E+00  7.806E-01  1.771E-01
  4.980E-01  1.043E+01  1.377E+00  1.622E+00  7.798E-01  1.777E-01
  4.997E-01  1.044E+01  1.382E+00  1.628E+00  7.791E-01  1.782E-01
  5.014E-01  1.044E+01  1.387E+00  1.635E+00  7.784E-01  1.787E-01
  5.031E-01  1.045E+01  1.392E+00  1.641E+00  7.776E-01  1.792E-01
  5.048E-01  1.046E+01  1.397E+00  1.648E+00  7.769E-01  1.797E-01
  5.065E-01  1.047E+01  1.402E+00  1.654E+00  7.762E-01  1.802E-01
  5.082E-01  1.047E+01  1.407E+00  1.661E+00  7.755E-01  1.807E-01
  5.100E-01  1.048E+01  1.411E+00  1.667E+00  7.748E-01  1.812E-01
  5.117E-01  1.049E+01  1.416E+00  1.674E+00  7.741E-01  1.817E-01
  5.134E-01  1.049E+01  1.421E+00  1.680E+00  7.734E-01  1.822E-01
  5.152E-01  1.050E+01  1.426E+00  1.686E+00  7.727E-01  1.827E-01
  5.170E-01  1.051E+01  1.430E+00  1.692E+00  7.720E-01  1.832E-01
  5.187E-01  1.051E+01  1.435E+00  1.698E+00  7.713E-01  1.836E-01
  5.205E-01  1.052E+01  1.439E+00  1.704E+00  7.706E-01  1.841E-01
  5.223E-01  1.052E+01  1.444E+00  1.710E+00  7.699E-01  1.846E-01
  5.240E-01  1.053E+01  1.448E+00  1.717E+00  7.692E-01  1.851E-01
  5.258E-01  1.053E+01  1.453E+00  1.723E+00  7.685E-01  1.856E-01
  5.276E-01  1.054E+01  1.457E+00  1.728E+00  7.679E-01  1.860E-01
  5.294E-01  1.055E+01  1.462E+00  1.734E+00  7.672E-01  1.865E-01
  5.312E-01  1.055E+01  1.466E+00  1.740E+00  7.665E-01  1.869E-01
  5.330E-01  1.056E+01  1.470E+00  1.746E+00  7.659E-01  1.874E-01
  5.348E-01  1.056E+01  1.475E+00  1.752E+00  7.652E-01  1.879E-01
  5.367E-01  1.057E+01  1.479E+00  1.757E+00  7.646E-01  1.883E-01
  5.385E-01  1.057E+01  1.483E+00  1.763E+00  7.639E-01  1.888E-01
  5.403E-01  1.058E+01  1.487E+00  1.769E+00  7.633E-01  1.892E-01
  5.422E-01  1.058E+01  1.492E+00  1.774E+00  7.626E-01  1.896E-01
  5.440E-01  1.058E+01  1.496E+00  1.780E+00  7.620E-01  1.901E-01
  5.459E-01  1.059E+01  1.500E+00  1.785E+00  7.613E-01  1.905E-01
  5.477E-01  1.059E+01  1.504E+00  1.791E+00  7.607E-01  1.910E-01
  5.496E-01  1.060E+01  1.508E+00  1.796E+00  7.601E-01  1.914E-01
  5.515E-01  1.060E+01  1.512E+00  1.802E+00  7.594E-01  1.918E-01
  5.533E-01  1.061E+01  1.516E+00  1.807E+00  7.588E-01  1.922E-01
  5.552E-01  1.061E+01  1.520E+00  1.812E+00  7.582E-01  1.927E-01
  5.571E-01  1.061E+01  1.524E+00  1.818E+00  7.576E-01  1.931E-01
  5.590E-01  1.062E+01  1.527E+00  1.823E+00  7.570E-01  1.935E-01
  5.609E-01  1.062E+01  1.531E+00  1.828E+00  7.564E-01  1.939E-01
  5.628E-01  1.062E+01  1.535E+00  1.833E+00  7.557E-01  1.943E-01
  5.648E-01  1.063E+01  1.539E+00  1.838E+00  7.551E-01  1.947E-01
  5.667E-01  1.063E+01  1.543E+00  1.844E+00  7.545E-01  1.951E-01
  5.686E-01  1.063E+01  1.546E+00  1.849E+00  7.539E-01  1.955E-01
  5.705E-01  1.064E+01  1.550E+00  1.854E+00  7.533E-01  1.959E-01
  5.725E-01  1.064E+01  1.554E+00  1.859E+00  7.528E-01  1.963E-01
  5.744E-01  1.064E+01  1.557E+00  1.863E+00  7.522E-01  1.967E-01
  5.764E-01  1.065E+01  1.561E+00  1.868E+00  7.516E-01  1.971E-01
  5.784E-01  1.065E+01  1.564E+00  1.873E+00  7.510E-01  1.975E-01
  5.803E-01  1.065E+01  1.568E+00  1.878E+00  7.504E-01  1.979E-01
  5.823E-01  1.065E+01  1.571E+00  1.883E+00  7.498E-01  1.983E-01
  5.843E-01  1.066E+01  1.575E+00  1.888E+00  7.493E-01  1.987E-01
  5.863E-01  1.066E+01  1.578E+00  1.892E+00  7.487E-01  1.991E-01
  5.883E-01  1.066E+01  1.582E+00  1.897E+00  7.481E-01  1.994E-01
  5.903E-01  1.066E+01  1.585E+00  1.901E+00  7.476E-01  1.998E-01
  5.923E-01  1.067E+01  1.588E+00  1.906E+00  7.470E-01  2.002E-01
  5.943E-01  1.067E+01  1.591E+00  1.911E+00  7.465E-01  2.005E-01
  5.963E-01  1.067E+01  1.595E+00  1.915E+00  7.459E-01  2.009E-01
  5.984E-01  1.067E+01  1.598E+00  1.920E+00  7.454E-01  2.013E-01
  6.004E-01  1.067E+01  1.601E+00  1.924E+00  7.448E-01  2.016E-01
  6.025E-01  1.068E+01  1.604E+00  1.929E+00  7.443E-01  2.020E-01
  6.045E-01  1.068E+01  1.608E+00  1.933E+00  7.437E-01  2.023E-01
  6.066E-01  1.068E+01  1.611E+00  1.937E+00  7.432E-01  2.027E-01
  6.086E-01  1.068E+01  1.614E+00  1.941E+00  7.426E-01  2.030E-01
  6.107E-01  1.068E+01  1.617E+00  1.946E+00  7.421E-01  2.034E-01
  6.128E-01  1.068E+01  1.620E+00  1.950E+00  7.416E-01  2.037E-01
  6.149E-01  1.068E+01  1.623E+00  1.954E+00  7.411E-01  2.041E-01
  6.170E-01  1.069E+01  1.626E+00  1.958E+00  7.405E-01  2.044E-01
  6.191E-01  1.069E+01  1.629E+00  1.962E+00  7.400E-01  2.048E-01
  6.212E-01  1.069E+01  1.632E+00  1.967E+00  7.395E-01  2.051E-01
  6.233E-01  1.069E+01  1.635E+00  1.971E+00  7.390E-01  2.054E-01
  6.254E-01  1.069E+01  1.638E+00  1.975E+00  7.385E-01  2.057E-01
  6.276E-01  1.069E+01  1.640E+00  1.979E+00  7.380E-01  2.061E-01
  6.297E-01  1.069E+01  1.643E+00  1.982E+00  7.374E-01  2.064E-01
  6.318E-01  1.069E+01  1.646E+00  1.986E+00  7.369E-01  2.067E-01
  6.340E-01  1.069E+01  1.649E+00  1.990E+00  7.364E-01  2.070E-01
  6.361E-01  1.069E+01  1.652E+00  1.994E+00  7.359E-01  2.074E-01
  6.383E-01  1.069E+01  1.654E+00  1.998E+00  7.354E-01  2.077E-01
  6.405E-01  1.069E+01  1.657E+00  2.002E+00  7.349E-01  2.080E-01
  6.427E-01  1.070E+01  1.660E+00  2.005E+00  7.344E-01  2.083E-01
  6.449E-01  1.070E+01  1.662E+00  2.009E+00  7.340E-01  2.086E-01
  6.471E-01  1.070E+01  1.665E+00  2.013E+00  7.335E-01  2.089E-01
  6.493E-01  1.070E+01  1.668E+00  2.016E+00  7.330E-01  2.092E-01
  6.515E-01  1.070E+01  1.670E+00  2.020E+00  7.325E-01  2.095E-01
  6.537E-01  1.070E+01  1.673E+00  2.024E+00  7.320E-01  2.098E-01
  6.559E-01  1.070E+01  1.675E+00  2.027E+00  7.316E-01  2.101E-01
  6.582E-01  1.070E+01  1.678E+00  2.031E+00  7.311E-01  2.104E-01
  6.604E-01  1.070E+01  1.680E+00  2.034E+00  7.306E-01  2.107E-01
  6.626E-01  1.070E+01  1.683E+00  2.038E+00  7.301E-01  2.110E-01
  6.649E-01  1.070E+01  1.685E+00  2.041E+00  7.297E-01  2.112E-01
  6.672E-01  1.070E+01  1.687E+00  2.044E+00  7.292E-01  2.115E-01
  6.694E-01  1.070E+01  1.690E+00  2.048E+00  7.288E-01  2.118E-01
  6.717E-01  1.070E+01  1.692E+00  2.051E+00  7.283E-01  2.121E-01
  6.740E-01  1.070E+01  1.694E+00  2.054E+00  7.279E-01  2.124E-01
  6.763E-01  1.069E+01  1.697E+00  2.058E+00  7.274E-01  2.126E-01
  6.786E-01  1.069E+01  1.699E+00  2.061E+00  7.269E-01  2.129E-01
  6.809E-01  1.069E+01  1.701E+00  2.064E+00  7.265E-01  2.132E-01
  6.832E-01  1.069E+01  1.704E+00  2.067E+00  7.260E-01  2.134E-01
  6.856E-01  1.069E+01  1.706E+00  2.070E+00  7.256E-01  2.137E-01
  6.879E-01  1.069E+01  1.708E+00  2.073E+00  7.252E-01  2.140E-01
  6.903E-01  1.069E+01  1.710E+00  2.077E+00  7.247E-01  2.142E-01
  6.926E-01  1.069E+01  1.712E+00  2.080E+00  7.243E-01  2.145E-01
  6.950E-01  1.069E+01  1.714E+00  2.083E+00  7.239E-01  2.147E-01
  6.973E-01  1.069E+01  1.716E+00  2.085E+00  7.234E-01  2.150E-01
  6.997E-01  1.069E+01  1.719E+00  2.088E+00  7.230E-01  2.152E-01
  7.021E-01  1.069E+01  1.721E+00  2.091E+00  7.226E-01  2.155E-01
  7.045E-01  1.069E+01  1.723E+00  2.094E+00  7.222E-01  2.157E-01
  7.069E-01  1.068E+01  1.725E+00  2.097E+00  7.217E-01  2.160E-01
  7.093E-01  1.068E+01  1.727E+00  2.100E+00  7.213E-01  2.162E-01
  7.117E-01  1.068E+01  1.729E+00  2.103E+00  7.209E-01  2.165E-01
  7.141E-01  1.068E+01  1.731E+00  2.106E+00  7.205E-01  2.167E-01
  7.166E-01  1.068E+01  1.732E+00  2.108E+00  7.201E-01  2.169E-01
  7.190E-01  1.068E+01  1.734E+00  2.111E+00  7.197E-01  2.172E-01
  7.215E-01  1.068E+01  1.736E+00  2.114E+00  7.193E-01  2.174E-01
  7.239E-01  1.068E+01  1.738E+00  2.116E+00  7.189E-01  2.176E-01
  7.264E-01  1.067E+01  1.740E+00  2.119E+00  7.185E-01  2.178E-01
  7.289E-01  1.067E+01  1.742E+00  2.122E+00  7.181E-01  2.181E-01
  7.313E-01  1.067E+01  1.744E+00  2.124E+00  7.177E-01  2.183E-01
  7.338E-01  1.067E+01  1.745E+00  2.127E+00  7.173E-01  2.185E-01
  7.363E-01  1.067E+01  1.747E+00  2.129E+00  7.169E-01  2.187E-01
  7.388E-01  1.067E+01  1.749E+00  2.132E+00  7.165E-01  2.189E-01
  7.414E-01  1.066E+01  1.751E+00  2.134E+00  7.161E-01  2.191E-01
  7.439E-01  1.066E+01  1.752E+00  2.137E+00  7.157E-01  2.194E-01
  7.464E-01  1.066E+01  1.754E+00  2.139E+00  7.153E-01  2.196E-01
  7.490E-01  1.066E+01  1.756E+00  2.141E+00  7.149E-01  2.198E-01
  7.515E-01  1.066E+01  1.757E+00  2.144E+00  7.146E-01  2.200E-01
  7.541E-01  1.065E+01  1.759E+00  2.146E+00  7.142E-01  2.202E-01
  7.566E-01  1.065E+01  1.760E+00  2.148E+00  7.138E-01  2.204E-01
  7.592E-01  1.065E+01  1.762E+00  2.151E+00  7.134E-01  2.206E-01
  7.618E-01  1.065E+01  1.764E+00  2.153E+00  7.131E-01  2.208E-01
  7.644E-01  1.065E+01  1.765E+00  2.155E+00  7.127E-01  2.210E-01
  7.670E-01  1.064E+01  1.767E+00  2.157E+00  7.123E-01  2.212E-01
  7.696E-01  1.064E+01  1.768E+00  2.159E+00  7.120E-01  2.213E-01
  7.722E-01  1.064E+01  1.770E+00  2.162E+00  7.116E-01  2.215E-01
  7.749E-01  1.064E+01  1.771E+00  2.164E+00  7.112E-01  2.217E-01
  7.775E-01  1.063E+01  1.772E+00  2.166E+00  7.109E-01  2.219E-01
  7.802E-01  1.063E+01  1.774E+00  2.168E+00  7.105E-01  2.221E-01
  7.828E-01  1.063E+01  1.775E+00  2.170E+00  7.102E-01  2.223E-01
  7.855E-01  1.063E+01  1.777E+00  2.172E+00  7.098E-01  2.224E-01
  7.882E-01  1.063E+01  1.778E+00  2.174E+00  7.095E-01  2.226E-01
  7.908E-01  1.062E+01  1.779E+00  2.176E+00  7.091E-01  2.228E-01
  7.935E-01  1.062E+01  1.781E+00  2.178E+00  7.088E-01  2.230E-01
  7.962E-01  1.062E+01  1.782E+00  2.180E+00  7.084E-01  2.231E-01
  7.990E-01  1.061E+01  1.783E+00  2.181E+00  7.081E-01  2.233E-01
  8.017E-01  1.061E+01  1.785E+00  2.183E+00  7.077E-01  2.234E-01
  8.044E-01  1.061E+01  1.786E+00  2.185E+00  7.074E-01  2.236E-01
  8.072E-01  1.061E+01  1.787E+00  2.187E+00  7.071E-01  2.238E-01
  8.099E-01  1.060E+01  1.788E+00  2.189E+00  7.067E-01  2.239E-01
  8.127E-01  1.060E+01  1.790E+00  2.191E+00  7.064E-01  2.241E-01
  8.154E-01  1.060E+01  1.791E+00  2.192E+00  7.061E-01  2.242E-01
  8.182E-01  1.060E+01  1.792E+00  2.194E+00  7.057E-01  2.244E-01
  8.210E-01  1.059E+01  1.793E+00  2.196E+00  7.054E-01  2.246E-01
  8.238E-01  1.059E+01  1.794E+00  2.197E+00  7.051E-01  2.247E-01
  8.266E-01  1.059E+01  1.795E+00  2.199E+00  7.048E-01  2.248E-01
  8.294E-01  1.058E+01  1.796E+00  2.201E+00  7.044E-01  2.250E-01
  8.322E-01  1.058E+01  1.798E+00  2.202E+00  7.041E-01  2.251E-01
  8.351E-01  1.058E+01  1.799E+00  2.204E+00  7.038E-01  2.253E-01
  8.379E-01  1.057E+01  1.800E+00  2.205E+00  7.035E-01  2.254E-01
  8.408E-01  1.057E+01  1.801E+00  2.207E+00  7.032E-01  2.256E-01
  8.436E-01  1.057E+01  1.802E+00  2.208E+00  7.029E-01  2.257E-01
  8.465E-01  1.057E+01  1.803E+00  2.210E+00  7.025E-01  2.258E-01
  8.494E-01  1.056E+01  1.804E+00  2.211E+00  7.022E-01  2.260E-01
  8.523E-01  1.056E+01  1.805E+00  2.213E+00  7.019E-01  2.261E-01
  8.552E-01  1.056E+01  1.806E+00  2.214E+00  7.016E-01  2.262E-01
  8.581E-01  1.055E+01  1.807E+00  2.216E+00  7.013E-01  2.263E-01
  8.610E-01  1.055E+01  1.808E+00  2.217E+00  7.010E-01  2.265E-01
  8.640E-01  1.055E+01  1.809E+00  2.218E+00  7.007E-01  2.266E-01
  8.669E-01  1.054E+01  1.809E+00  2.220E+00  7.004E-01  2.267E-01
  8.699E-01  1.054E+01  1.810E+00  2.221E+00  7.001E-01  2.268E-01
  8.728E-01  1.054E+01  1.811E+00  2.222E+00  6.998E-01  2.269E-01
  8.758E-01  1.053E+01  1.812E+00  2.224E+00  6.995E-01  2.271E-01
  8.788E-01  1.053E+01  1.813E+00  2.225E+00  6.993E-01  2.272E-01
  8.818E-01  1.053E+01  1.814E+00  2.226E+00  6.990E-01  2.273E-01
  8.848E-01  1.052E+01  1.815E+00  2.227E+00  6.987E-01  2.274E-01
  8.878E-01  1.052E+01  1.815E+00  2.228E+00  6.984E-01  2.275E-01
  8.908E-01  1.051E+01  1.816E+00  2.229E+00  6.981E-01  2.276E-01
  8.939E-01  1.051E+01  1.817E+00  2.231E+00  6.978E-01  2.277E-01
  8.969E-01  1.051E+01  1.818E+00  2.232E+00  6.976E-01  2.278E-01
  9.000E-01  1.050E+01  1.818E+00  2.233E+00  6.973E-01  2.279E-01
  9.030E-01  1.050E+01  1.819E+00  2.234E+00  6.970E-01  2.280E-01
  9.061E-01  1.050E+01  1.820E+00  2.235E+00  6.967E-01  2.281E-01
  9.092E-01  1.049E+01  1.821E+00  2.236E+00  6.965E-01  2.282E-01
  9.123E-01  1.049E+01  1.821E+00  2.237E+00  6.962E-01  2.283E-01
  9.154E-01  1.049E+01  1.822E+00  2.238E+00  6.959E-01  2.284E-01
  9.185E-01  1.048E+01  1.823E+00  2.239E+00  6.956E-01  2.285E-01
  9.216E-01  1.048E+01  1.823E+00  2.240E+00  6.954E-01  2.286E-01
  9.248E-01  1.047E+01  1.824E+00  2.241E+00  6.951E-01  2.287E-01
  9.279E-01  1.047E+01  1.824E+00  2.242E+00  6.949E-01  2.287E-01
  9.311E-01  1.047E+01  1.825E+00  2.243E+00  6.946E-01  2.288E-01
  9.343E-01  1.046E+01  1.826E+00  2.244E+00  6.943E-01  2.289E-01
  9.375E-01  1.046E+01  1.826E+00  2.244E+00  6.941E-01  2.290E-01
  9.406E-01  1.045E+01  1.827E+00  2.245E+00  6.938E-01  2.291E-01
  9.439E-01  1.045E+01  1.827E+00  2.246E+00  6.936E-01  2.291E-01
  9.471E-01  1.045E+01  1.828E+00  2.247E+00  6.933E-01  2.292E-01
  9.503E-01  1.044E+01  1.828E+00  2.248E+00  6.931E-01  2.293E-01
  9.535E-01  1.044E+01  1.829E+00  2.248E+00  6.928E-01  2.294E-01
  9.568E-01  1.043E+01  1.829E+00  2.249E+00  6.926E-01  2.294E-01
  9.600E-01  1.043E+01  1.830E+00  2.250E+00  6.923E-01  2.295E-01
  9.633E-01  1.043E+01  1.830E+00  2.250E+00  6.921E-01  2.296E-01
  9.666E-01  1.042E+01  1.831E+00  2.251E+00  6.918E-01  2.296E-01
  9.699E-01  1.042E+01  1.831E+00  2.252E+00  6.916E-01  2.297E-01
  9.732E-01  1.041E+01  1.832E+00  2.252E+00  6.914E-01  2.297E-01
  9.765E-01  1.041E+01  1.832E+00  2.253E+00  6.911E-01  2.298E-01
  9.798E-01  1.041E+01  1.833E+00  2.254E+00  6.909E-01  2.299E-01
  9.832E-01  1.040E+01  1.833E+00  2.254E+00  6.906E-01  2.299E-01
  9.865E-01  1.040E+01  1.833E+00  2.255E+00  6.904E-01  2.300E-01
  9.899E-01  1.039E+01  1.834E+00  2.256E+00  6.902E-01  2.300E-01
  9.933E-01  1.039E+01  1.834E+00  2.256E+00  6.899E-01  2.301E-01
  9.966E-01  1.038E+01  1.834E+00  2.257E+00  6.897E-01  2.301E-01
  1.000E+00  1.038E+01  1.835E+00  2.257E+00  6.895E-01  2.302E-01
  1.003E+00  1.038E+01  1.835E+00  2.258E+00  6.893E-01  2.302E-01
  1.007E+00  1.037E+01  1.835E+00  2.258E+00  6.890E-01  2.303E-01
  1.010E+00  1.037E+01  1.836E+00  2.259E+00  6.888E-01  2.303E-01
  1.014E+00  1.036E+01  1.836E+00  2.259E+00  6.886E-01  2.304E-01
  1.017E+00  1.036E+01  1.836E+00  2.259E+00  6.884E-01  2.304E-01
  1.021E+00  1.035E+01  1.837E+00  2.260E+00  6.882E-01  2.304E-01
  1.024E+00  1.035E+01  1.837E+00  2.260E+00  6.879E-01  2.305E-01
  1.028E+00  1.035E+01  1.837E+00  2.260E+00  6.877E-01  2.305E-01
  1.031E+00  1.034E+01  1.837E+00  2.261E+00  6.875E-01  2.305E-01
  1.035E+00  1.034E+01  1.837E+00  2.261E+00  6.873E-01  2.306E-01
  1.038E+00  1.033E+01  1.838E+00  2.262E+00  6.871E-01  2.306E-01
  1.042E+00  1.033E+01  1.838E+00  2.262E+00  6.869E-01  2.306E-01
  1.045E+00  1.032E+01  1.838E+00  2.262E+00  6.867E-01  2.307E-01
  1.049E+00  1.032E+01  1.838E+00  2.262E+00  6.865E-01  2.307E-01
  1.052E+00  1.031E+01  1.838E+00  2.263E+00  6.863E-01  2.307E-01
  1.056E+00  1.031E+01  1.839E+00  2.263E+00  6.861E-01  2.307E-01
  1.060E+00  1.030E+01  1.839E+00  2.263E+00  6.858E-01  2.308E-01
  1.063E+00  1.030E+01  1.839E+00  2.263E+00  6.856E-01  2.308E-01
  1.067E+00  1.030E+01  1.839E+00  2.263E+00  6.854E-01  2.308E-01
  1.070E+00  1.029E+01  1.839E+00  2.264E+00  6.853E-01  2.308E-01
  1.074E+00  1.029E+01  1.839E+00  2.264E+00  6.851E-01  2.308E-01
  1.078E+00  1.028E+01  1.839E+00  2.264E+00  6.849E-01  2.308E-01
  1.081E+00  1.028E+01  1.839E+00  2.264E+00  6.847E-01  2.309E-01
  1.085E+00  1.027E+01  1.840E+00  2.264E+00  6.845E-01  2.309E-01
  1.089E+00  1.027E+01  1.840E+00  2.264E+00  6.843E-01  2.309E-01
  1.092E+00  1.026E+01  1.840E+00  2.264E+00  6.841E-01  2.309E-01
  1.096E+00  1.026E+01  1.840E+00  2.265E+00  6.839E-01  2.309E-01
  1.100E+00  1.025E+01  1.840E+00  2.265E+00  6.837E-01  2.309E-01
  1.104E+00  1.025E+01  1.840E+00  2.265E+00  6.835E-01  2.309E-01
  1.107E+00  1.024E+01  1.840E+00  2.265E+00  6.833E-01  2.309E-01
  1.111E+00  1.024E+01  1.840E+00  2.265E+00  6.832E-01  2.309E-01
  1.115E+00  1.023E+01  1.840E+00  2.265E+00  6.830E-01  2.309E-01
  1.119E+00  1.023E+01  1.840E+00  2.265E+00  6.828E-01  2.309E-01
  1.123E+00  1.023E+01  1.840E+00  2.265E+00  6.826E-01  2.309E-01
  1.126E+00  1.022E+01  1.840E+00  2.265E+00  6.824E-01  2.309E-01
  1.130E+00  1.022E+01  1.840E+00  2.264E+00  6.823E-01  2.309E-01
  1.134E+00  1.021E+01  1.840E+00  2.264E+00  6.821E-01  2.309E-01
  1.138E+00  1.021E+01  1.840E+00  2.264E+00  6.819E-01  2.309E-01
  1.142E+00  1.020E+01  1.840E+00  2.264E+00  6.817E-01  2.309E-01
  1.146E+00  1.020E+01  1.839E+00  2.264E+00  6.816E-01  2.309E-01
  1.150E+00  1.019E+01  1.839E+00  2.264E+00  6.814E-01  2.308E-01
  1.154E+00  1.019E+01  1.839E+00  2.264E+00  6.812E-01  2.308E-01
  1.158E+00  1.018E+01  1.839E+00  2.264E+00  6.811E-01  2.308E-01
  1.161E+00  1.018E+01  1.839E+00  2.264E+00  6.809E-01  2.308E-01
  1.165E+00  1.017E+01  1.839E+00  2.263E+00  6.807E-01  2.308E-01
  1.169E+00  1.017E+01  1.839E+00  2.263E+00  6.806E-01  2.308E-01
  1.173E+00  1.016E+01  1.839E+00  2.263E+00  6.804E-01  2.307E-01
  1.177E+00  1.016E+01  1.839E+00  2.263E+00  6.803E-01  2.307E-01
  1.181E+00  1.015E+01  1.838E+00  2.263E+00  6.801E-01  2.307E-01
  1.185E+00  1.015E+01  1.838E+00  2.262E+00  6.799E-01  2.307E-01
  1.189E+00  1.014E+01  1.838E+00  2.262E+00  6.798E-01  2.307E-01
  1.194E+00  1.014E+01  1.838E+00  2.262E+00  6.796E-01  2.306E-01
  1.198E+00  1.013E+01  1.838E+00  2.261E+00  6.795E-01  2.306E-01
  1.202E+00  1.013E+01  1.837E+00  2.261E+00  6.793E-01  2.306E-01
  1.206E+00  1.012E+01  1.837E+00  2.261E+00  6.792E-01  2.305E-01
  1.210E+00  1.012E+01  1.837E+00  2.260E+00  6.790E-01  2.305E-01
  1.214E+00  1.011E+01  1.837E+00  2.260E+00  6.789E-01  2.305E-01
  1.218E+00  1.011E+01  1.837E+00  2.260E+00  6.787E-01  2.304E-01
  1.222E+00  1.010E+01  1.836E+00  2.259E+00  6.786E-01  2.304E-01
  1.226E+00  1.010E+01  1.836E+00  2.259E+00  6.784E-01  2.304E-01
  1.231E+00  1.009E+01  1.836E+00  2.259E+00  6.783E-01  2.303E-01
  1.235E+00  1.009E+01  1.836E+00  2.258E+00  6.781E-01  2.303E-01
  1.239E+00  1.008E+01  1.835E+00  2.258E+00  6.780E-01  2.302E-01
  1.243E+00  1.008E+01  1.835E+00  2.258E+00  6.778E-01  2.302E-01
  1.247E+00  1.007E+01  1.835E+00  2.257E+00  6.777E-01  2.301E-01
  1.252E+00  1.007E+01  1.835E+00  2.257E+00  6.776E-01  2.301E-01
  1.256E+00  1.006E+01  1.834E+00  2.256E+00  6.774E-01  2.301E-01
  1.260E+00  1.006E+01  1.834E+00  2.256E+00  6.773E-01  2.300E-01
  1.265E+00  1.005E+01  1.834E+00  2.255E+00  6.772E-01  2.300E-01
  1.269E+00  1.005E+01  1.833E+00  2.255E+00  6.770E-01  2.299E-01
  1.273E+00  1.004E+01  1.833E+00  2.254E+00  6.769E-01  2.299E-01
  1.278E+00  1.004E+01  1.833E+00  2.254E+00  6.768E-01  2.298E-01
  1.282E+00  1.003E+01  1.832E+00  2.253E+00  6.766E-01  2.297E-01
  1.286E+00  1.002E+01  1.832E+00  2.253E+00  6.765E-01  2.297E-01
  1.291E+00  1.002E+01  1.832E+00  2.252E+00  6.764E-01  2.296E-01
  1.295E+00  1.001E+01  1.831E+00  2.252E+00  6.762E-01  2.296E-01
  1.299E+00  1.001E+01  1.831E+00  2.251E+00  6.761E-01  2.295E-01
  1.304E+00  1.000E+01  1.830E+00  2.250E+00  6.760E-01  2.294E-01
  1.308E+00  9.999E+00  1.830E+00  2.250E+00  6.759E-01  2.294E-01
  1.313E+00  9.993E+00  1.830E+00  2.249E+00  6.757E-01  2.293E-01
  1.317E+00  9.988E+00  1.829E+00  2.249E+00  6.756E-01  2.293E-01
  1.322E+00  9.983E+00  1.829E+00  2.248E+00  6.755E-01  2.292E-01
  1.326E+00  9.978E+00  1.828E+00  2.247E+00  6.754E-01  2.291E-01
  1.331E+00  9.972E+00  1.828E+00  2.247E+00  6.752E-01  2.291E-01
  1.335E+00  9.967E+00  1.828E+00  2.246E+00  6.751E-01  2.290E-01
  1.340E+00  9.962E+00  1.827E+00  2.245E+00  6.750E-01  2.289E-01
  1.344E+00  9.956E+00  1.827E+00  2.245E+00  6.749E-01  2.288E-01
  1.349E+00  9.951E+00  1.826E+00  2.244E+00  6.748E-01  2.288E-01
  1.354E+00  9.946E+00  1.826E+00  2.243E+00  6.747E-01  2.287E-01
  1.358E+00  9.940E+00  1.825E+00  2.242E+00  6.745E-01  2.286E-01
  1.363E+00  9.935E+00  1.825E+00  2.242E+00  6.744E-01  2.285E-01
  1.367E+00  9.929E+00  1.824E+00  2.241E+00  6.743E-01  2.285E-01
  1.372E+00  9.924E+00  1.824E+00  2.240E+00  6.742E-01  2.284E-01
  1.377E+00  9.919E+00  1.823E+00  2.240E+00  6.741E-01  2.283E-01
  1.381E+00  9.913E+00  1.823E+00  2.239E+00  6.740E-01  2.282E-01
  1.386E+00  9.908E+00  1.822E+00  2.238E+00  6.739E-01  2.281E-01
  1.391E+00  9.902E+00  1.822E+00  2.237E+00  6.738E-01  2.281E-01
  1.396E+00  9.897E+00  1.821E+00  2.236E+00  6.737E-01  2.280E-01
  1.400E+00  9.892E+00  1.821E+00  2.236E+00  6.736E-01  2.279E-01
  1.405E+00  9.886E+00  1.820E+00  2.235E+00  6.735E-01  2.278E-01
  1.410E+00  9.881E+00  1.820E+00  2.234E+00  6.734E-01  2.277E-01
  1.415E+00  9.875E+00  1.819E+00  2.233E+00  6.733E-01  2.276E-01
  1.420E+00  9.870E+00  1.819E+00  2.232E+00  6.731E-01  2.275E-01
  1.424E+00  9.864E+00  1.818E+00  2.231E+00  6.730E-01  2.274E-01
  1.429E+00  9.859E+00  1.817E+00  2.231E+00  6.729E-01  2.273E-01
  1.434E+00  9.853E+00  1.817E+00  2.230E+00  6.729E-01  2.272E-01
  1.439E+00  9.848E+00  1.816E+00  2.229E+00  6.728E-01  2.271E-01
  1.444E+00  9.842E+00  1.816E+00  2.228E+00  6.727E-01  2.270E-01
  1.449E+00  9.837E+00  1.815E+00  2.227E+00  6.726E-01  2.269E-01
  1.454E+00  9.831E+00  1.814E+00  2.226E+00  6.725E-01  2.268E-01
  1.459E+00  9.826E+00  1.814E+00  2.225E+00  6.724E-01  2.267E-01
  1.464E+00  9.820E+00  1.813E+00  2.224E+00  6.723E-01  2.266E-01
  1.469E+00  9.814E+00  1.813E+00  2.223E+00  6.722E-01  2.265E-01
  1.474E+00  9.809E+00  1.812E+00  2.222E+00  6.721E-01  2.264E-01
  1.479E+00  9.803E+00  1.811E+00  2.221E+00  6.720E-01  2.263E-01
  1.484E+00  9.798E+00  1.811E+00  2.220E+00  6.719E-01  2.262E-01
  1.489E+00  9.792E+00  1.810E+00  2.219E+00  6.718E-01  2.261E-01
  1.494E+00  9.787E+00  1.809E+00  2.218E+00  6.717E-01  2.260E-01
  1.499E+00  9.781E+00  1.809E+00  2.217E+00  6.717E-01  2.259E-01
  1.504E+00  9.775E+00  1.808E+00  2.216E+00  6.716E-01  2.258E-01
  1.509E+00  9.770E+00  1.808E+00  2.215E+00  6.715E-01  2.257E-01
  1.514E+00  9.764E+00  1.807E+00  2.214E+00  6.714E-01  2.256E-01
  1.520E+00  9.759E+00  1.806E+00  2.213E+00  6.713E-01  2.255E-01
  1.525E+00  9.753E+00  1.806E+00  2.212E+00  6.712E-01  2.253E-01
  1.530E+00  9.747E+00  1.805E+00  2.211E+00  6.712E-01  2.252E-01
  1.535E+00  9.742E+00  1.804E+00  2.210E+00  6.711E-01  2.251E-01
  1.540E+00  9.736E+00  1.803E+00  2.209E+00  6.710E-01  2.250E-01
  1.546E+00  9.730E+00  1.803E+00  2.208E+00  6.709E-01  2.249E-01
  1.551E+00  9.725E+00  1.802E+00  2.207E+00  6.708E-01  2.248E-01
  1.556E+00  9.719E+00  1.801E+00  2.206E+00  6.708E-01  2.246E-01
  1.561E+00  9.713E+00  1.801E+00  2.205E+00  6.707E-01  2.245E-01
  1.567E+00  9.708E+00  1.800E+00  2.204E+00  6.706E-01  2.244E-01
  1.572E+00  9.702E+00  1.799E+00  2.203E+00  6.705E-01  2.243E-01
  1.577E+00  9.696E+00  1.798E+00  2.202E+00  6.705E-01  2.241E-01
  1.583E+00  9.691E+00  1.798E+00  2.200E+00  6.704E-01  2.240E-01
  1.588E+00  9.685E+00  1.797E+00  2.199E+00  6.703E-01  2.239E-01
  1.594E+00  9.679E+00  1.796E+00  2.198E+00  6.702E-01  2.238E-01
  1.599E+00  9.674E+00  1.795E+00  2.197E+00  6.702E-01  2.236E-01
  1.604E+00  9.668E+00  1.795E+00  2.196E+00  6.701E-01  2.235E-01
  1.610E+00  9.662E+00  1.794E+00  2.195E+00  6.700E-01  2.234E-01
  1.615E+00  9.657E+00  1.793E+00  2.193E+00  6.700E-01  2.232E-01
  1.621E+00  9.651E+00  1.792E+00  2.192E+00  6.699E-01  2.231E-01
  1.626E+00  9.645E+00  1.792E+00  2.191E+00  6.698E-01  2.230E-01
  1.632E+00  9.639E+00  1.791E+00  2.190E+00  6.698E-01  2.228E-01
  1.638E+00  9.634E+00  1.790E+00  2.189E+00  6.697E-01  2.227E-01
  1.643E+00  9.628E+00  1.789E+00  2.188E+00  6.696E-01  2.226E-01
  1.649E+00  9.622E+00  1.788E+00  2.186E+00  6.696E-01  2.224E-01
  1.654E+00  9.617E+00  1.788E+00  2.185E+00  6.695E-01  2.223E-01
  1.660E+00  9.611E+00  1.787E+00  2.184E+00  6.695E-01  2.222E-01
  1.666E+00  9.605E+00  1.786E+00  2.183E+00  6.694E-01  2.220E-01
  1.671E+00  9.599E+00  1.785E+00  2.181E+00  6.693E-01  2.219E-01
  1.677E+00  9.593E+00  1.784E+00  2.180E+00  6.693E-01  2.217E-01
  1.683E+00  9.588E+00  1.784E+00  2.179E+00  6.692E-01  2.216E-01
  1.688E+00  9.582E+00  1.783E+00  2.178E+00  6.692E-01  2.214E-01
  1.694E+00  9.576E+00  1.782E+00  2.176E+00  6.691E-01  2.213E-01
  1.700E+00  9.570E+00  1.781E+00  2.175E+00  6.691E-01  2.212E-01
  1.706E+00  9.565E+00  1.780E+00  2.174E+00  6.690E-01  2.210E-01
  1.712E+00  9.559E+00  1.779E+00  2.172E+00  6.689E-01  2.209E-01
  1.717E+00  9.553E+00  1.779E+00  2.171E+00  6.689E-01  2.207E-01
  1.723E+00  9.547E+00  1.778E+00  2.170E+00  6.688E-01  2.206E-01
  1.729E+00  9.541E+00  1.777E+00  2.169E+00  6.688E-01  2.204E-01
  1.735E+00  9.536E+00  1.776E+00  2.167E+00  6.687E-01  2.203E-01
  1.741E+00  9.530E+00  1.775E+00  2.166E+00  6.687E-01  2.201E-01
  1.747E+00  9.524E+00  1.774E+00  2.165E+00  6.686E-01  2.200E-01
  1.753E+00  9.518E+00  1.773E+00  2.163E+00  6.686E-01  2.198E-01
  1.759E+00  9.512E+00  1.773E+00  2.162E+00  6.685E-01  2.196E-01
  1.765E+00  9.506E+00  1.772E+00  2.160E+00  6.685E-01  2.195E-01
  1.771E+00  9.501E+00  1.771E+00  2.159E+00  6.685E-01  2.193E-01
  1.777E+00  9.495E+00  1.770E+00  2.158E+00  6.684E-01  2.192E-01
  1.783E+00  9.489E+00  1.769E+00  2.156E+00  6.684E-01  2.190E-01
  1.789E+00  9.483E+00  1.768E+00  2.155E+00  6.683E-01  2.189E-01
  1.795E+00  9.477E+00  1.767E+00  2.154E+00  6.683E-01  2.187E-01
  1.801E+00  9.472E+00  1.766E+00  2.152E+00  6.682E-01  2.185E-01
  1.807E+00  9.466E+00  1.765E+00  2.151E+00  6.682E-01  2.184E-01
  1.813E+00  9.460E+00  1.764E+00  2.149E+00  6.682E-01  2.182E-01
  1.820E+00  9.454E+00  1.763E+00  2.148E+00  6.681E-01  2.180E-01
  1.826E+00  9.448E+00  1.763E+00  2.147E+00  6.681E-01  2.179E-01
  1.832E+00  9.442E+00  1.762E+00  2.145E+00  6.680E-01  2.177E-01
  1.838E+00  9.437E+00  1.761E+00  2.144E+00  6.680E-01  2.175E-01
  1.845E+00  9.431E+00  1.760E+00  2.142E+00  6.680E-01  2.174E-01
  1.851E+00  9.425E+00  1.759E+00  2.141E+00  6.679E-01  2.172E-01
  1.857E+00  9.419E+00  1.758E+00  2.139E+00  6.679E-01  2.170E-01
  1.863E+00  9.413E+00  1.757E+00  2.138E+00  6.679E-01  2.169E-01
  1.870E+00  9.407E+00  1.756E+00  2.137E+00  6.678E-01  2.167E-01
  1.876E+00  9.401E+00  1.755E+00  2.135E+00  6.678E-01  2.165E-01
  1.883E+00  9.396E+00  1.754E+00  2.134E+00  6.678E-01  2.164E-01
  1.889E+00  9.390E+00  1.753E+00  2.132E+00  6.677E-01  2.162E-01
  1.895E+00  9.384E+00  1.752E+00  2.131E+00  6.677E-01  2.160E-01
  1.902E+00  9.378E+00  1.751E+00  2.129E+00  6.677E-01  2.158E-01
  1.908E+00  9.372E+00  1.750E+00  2.128E+00  6.676E-01  2.157E-01
  1.915E+00  9.366E+00  1.749E+00  2.126E+00  6.676E-01  2.155E-01
  1.921E+00  9.361E+00  1.748E+00  2.125E+00  6.676E-01  2.153E-01
  1.928E+00  9.355E+00  1.747E+00  2.123E+00  6.675E-01  2.151E-01
  1.935E+00  9.349E+00  1.746E+00  2.122E+00  6.675E-01  2.150E-01
  1.941E+00  9.343E+00  1.745E+00  2.120E+00  6.675E-01  2.148E-01
  1.948E+00  9.337E+00  1.744E+00  2.119E+00  6.675E-01  2.146E-01
  1.954E+00  9.331E+00  1.743E+00  2.117E+00  6.674E-01  2.144E-01
  1.961E+00  9.325E+00  1.742E+00  2.116E+00  6.674E-01  2.142E-01
  1.968E+00  9.320E+00  1.741E+00  2.114E+00  6.674E-01  2.141E-01
  1.974E+00  9.314E+00  1.740E+00  2.113E+00  6.674E-01  2.139E-01
  1.981E+00  9.308E+00  1.739E+00  2.111E+00  6.673E-01  2.137E-01
  1.988E+00  9.302E+00  1.738E+00  2.110E+00  6.673E-01  2.135E-01
  1.995E+00  9.296E+00  1.737E+00  2.108E+00  6.673E-01  2.133E-01
  2.001E+00  9.290E+00  1.736E+00  2.107E+00  6.673E-01  2.132E-01
  2.008E+00  9.284E+00  1.735E+00  2.105E+00  6.673E-01  2.130E-01
  2.015E+00  9.279E+00  1.734E+00  2.103E+00  6.672E-01  2.128E-01
  2.022E+00  9.273E+00  1.733E+00  2.102E+00  6.672E-01  2.126E-01
  2.029E+00  9.267E+00  1.732E+00  2.100E+00  6.672E-01  2.124E-01
  2.036E+00  9.261E+00  1.731E+00  2.099E+00  6.672E-01  2.122E-01
  2.043E+00  9.255E+00  1.730E+00  2.097E+00  6.672E-01  2.120E-01
  2.050E+00  9.249E+00  1.729E+00  2.096E+00  6.672E-01  2.118E-01
  2.057E+00  9.243E+00  1.728E+00  2.094E+00  6.671E-01  2.116E-01
  2.064E+00  9.237E+00  1.727E+00  2.092E+00  6.671E-01  2.114E-01
  2.071E+00  9.231E+00  1.726E+00  2.091E+00  6.671E-01  2.113E-01
  2.078E+00  9.226E+00  1.725E+00  2.089E+00  6.671E-01  2.111E-01
  2.085E+00  9.220E+00  1.724E+00  2.088E+00  6.671E-01  2.109E-01
  2.092E+00  9.214E+00  1.723E+00  2.086E+00  6.671E-01  2.107E-01
  2.099E+00  9.208E+00  1.722E+00  2.084E+00  6.671E-01  2.105E-01
  2.106E+00  9.202E+00  1.721E+00  2.083E+00  6.671E-01  2.103E-01
  2.113E+00  9.196E+00  1.720E+00  2.081E+00  6.671E-01  2.101E-01
  2.121E+00  9.190E+00  1.719E+00  2.079E+00  6.670E-01  2.099E-01
  2.128E+00  9.185E+00  1.718E+00  2.078E+00  6.670E-01  2.097E-01
  2.135E+00  9.179E+00  1.717E+00  2.076E+00  6.670E-01  2.095E-01
  2.142E+00  9.173E+00  1.716E+00  2.075E+00  6.670E-01  2.093E-01
  2.150E+00  9.167E+00  1.714E+00  2.073E+00  6.670E-01  2.091E-01
  2.157E+00  9.161E+00  1.713E+00  2.071E+00  6.670E-01  2.089E-01
  2.164E+00  9.155E+00  1.712E+00  2.070E+00  6.670E-01  2.087E-01
  2.172E+00  9.149E+00  1.711E+00  2.068E+00  6.670E-01  2.085E-01
  2.179E+00  9.144E+00  1.710E+00  2.066E+00  6.670E-01  2.083E-01
  2.187E+00  9.138E+00  1.709E+00  2.065E+00  6.670E-01  2.081E-01
  2.194E+00  9.132E+00  1.708E+00  2.063E+00  6.670E-01  2.079E-01
  2.201E+00  9.126E+00  1.707E+00  2.061E+00  6.670E-01  2.077E-01
  2.209E+00  9.120E+00  1.706E+00  2.060E+00  6.670E-01  2.075E-01
  2.216E+00  9.114E+00  1.705E+00  2.058E+00  6.670E-01  2.073E-01
  2.224E+00  9.109E+00  1.704E+00  2.056E+00  6.670E-01  2.071E-01
  2.232E+00  9.103E+00  1.703E+00  2.055E+00  6.670E-01  2.069E-01
  2.239E+00  9.097E+00  1.701E+00  2.053E+00  6.670E-01  2.066E-01
  2.247E+00  9.091E+00  1.700E+00  2.051E+00  6.670E-01  2.064E-01
  2.254E+00  9.085E+00  1.699E+00  2.050E+00  6.670E-01  2.062E-01
  2.262E+00  9.079E+00  1.698E+00  2.048E+00  6.670E-01  2.060E-01
  2.270E+00  9.074E+00  1.697E+00  2.046E+00  6.670E-01  2.058E-01
  2.278E+00  9.068E+00  1.696E+00  2.045E+00  6.670E-01  2.056E-01
  2.285E+00  9.062E+00  1.695E+00  2.043E+00  6.670E-01  2.054E-01
  2.293E+00  9.056E+00  1.694E+00  2.041E+00  6.670E-01  2.052E-01
  2.301E+00  9.050E+00  1.693E+00  2.040E+00  6.670E-01  2.050E-01
  2.309E+00  9.044E+00  1.692E+00  2.038E+00  6.670E-01  2.048E-01
  2.317E+00  9.039E+00  1.690E+00  2.036E+00  6.670E-01  2.045E-01
  2.325E+00  9.033E+00  1.689E+00  2.034E+00  6.670E-01  2.043E-01
  2.332E+00  9.027E+00  1.688E+00  2.033E+00  6.670E-01  2.041E-01
  2.340E+00  9.021E+00  1.687E+00  2.031E+00  6.671E-01  2.039E-01
  2.348E+00  9.015E+00  1.686E+00  2.029E+00  6.671E-01  2.037E-01
  2.356E+00  9.010E+00  1.685E+00  2.028E+00  6.671E-01  2.035E-01
  2.364E+00  9.004E+00  1.684E+00  2.026E+00  6.671E-01  2.032E-01
  2.372E+00  8.998E+00  1.683E+00  2.024E+00  6.671E-01  2.030E-01
  2.381E+00  8.992E+00  1.681E+00  2.022E+00  6.671E-01  2.028E-01
  2.389E+00  8.986E+00  1.680E+00  2.021E+00  6.671E-01  2.026E-01
  2.397E+00  8.980E+00  1.679E+00  2.019E+00  6.671E-01  2.024E-01
  2.405E+00  8.975E+00  1.678E+00  2.017E+00  6.671E-01  2.022E-01
  2.413E+00  8.969E+00  1.677E+00  2.015E+00  6.672E-01  2.019E-01
  2.421E+00  8.963E+00  1.676E+00  2.014E+00  6.672E-01  2.017E-01
  2.430E+00  8.957E+00  1.675E+00  2.012E+00  6.672E-01  2.015E-01
  2.438E+00  8.952E+00  1.673E+00  2.010E+00  6.672E-01  2.013E-01
  2.446E+00  8.946E+00  1.672E+00  2.008E+00  6.672E-01  2.011E-01
  2.455E+00  8.940E+00  1.671E+00  2.007E+00  6.672E-01  2.008E-01
  2.463E+00  8.934E+00  1.670E+00  2.005E+00  6.673E-01  2.006E-01
  2.471E+00  8.928E+00  1.669E+00  2.003E+00  6.673E-01  2.004E-01
  2.480E+00  8.923E+00  1.668E+00  2.001E+00  6.673E-01  2.002E-01
  2.488E+00  8.917E+00  1.667E+00  2.000E+00  6.673E-01  1.999E-01
  2.497E+00  8.911E+00  1.665E+00  1.998E+00  6.673E-01  1.997E-01
  2.505E+00  8.905E+00  1.664E+00  1.996E+00  6.674E-01  1.995E-01
  2.514E+00  8.900E+00  1.663E+00  1.994E+00  6.674E-01  1.993E-01
  2.522E+00  8.894E+00  1.662E+00  1.993E+00  6.674E-01  1.990E-01
  2.531E+00  8.888E+00  1.661E+00  1.991E+00  6.674E-01  1.988E-01
  2.539E+00  8.883E+00  1.660E+00  1.989E+00  6.674E-01  1.986E-01
  2.548E+00  8.877E+00  1.658E+00  1.987E+00  6.675E-01  1.984E-01
  2.557E+00  8.871E+00  1.657E+00  1.986E+00  6.675E-01  1.981E-01
  2.566E+00  8.865E+00  1.656E+00  1.984E+00  6.675E-01  1.979E-01
  2.574E+00  8.860E+00  1.655E+00  1.982E+00  6.675E-01  1.977E-01
  2.583E+00  8.854E+00  1.654E+00  1.980E+00  6.676E-01  1.975E-01
  2.592E+00  8.848E+00  1.653E+00  1.979E+00  6.676E-01  1.972E-01
  2.601E+00  8.842E+00  1.651E+00  1.977E+00  6.676E-01  1.970E-01
  2.610E+00  8.837E+00  1.650E+00  1.975E+00  6.676E-01  1.968E-01
  2.618E+00  8.831E+00  1.649E+00  1.973E+00  6.677E-01  1.965E-01
  2.627E+00  8.825E+00  1.648E+00  1.971E+00  6.677E-01  1.963E-01
  2.636E+00  8.820E+00  1.647E+00  1.970E+00  6.677E-01  1.961E-01
  2.645E+00  8.814E+00  1.645E+00  1.968E+00  6.678E-01  1.958E-01
  2.654E+00  8.808E+00  1.644E+00  1.966E+00  6.678E-01  1.956E-01
  2.663E+00  8.802E+00  1.643E+00  1.964E+00  6.678E-01  1.954E-01
  2.672E+00  8.797E+00  1.642E+00  1.962E+00  6.678E-01  1.951E-01
  2.682E+00  8.791E+00  1.641E+00  1.961E+00  6.679E-01  1.949E-01
  2.691E+00  8.785E+00  1.640E+00  1.959E+00  6.679E-01  1.947E-01
  2.700E+00  8.780E+00  1.638E+00  1.957E+00  6.679E-01  1.944E-01
  2.709E+00  8.774E+00  1.637E+00  1.955E+00  6.680E-01  1.942E-01
  2.718E+00  8.768E+00  1.636E+00  1.953E+00  6.680E-01  1.939E-01
  2.728E+00  8.763E+00  1.635E+00  1.951E+00  6.680E-01  1.937E-01
  2.737E+00  8.757E+00  1.634E+00  1.950E+00  6.681E-01  1.935E-01
  2.746E+00  8.751E+00  1.632E+00  1.948E+00  6.681E-01  1.932E-01
  2.755E+00  8.746E+00  1.631E+00  1.946E+00  6.681E-01  1.930E-01
  2.765E+00  8.740E+00  1.630E+00  1.944E+00  6.682E-01  1.927E-01
  2.774E+00  8.734E+00  1.629E+00  1.942E+00  6.682E-01  1.925E-01
  2.784E+00  8.729E+00  1.628E+00  1.941E+00  6.683E-01  1.923E-01
  2.793E+00  8.723E+00  1.626E+00  1.939E+00  6.683E-01  1.920E-01
  2.803E+00  8.717E+00  1.625E+00  1.937E+00  6.683E-01  1.918E-01
  2.812E+00  8.712E+00  1.624E+00  1.935E+00  6.684E-01  1.915E-01
  2.822E+00  8.706E+00  1.623E+00  1.933E+00  6.684E-01  1.913E-01
  2.831E+00  8.701E+00  1.622E+00  1.931E+00  6.684E-01  1.911E-01
  2.841E+00  8.695E+00  1.620E+00  1.930E+00  6.685E-01  1.908E-01
  2.851E+00  8.689E+00  1.619E+00  1.928E+00  6.685E-01  1.906E-01
  2.861E+00  8.684E+00  1.618E+00  1.926E+00  6.686E-01  1.903E-01
  2.870E+00  8.678E+00  1.617E+00  1.924E+00  6.686E-01  1.901E-01
  2.880E+00  8.673E+00  1.616E+00  1.922E+00  6.687E-01  1.899E-01
  2.890E+00  8.667E+00  1.614E+00  1.921E+00  6.687E-01  1.896E-01
  2.900E+00  8.661E+00  1.613E+00  1.919E+00  6.687E-01  1.894E-01
  2.910E+00  8.656E+00  1.612E+00  1.917E+00  6.688E-01  1.891E-01
  2.920E+00  8.650E+00  1.611E+00  1.915E+00  6.688E-01  1.889E-01
  2.929E+00  8.645E+00  1.610E+00  1.913E+00  6.689E-01  1.886E-01
  2.939E+00  8.639E+00  1.608E+00  1.911E+00  6.689E-01  1.884E-01
  2.949E+00  8.634E+00  1.607E+00  1.910E+00  6.690E-01  1.882E-01
  2.960E+00  8.628E+00  1.606E+00  1.908E+00  6.690E-01  1.879E-01
  2.970E+00  8.623E+00  1.605E+00  1.906E+00  6.690E-01  1.877E-01
  2.980E+00  8.617E+00  1.604E+00  1.904E+00  6.691E-01  1.874E-01
  2.990E+00  8.612E+00  1.602E+00  1.902E+00  6.691E-01  1.872E-01
  3.000E+00  8.606E+00  1.601E+00  1.900E+00  6.692E-01  1.869E-01
