 5 1000    <---- Wrong number !

       EOS file : /Users/dany/Work/NStar/eos/quark/strange_eos_00_155_150.dat 

    rhoc        rad    grav. mass   b. mass  red shift  % binding 

  3.508E-01  7.866E-01  5.942E-04  6.020E-04  9.989E-01  1.310E-02
  3.520E-01  1.329E+00  2.871E-03  2.912E-03  9.968E-01  1.437E-02
  3.532E-01  1.703E+00  6.050E-03  6.145E-03  9.947E-01  1.563E-02
  3.544E-01  2.005E+00  9.883E-03  1.005E-02  9.927E-01  1.689E-02
  3.556E-01  2.265E+00  1.426E-02  1.451E-02  9.906E-01  1.814E-02
  3.568E-01  2.495E+00  1.909E-02  1.946E-02  9.886E-01  1.939E-02
  3.580E-01  2.703E+00  2.432E-02  2.482E-02  9.866E-01  2.063E-02
  3.593E-01  2.894E+00  2.987E-02  3.053E-02  9.846E-01  2.187E-02
  3.605E-01  3.071E+00  3.573E-02  3.656E-02  9.826E-01  2.309E-02
  3.617E-01  3.237E+00  4.192E-02  4.294E-02  9.806E-01  2.432E-02
  3.629E-01  3.392E+00  4.829E-02  4.952E-02  9.786E-01  2.553E-02
  3.642E-01  3.539E+00  5.493E-02  5.640E-02  9.767E-01  2.674E-02
  3.654E-01  3.679E+00  6.180E-02  6.353E-02  9.748E-01  2.795E-02
  3.667E-01  3.812E+00  6.884E-02  7.085E-02  9.728E-01  2.915E-02
  3.679E-01  3.939E+00  7.604E-02  7.835E-02  9.709E-01  3.034E-02
  3.692E-01  4.060E+00  8.341E-02  8.604E-02  9.690E-01  3.152E-02
  3.704E-01  4.177E+00  9.094E-02  9.391E-02  9.672E-01  3.270E-02
  3.717E-01  4.289E+00  9.862E-02  1.020E-01  9.653E-01  3.388E-02
  3.729E-01  4.397E+00  1.064E-01  1.101E-01  9.634E-01  3.505E-02
  3.742E-01  4.501E+00  1.143E-01  1.184E-01  9.616E-01  3.620E-02
  3.755E-01  4.602E+00  1.223E-01  1.268E-01  9.598E-01  3.736E-02
  3.768E-01  4.699E+00  1.304E-01  1.354E-01  9.579E-01  3.851E-02
  3.781E-01  4.794E+00  1.386E-01  1.441E-01  9.561E-01  3.966E-02
  3.793E-01  4.885E+00  1.469E-01  1.529E-01  9.543E-01  4.080E-02
  3.806E-01  4.973E+00  1.552E-01  1.617E-01  9.526E-01  4.193E-02
  3.819E-01  5.060E+00  1.637E-01  1.707E-01  9.508E-01  4.306E-02
  3.832E-01  5.143E+00  1.722E-01  1.798E-01  9.490E-01  4.418E-02
  3.845E-01  5.225E+00  1.807E-01  1.889E-01  9.473E-01  4.529E-02
  3.859E-01  5.304E+00  1.894E-01  1.981E-01  9.455E-01  4.641E-02
  3.872E-01  5.381E+00  1.980E-01  2.074E-01  9.438E-01  4.751E-02
  3.885E-01  5.456E+00  2.067E-01  2.167E-01  9.421E-01  4.861E-02
  3.898E-01  5.530E+00  2.154E-01  2.261E-01  9.404E-01  4.971E-02
  3.911E-01  5.601E+00  2.242E-01  2.356E-01  9.387E-01  5.079E-02
  3.925E-01  5.671E+00  2.330E-01  2.451E-01  9.370E-01  5.189E-02
  3.938E-01  5.739E+00  2.418E-01  2.546E-01  9.354E-01  5.296E-02
  3.951E-01  5.806E+00  2.508E-01  2.643E-01  9.337E-01  5.404E-02
  3.965E-01  5.870E+00  2.595E-01  2.738E-01  9.321E-01  5.510E-02
  3.978E-01  5.935E+00  2.685E-01  2.836E-01  9.304E-01  5.617E-02
  3.992E-01  5.996E+00  2.774E-01  2.932E-01  9.288E-01  5.722E-02
  4.006E-01  6.058E+00  2.864E-01  3.030E-01  9.272E-01  5.828E-02
  4.019E-01  6.117E+00  2.952E-01  3.127E-01  9.256E-01  5.931E-02
  4.033E-01  6.175E+00  3.042E-01  3.226E-01  9.240E-01  6.036E-02
  4.047E-01  6.232E+00  3.131E-01  3.324E-01  9.224E-01  6.139E-02
  4.060E-01  6.288E+00  3.221E-01  3.422E-01  9.209E-01  6.242E-02
  4.074E-01  6.343E+00  3.311E-01  3.521E-01  9.193E-01  6.345E-02
  4.088E-01  6.396E+00  3.399E-01  3.619E-01  9.177E-01  6.447E-02
  4.102E-01  6.449E+00  3.490E-01  3.719E-01  9.162E-01  6.549E-02
  4.116E-01  6.500E+00  3.578E-01  3.816E-01  9.147E-01  6.649E-02
  4.130E-01  6.551E+00  3.668E-01  3.915E-01  9.131E-01  6.750E-02
  4.144E-01  6.601E+00  3.757E-01  4.015E-01  9.116E-01  6.850E-02
  4.158E-01  6.649E+00  3.846E-01  4.113E-01  9.101E-01  6.949E-02
  4.172E-01  6.697E+00  3.936E-01  4.213E-01  9.086E-01  7.049E-02
  4.187E-01  6.743E+00  4.023E-01  4.311E-01  9.071E-01  7.147E-02
  4.201E-01  6.789E+00  4.112E-01  4.410E-01  9.057E-01  7.245E-02
  4.215E-01  6.835E+00  4.201E-01  4.510E-01  9.042E-01  7.343E-02
  4.230E-01  6.879E+00  4.289E-01  4.608E-01  9.027E-01  7.439E-02
  4.244E-01  6.922E+00  4.377E-01  4.707E-01  9.013E-01  7.536E-02
  4.258E-01  6.965E+00  4.465E-01  4.806E-01  8.998E-01  7.633E-02
  4.273E-01  7.007E+00  4.552E-01  4.904E-01  8.984E-01  7.727E-02
  4.288E-01  7.048E+00  4.640E-01  5.003E-01  8.970E-01  7.823E-02
  4.302E-01  7.089E+00  4.727E-01  5.102E-01  8.956E-01  7.918E-02
  4.317E-01  7.128E+00  4.813E-01  5.199E-01  8.942E-01  8.011E-02
  4.332E-01  7.168E+00  4.900E-01  5.298E-01  8.928E-01  8.105E-02
  4.346E-01  7.206E+00  4.987E-01  5.396E-01  8.914E-01  8.199E-02
  4.361E-01  7.244E+00  5.072E-01  5.493E-01  8.900E-01  8.291E-02
  4.376E-01  7.281E+00  5.158E-01  5.591E-01  8.887E-01  8.383E-02
  4.391E-01  7.318E+00  5.245E-01  5.689E-01  8.873E-01  8.476E-02
  4.406E-01  7.353E+00  5.329E-01  5.785E-01  8.860E-01  8.566E-02
  4.421E-01  7.389E+00  5.414E-01  5.882E-01  8.846E-01  8.657E-02
  4.436E-01  7.424E+00  5.499E-01  5.980E-01  8.833E-01  8.748E-02
  4.451E-01  7.457E+00  5.583E-01  6.076E-01  8.819E-01  8.837E-02
  4.466E-01  7.491E+00  5.666E-01  6.172E-01  8.806E-01  8.926E-02
  4.481E-01  7.524E+00  5.750E-01  6.269E-01  8.793E-01  9.016E-02
  4.497E-01  7.557E+00  5.834E-01  6.365E-01  8.780E-01  9.105E-02
  4.512E-01  7.588E+00  5.916E-01  6.459E-01  8.767E-01  9.192E-02
  4.527E-01  7.620E+00  5.998E-01  6.555E-01  8.754E-01  9.280E-02
  4.543E-01  7.651E+00  6.082E-01  6.651E-01  8.741E-01  9.368E-02
  4.558E-01  7.682E+00  6.162E-01  6.745E-01  8.729E-01  9.454E-02
  4.574E-01  7.711E+00  6.243E-01  6.839E-01  8.716E-01  9.539E-02
  4.589E-01  7.741E+00  6.325E-01  6.934E-01  8.703E-01  9.626E-02
  4.605E-01  7.770E+00  6.406E-01  7.028E-01  8.691E-01  9.712E-02
  4.621E-01  7.799E+00  6.485E-01  7.121E-01  8.679E-01  9.796E-02
  4.636E-01  7.827E+00  6.565E-01  7.214E-01  8.666E-01  9.880E-02
  4.652E-01  7.855E+00  6.645E-01  7.308E-01  8.654E-01  9.965E-02
  4.668E-01  7.882E+00  6.725E-01  7.400E-01  8.642E-01  1.005E-01
  4.684E-01  7.909E+00  6.803E-01  7.492E-01  8.630E-01  1.013E-01
  4.700E-01  7.935E+00  6.881E-01  7.584E-01  8.618E-01  1.021E-01
  4.716E-01  7.961E+00  6.960E-01  7.676E-01  8.605E-01  1.030E-01
  4.732E-01  7.987E+00  7.037E-01  7.767E-01  8.594E-01  1.038E-01
  4.748E-01  8.012E+00  7.114E-01  7.858E-01  8.582E-01  1.046E-01
  4.764E-01  8.037E+00  7.190E-01  7.948E-01  8.570E-01  1.054E-01
  4.781E-01  8.061E+00  7.267E-01  8.039E-01  8.558E-01  1.062E-01
  4.797E-01  8.086E+00  7.343E-01  8.129E-01  8.547E-01  1.070E-01
  4.813E-01  8.109E+00  7.418E-01  8.218E-01  8.535E-01  1.078E-01
  4.830E-01  8.132E+00  7.493E-01  8.307E-01  8.524E-01  1.086E-01
  4.846E-01  8.156E+00  7.568E-01  8.396E-01  8.512E-01  1.094E-01
  4.863E-01  8.179E+00  7.643E-01  8.486E-01  8.501E-01  1.102E-01
  4.879E-01  8.201E+00  7.716E-01  8.573E-01  8.490E-01  1.110E-01
  4.896E-01  8.222E+00  7.790E-01  8.660E-01  8.478E-01  1.117E-01
  4.912E-01  8.244E+00  7.863E-01  8.747E-01  8.467E-01  1.125E-01
  4.929E-01  8.266E+00  7.936E-01  8.835E-01  8.456E-01  1.133E-01
  4.946E-01  8.287E+00  8.008E-01  8.922E-01  8.445E-01  1.140E-01
  4.963E-01  8.307E+00  8.080E-01  9.007E-01  8.434E-01  1.148E-01
  4.980E-01  8.328E+00  8.151E-01  9.093E-01  8.423E-01  1.156E-01
  4.997E-01  8.348E+00  8.222E-01  9.179E-01  8.412E-01  1.163E-01
  5.014E-01  8.368E+00  8.294E-01  9.265E-01  8.401E-01  1.171E-01
  5.031E-01  8.387E+00  8.363E-01  9.348E-01  8.391E-01  1.178E-01
  5.048E-01  8.406E+00  8.432E-01  9.432E-01  8.380E-01  1.185E-01
  5.065E-01  8.425E+00  8.502E-01  9.516E-01  8.370E-01  1.193E-01
  5.082E-01  8.444E+00  8.571E-01  9.600E-01  8.359E-01  1.200E-01
  5.100E-01  8.462E+00  8.640E-01  9.684E-01  8.348E-01  1.208E-01
  5.117E-01  8.480E+00  8.708E-01  9.765E-01  8.338E-01  1.215E-01
  5.134E-01  8.498E+00  8.775E-01  9.847E-01  8.328E-01  1.222E-01
  5.152E-01  8.515E+00  8.842E-01  9.929E-01  8.317E-01  1.229E-01
  5.170E-01  8.533E+00  8.910E-01  1.001E+00  8.307E-01  1.236E-01
  5.187E-01  8.550E+00  8.976E-01  1.009E+00  8.297E-01  1.243E-01
  5.205E-01  8.567E+00  9.042E-01  1.017E+00  8.287E-01  1.250E-01
  5.223E-01  8.583E+00  9.107E-01  1.025E+00  8.277E-01  1.257E-01
  5.240E-01  8.599E+00  9.172E-01  1.033E+00  8.267E-01  1.264E-01
  5.258E-01  8.615E+00  9.238E-01  1.041E+00  8.257E-01  1.271E-01
  5.276E-01  8.631E+00  9.303E-01  1.049E+00  8.247E-01  1.278E-01
  5.294E-01  8.647E+00  9.366E-01  1.057E+00  8.237E-01  1.285E-01
  5.312E-01  8.662E+00  9.429E-01  1.065E+00  8.227E-01  1.292E-01
  5.330E-01  8.677E+00  9.492E-01  1.073E+00  8.218E-01  1.299E-01
  5.348E-01  8.692E+00  9.555E-01  1.080E+00  8.208E-01  1.305E-01
  5.367E-01  8.707E+00  9.619E-01  1.088E+00  8.198E-01  1.312E-01
  5.385E-01  8.721E+00  9.680E-01  1.096E+00  8.189E-01  1.319E-01
  5.403E-01  8.735E+00  9.741E-01  1.103E+00  8.179E-01  1.325E-01
  5.422E-01  8.749E+00  9.802E-01  1.111E+00  8.170E-01  1.332E-01
  5.440E-01  8.763E+00  9.863E-01  1.118E+00  8.161E-01  1.339E-01
  5.459E-01  8.776E+00  9.924E-01  1.126E+00  8.151E-01  1.345E-01
  5.477E-01  8.790E+00  9.984E-01  1.133E+00  8.142E-01  1.352E-01
  5.496E-01  8.803E+00  1.004E+00  1.141E+00  8.133E-01  1.358E-01
  5.515E-01  8.816E+00  1.010E+00  1.148E+00  8.123E-01  1.365E-01
  5.533E-01  8.829E+00  1.016E+00  1.155E+00  8.114E-01  1.371E-01
  5.552E-01  8.841E+00  1.022E+00  1.163E+00  8.105E-01  1.377E-01
  5.571E-01  8.854E+00  1.028E+00  1.170E+00  8.096E-01  1.384E-01
  5.590E-01  8.866E+00  1.033E+00  1.177E+00  8.087E-01  1.390E-01
  5.609E-01  8.878E+00  1.039E+00  1.184E+00  8.078E-01  1.396E-01
  5.628E-01  8.889E+00  1.045E+00  1.191E+00  8.069E-01  1.402E-01
  5.648E-01  8.901E+00  1.050E+00  1.198E+00  8.061E-01  1.409E-01
  5.667E-01  8.912E+00  1.056E+00  1.206E+00  8.052E-01  1.415E-01
  5.686E-01  8.924E+00  1.062E+00  1.213E+00  8.043E-01  1.421E-01
  5.705E-01  8.935E+00  1.067E+00  1.219E+00  8.034E-01  1.427E-01
  5.725E-01  8.946E+00  1.073E+00  1.226E+00  8.026E-01  1.433E-01
  5.744E-01  8.956E+00  1.078E+00  1.233E+00  8.017E-01  1.439E-01
  5.764E-01  8.967E+00  1.083E+00  1.240E+00  8.009E-01  1.445E-01
  5.784E-01  8.977E+00  1.089E+00  1.247E+00  8.000E-01  1.451E-01
  5.803E-01  8.988E+00  1.094E+00  1.254E+00  7.991E-01  1.457E-01
  5.823E-01  8.998E+00  1.100E+00  1.260E+00  7.983E-01  1.463E-01
  5.843E-01  9.008E+00  1.105E+00  1.267E+00  7.975E-01  1.468E-01
  5.863E-01  9.017E+00  1.110E+00  1.274E+00  7.967E-01  1.474E-01
  5.883E-01  9.027E+00  1.115E+00  1.280E+00  7.958E-01  1.480E-01
  5.903E-01  9.036E+00  1.120E+00  1.287E+00  7.950E-01  1.486E-01
  5.923E-01  9.046E+00  1.125E+00  1.293E+00  7.942E-01  1.492E-01
  5.943E-01  9.055E+00  1.131E+00  1.300E+00  7.934E-01  1.497E-01
  5.963E-01  9.064E+00  1.136E+00  1.306E+00  7.926E-01  1.503E-01
  5.984E-01  9.073E+00  1.140E+00  1.313E+00  7.918E-01  1.508E-01
  6.004E-01  9.081E+00  1.145E+00  1.319E+00  7.910E-01  1.514E-01
  6.025E-01  9.090E+00  1.150E+00  1.325E+00  7.902E-01  1.519E-01
  6.045E-01  9.098E+00  1.155E+00  1.332E+00  7.894E-01  1.525E-01
  6.066E-01  9.107E+00  1.160E+00  1.338E+00  7.886E-01  1.530E-01
  6.086E-01  9.115E+00  1.165E+00  1.344E+00  7.878E-01  1.536E-01
  6.107E-01  9.123E+00  1.170E+00  1.350E+00  7.870E-01  1.541E-01
  6.128E-01  9.130E+00  1.174E+00  1.356E+00  7.863E-01  1.547E-01
  6.149E-01  9.138E+00  1.179E+00  1.362E+00  7.855E-01  1.552E-01
  6.170E-01  9.146E+00  1.184E+00  1.368E+00  7.847E-01  1.557E-01
  6.191E-01  9.153E+00  1.189E+00  1.374E+00  7.840E-01  1.563E-01
  6.212E-01  9.161E+00  1.193E+00  1.380E+00  7.832E-01  1.568E-01
  6.233E-01  9.168E+00  1.198E+00  1.386E+00  7.825E-01  1.573E-01
  6.254E-01  9.175E+00  1.202E+00  1.392E+00  7.817E-01  1.578E-01
  6.276E-01  9.182E+00  1.207E+00  1.398E+00  7.810E-01  1.583E-01
  6.297E-01  9.188E+00  1.211E+00  1.404E+00  7.802E-01  1.588E-01
  6.318E-01  9.195E+00  1.216E+00  1.409E+00  7.795E-01  1.594E-01
  6.340E-01  9.202E+00  1.220E+00  1.415E+00  7.787E-01  1.599E-01
  6.361E-01  9.208E+00  1.224E+00  1.421E+00  7.780E-01  1.604E-01
  6.383E-01  9.214E+00  1.229E+00  1.426E+00  7.773E-01  1.609E-01
  6.405E-01  9.221E+00  1.233E+00  1.432E+00  7.766E-01  1.614E-01
  6.427E-01  9.227E+00  1.237E+00  1.438E+00  7.759E-01  1.618E-01
  6.449E-01  9.233E+00  1.242E+00  1.443E+00  7.752E-01  1.623E-01
  6.471E-01  9.238E+00  1.246E+00  1.449E+00  7.745E-01  1.628E-01
  6.493E-01  9.244E+00  1.250E+00  1.454E+00  7.737E-01  1.633E-01
  6.515E-01  9.250E+00  1.254E+00  1.460E+00  7.730E-01  1.638E-01
  6.537E-01  9.255E+00  1.258E+00  1.465E+00  7.723E-01  1.643E-01
  6.559E-01  9.261E+00  1.262E+00  1.470E+00  7.717E-01  1.647E-01
  6.582E-01  9.266E+00  1.266E+00  1.475E+00  7.710E-01  1.652E-01
  6.604E-01  9.271E+00  1.270E+00  1.481E+00  7.703E-01  1.657E-01
  6.626E-01  9.276E+00  1.274E+00  1.486E+00  7.696E-01  1.661E-01
  6.649E-01  9.281E+00  1.278E+00  1.491E+00  7.689E-01  1.666E-01
  6.672E-01  9.286E+00  1.282E+00  1.496E+00  7.682E-01  1.671E-01
  6.694E-01  9.291E+00  1.286E+00  1.502E+00  7.676E-01  1.675E-01
  6.717E-01  9.296E+00  1.290E+00  1.507E+00  7.669E-01  1.680E-01
  6.740E-01  9.300E+00  1.294E+00  1.512E+00  7.663E-01  1.684E-01
  6.763E-01  9.305E+00  1.297E+00  1.517E+00  7.656E-01  1.689E-01
  6.786E-01  9.309E+00  1.301E+00  1.522E+00  7.649E-01  1.693E-01
  6.809E-01  9.314E+00  1.305E+00  1.527E+00  7.643E-01  1.698E-01
  6.832E-01  9.318E+00  1.309E+00  1.532E+00  7.636E-01  1.702E-01
  6.856E-01  9.322E+00  1.312E+00  1.536E+00  7.630E-01  1.706E-01
  6.879E-01  9.326E+00  1.316E+00  1.541E+00  7.623E-01  1.711E-01
  6.903E-01  9.330E+00  1.320E+00  1.546E+00  7.617E-01  1.715E-01
  6.926E-01  9.334E+00  1.323E+00  1.551E+00  7.611E-01  1.719E-01
  6.950E-01  9.337E+00  1.327E+00  1.555E+00  7.604E-01  1.724E-01
  6.973E-01  9.341E+00  1.330E+00  1.560E+00  7.598E-01  1.728E-01
  6.997E-01  9.345E+00  1.334E+00  1.565E+00  7.592E-01  1.732E-01
  7.021E-01  9.348E+00  1.337E+00  1.569E+00  7.586E-01  1.736E-01
  7.045E-01  9.351E+00  1.341E+00  1.574E+00  7.579E-01  1.740E-01
  7.069E-01  9.355E+00  1.344E+00  1.579E+00  7.573E-01  1.744E-01
  7.093E-01  9.358E+00  1.347E+00  1.583E+00  7.567E-01  1.749E-01
  7.117E-01  9.361E+00  1.351E+00  1.588E+00  7.561E-01  1.753E-01
  7.141E-01  9.364E+00  1.354E+00  1.592E+00  7.555E-01  1.757E-01
  7.166E-01  9.367E+00  1.357E+00  1.596E+00  7.549E-01  1.761E-01
  7.190E-01  9.370E+00  1.361E+00  1.601E+00  7.543E-01  1.765E-01
  7.215E-01  9.373E+00  1.364E+00  1.605E+00  7.537E-01  1.769E-01
  7.239E-01  9.375E+00  1.367E+00  1.610E+00  7.531E-01  1.773E-01
  7.264E-01  9.378E+00  1.370E+00  1.614E+00  7.525E-01  1.776E-01
  7.289E-01  9.381E+00  1.373E+00  1.618E+00  7.520E-01  1.780E-01
  7.313E-01  9.383E+00  1.377E+00  1.622E+00  7.514E-01  1.784E-01
  7.338E-01  9.386E+00  1.380E+00  1.626E+00  7.508E-01  1.788E-01
  7.363E-01  9.388E+00  1.383E+00  1.631E+00  7.502E-01  1.792E-01
  7.388E-01  9.390E+00  1.386E+00  1.635E+00  7.496E-01  1.795E-01
  7.414E-01  9.392E+00  1.389E+00  1.639E+00  7.491E-01  1.799E-01
  7.439E-01  9.394E+00  1.392E+00  1.643E+00  7.485E-01  1.803E-01
  7.464E-01  9.396E+00  1.395E+00  1.647E+00  7.479E-01  1.807E-01
  7.490E-01  9.398E+00  1.398E+00  1.651E+00  7.474E-01  1.810E-01
  7.515E-01  9.400E+00  1.401E+00  1.655E+00  7.468E-01  1.814E-01
  7.541E-01  9.402E+00  1.404E+00  1.659E+00  7.463E-01  1.817E-01
  7.566E-01  9.404E+00  1.406E+00  1.663E+00  7.457E-01  1.821E-01
  7.592E-01  9.406E+00  1.409E+00  1.666E+00  7.452E-01  1.825E-01
  7.618E-01  9.407E+00  1.412E+00  1.670E+00  7.446E-01  1.828E-01
  7.644E-01  9.409E+00  1.415E+00  1.674E+00  7.441E-01  1.832E-01
  7.670E-01  9.410E+00  1.418E+00  1.678E+00  7.435E-01  1.835E-01
  7.696E-01  9.412E+00  1.420E+00  1.682E+00  7.430E-01  1.838E-01
  7.722E-01  9.413E+00  1.423E+00  1.685E+00  7.425E-01  1.842E-01
  7.749E-01  9.414E+00  1.426E+00  1.689E+00  7.419E-01  1.845E-01
  7.775E-01  9.416E+00  1.428E+00  1.693E+00  7.414E-01  1.849E-01
  7.802E-01  9.417E+00  1.431E+00  1.696E+00  7.409E-01  1.852E-01
  7.828E-01  9.418E+00  1.434E+00  1.700E+00  7.404E-01  1.855E-01
  7.855E-01  9.419E+00  1.436E+00  1.703E+00  7.398E-01  1.859E-01
  7.882E-01  9.420E+00  1.439E+00  1.707E+00  7.393E-01  1.862E-01
  7.908E-01  9.421E+00  1.441E+00  1.710E+00  7.388E-01  1.865E-01
  7.935E-01  9.421E+00  1.444E+00  1.714E+00  7.383E-01  1.868E-01
  7.962E-01  9.422E+00  1.446E+00  1.717E+00  7.378E-01  1.872E-01
  7.990E-01  9.423E+00  1.449E+00  1.721E+00  7.373E-01  1.875E-01
  8.017E-01  9.424E+00  1.451E+00  1.724E+00  7.368E-01  1.878E-01
  8.044E-01  9.424E+00  1.454E+00  1.727E+00  7.363E-01  1.881E-01
  8.072E-01  9.425E+00  1.456E+00  1.731E+00  7.358E-01  1.884E-01
  8.099E-01  9.425E+00  1.459E+00  1.734E+00  7.353E-01  1.887E-01
  8.127E-01  9.426E+00  1.461E+00  1.737E+00  7.348E-01  1.890E-01
  8.154E-01  9.426E+00  1.463E+00  1.740E+00  7.343E-01  1.893E-01
  8.182E-01  9.426E+00  1.466E+00  1.744E+00  7.338E-01  1.896E-01
  8.210E-01  9.427E+00  1.468E+00  1.747E+00  7.334E-01  1.899E-01
  8.238E-01  9.427E+00  1.470E+00  1.750E+00  7.329E-01  1.902E-01
  8.266E-01  9.427E+00  1.472E+00  1.753E+00  7.324E-01  1.905E-01
  8.294E-01  9.427E+00  1.475E+00  1.756E+00  7.319E-01  1.908E-01
  8.322E-01  9.427E+00  1.477E+00  1.759E+00  7.315E-01  1.911E-01
  8.351E-01  9.427E+00  1.479E+00  1.762E+00  7.310E-01  1.914E-01
  8.379E-01  9.427E+00  1.481E+00  1.765E+00  7.305E-01  1.917E-01
  8.408E-01  9.427E+00  1.483E+00  1.768E+00  7.301E-01  1.919E-01
  8.436E-01  9.427E+00  1.485E+00  1.771E+00  7.296E-01  1.922E-01
  8.465E-01  9.427E+00  1.488E+00  1.774E+00  7.291E-01  1.925E-01
  8.494E-01  9.426E+00  1.490E+00  1.777E+00  7.287E-01  1.928E-01
  8.523E-01  9.426E+00  1.492E+00  1.780E+00  7.282E-01  1.930E-01
  8.552E-01  9.426E+00  1.494E+00  1.782E+00  7.278E-01  1.933E-01
  8.581E-01  9.425E+00  1.496E+00  1.785E+00  7.273E-01  1.936E-01
  8.610E-01  9.425E+00  1.498E+00  1.788E+00  7.269E-01  1.938E-01
  8.640E-01  9.424E+00  1.500E+00  1.791E+00  7.264E-01  1.941E-01
  8.669E-01  9.424E+00  1.502E+00  1.794E+00  7.260E-01  1.944E-01
  8.699E-01  9.423E+00  1.504E+00  1.796E+00  7.255E-01  1.946E-01
  8.728E-01  9.423E+00  1.505E+00  1.799E+00  7.251E-01  1.949E-01
  8.758E-01  9.422E+00  1.507E+00  1.802E+00  7.247E-01  1.951E-01
  8.788E-01  9.421E+00  1.509E+00  1.804E+00  7.242E-01  1.954E-01
  8.818E-01  9.420E+00  1.511E+00  1.807E+00  7.238E-01  1.956E-01
  8.848E-01  9.420E+00  1.513E+00  1.809E+00  7.234E-01  1.959E-01
  8.878E-01  9.419E+00  1.515E+00  1.812E+00  7.230E-01  1.961E-01
  8.908E-01  9.418E+00  1.517E+00  1.814E+00  7.225E-01  1.964E-01
  8.939E-01  9.417E+00  1.518E+00  1.817E+00  7.221E-01  1.966E-01
  8.969E-01  9.416E+00  1.520E+00  1.819E+00  7.217E-01  1.968E-01
  9.000E-01  9.415E+00  1.522E+00  1.822E+00  7.213E-01  1.971E-01
  9.030E-01  9.414E+00  1.524E+00  1.824E+00  7.209E-01  1.973E-01
  9.061E-01  9.412E+00  1.525E+00  1.826E+00  7.205E-01  1.975E-01
  9.092E-01  9.411E+00  1.527E+00  1.829E+00  7.201E-01  1.978E-01
  9.123E-01  9.410E+00  1.529E+00  1.831E+00  7.196E-01  1.980E-01
  9.154E-01  9.409E+00  1.530E+00  1.833E+00  7.192E-01  1.982E-01
  9.185E-01  9.408E+00  1.532E+00  1.836E+00  7.188E-01  1.984E-01
  9.216E-01  9.406E+00  1.533E+00  1.838E+00  7.184E-01  1.987E-01
  9.248E-01  9.405E+00  1.535E+00  1.840E+00  7.180E-01  1.989E-01
  9.279E-01  9.403E+00  1.537E+00  1.843E+00  7.176E-01  1.991E-01
  9.311E-01  9.402E+00  1.538E+00  1.845E+00  7.172E-01  1.993E-01
  9.343E-01  9.401E+00  1.540E+00  1.847E+00  7.169E-01  1.995E-01
  9.375E-01  9.399E+00  1.541E+00  1.849E+00  7.165E-01  1.997E-01
  9.406E-01  9.397E+00  1.543E+00  1.851E+00  7.161E-01  1.999E-01
  9.439E-01  9.396E+00  1.544E+00  1.853E+00  7.157E-01  2.001E-01
  9.471E-01  9.394E+00  1.546E+00  1.855E+00  7.153E-01  2.003E-01
  9.503E-01  9.392E+00  1.547E+00  1.857E+00  7.149E-01  2.005E-01
  9.535E-01  9.391E+00  1.548E+00  1.859E+00  7.146E-01  2.007E-01
  9.568E-01  9.389E+00  1.550E+00  1.861E+00  7.142E-01  2.009E-01
  9.600E-01  9.387E+00  1.551E+00  1.863E+00  7.138E-01  2.011E-01
  9.633E-01  9.385E+00  1.553E+00  1.865E+00  7.134E-01  2.013E-01
  9.666E-01  9.384E+00  1.554E+00  1.867E+00  7.131E-01  2.015E-01
  9.699E-01  9.382E+00  1.555E+00  1.869E+00  7.127E-01  2.017E-01
  9.732E-01  9.380E+00  1.557E+00  1.871E+00  7.123E-01  2.019E-01
  9.765E-01  9.378E+00  1.558E+00  1.873E+00  7.120E-01  2.021E-01
  9.798E-01  9.376E+00  1.559E+00  1.875E+00  7.116E-01  2.022E-01
  9.832E-01  9.374E+00  1.561E+00  1.876E+00  7.113E-01  2.024E-01
  9.865E-01  9.372E+00  1.562E+00  1.878E+00  7.109E-01  2.026E-01
  9.899E-01  9.370E+00  1.563E+00  1.880E+00  7.105E-01  2.028E-01
  9.933E-01  9.367E+00  1.564E+00  1.882E+00  7.102E-01  2.030E-01
  9.966E-01  9.365E+00  1.565E+00  1.883E+00  7.098E-01  2.031E-01
  1.000E+00  9.363E+00  1.567E+00  1.885E+00  7.095E-01  2.033E-01
  1.003E+00  9.361E+00  1.568E+00  1.887E+00  7.092E-01  2.035E-01
  1.007E+00  9.359E+00  1.569E+00  1.889E+00  7.088E-01  2.036E-01
  1.010E+00  9.357E+00  1.570E+00  1.890E+00  7.085E-01  2.038E-01
  1.014E+00  9.354E+00  1.571E+00  1.892E+00  7.081E-01  2.040E-01
  1.017E+00  9.352E+00  1.572E+00  1.893E+00  7.078E-01  2.041E-01
  1.021E+00  9.350E+00  1.574E+00  1.895E+00  7.074E-01  2.043E-01
  1.024E+00  9.347E+00  1.575E+00  1.897E+00  7.071E-01  2.044E-01
  1.028E+00  9.345E+00  1.576E+00  1.898E+00  7.068E-01  2.046E-01
  1.031E+00  9.342E+00  1.577E+00  1.900E+00  7.065E-01  2.047E-01
  1.035E+00  9.340E+00  1.578E+00  1.901E+00  7.061E-01  2.049E-01
  1.038E+00  9.337E+00  1.579E+00  1.903E+00  7.058E-01  2.050E-01
  1.042E+00  9.335E+00  1.580E+00  1.904E+00  7.055E-01  2.052E-01
  1.045E+00  9.332E+00  1.581E+00  1.905E+00  7.052E-01  2.053E-01
  1.049E+00  9.329E+00  1.582E+00  1.907E+00  7.048E-01  2.055E-01
  1.052E+00  9.327E+00  1.583E+00  1.908E+00  7.045E-01  2.056E-01
  1.056E+00  9.324E+00  1.584E+00  1.910E+00  7.042E-01  2.058E-01
  1.060E+00  9.322E+00  1.585E+00  1.911E+00  7.039E-01  2.059E-01
  1.063E+00  9.319E+00  1.586E+00  1.912E+00  7.036E-01  2.060E-01
  1.067E+00  9.316E+00  1.586E+00  1.914E+00  7.033E-01  2.062E-01
  1.070E+00  9.313E+00  1.587E+00  1.915E+00  7.029E-01  2.063E-01
  1.074E+00  9.311E+00  1.588E+00  1.916E+00  7.026E-01  2.064E-01
  1.078E+00  9.308E+00  1.589E+00  1.917E+00  7.023E-01  2.066E-01
  1.081E+00  9.305E+00  1.590E+00  1.919E+00  7.020E-01  2.067E-01
  1.085E+00  9.302E+00  1.591E+00  1.920E+00  7.017E-01  2.068E-01
  1.089E+00  9.299E+00  1.592E+00  1.921E+00  7.014E-01  2.069E-01
  1.092E+00  9.296E+00  1.592E+00  1.922E+00  7.011E-01  2.070E-01
  1.096E+00  9.293E+00  1.593E+00  1.923E+00  7.008E-01  2.072E-01
  1.100E+00  9.290E+00  1.594E+00  1.924E+00  7.005E-01  2.073E-01
  1.104E+00  9.287E+00  1.595E+00  1.926E+00  7.002E-01  2.074E-01
  1.107E+00  9.284E+00  1.596E+00  1.927E+00  7.000E-01  2.075E-01
  1.111E+00  9.281E+00  1.596E+00  1.928E+00  6.997E-01  2.076E-01
  1.115E+00  9.278E+00  1.597E+00  1.929E+00  6.994E-01  2.077E-01
  1.119E+00  9.275E+00  1.598E+00  1.930E+00  6.991E-01  2.078E-01
  1.123E+00  9.272E+00  1.598E+00  1.931E+00  6.988E-01  2.080E-01
  1.126E+00  9.269E+00  1.599E+00  1.932E+00  6.985E-01  2.081E-01
  1.130E+00  9.266E+00  1.600E+00  1.933E+00  6.982E-01  2.082E-01
  1.134E+00  9.263E+00  1.601E+00  1.934E+00  6.980E-01  2.083E-01
  1.138E+00  9.260E+00  1.601E+00  1.935E+00  6.977E-01  2.084E-01
  1.142E+00  9.256E+00  1.602E+00  1.936E+00  6.974E-01  2.085E-01
  1.146E+00  9.253E+00  1.602E+00  1.937E+00  6.971E-01  2.086E-01
  1.150E+00  9.250E+00  1.603E+00  1.938E+00  6.969E-01  2.086E-01
  1.154E+00  9.247E+00  1.604E+00  1.938E+00  6.966E-01  2.087E-01
  1.158E+00  9.243E+00  1.604E+00  1.939E+00  6.963E-01  2.088E-01
  1.161E+00  9.240E+00  1.605E+00  1.940E+00  6.961E-01  2.089E-01
  1.165E+00  9.237E+00  1.605E+00  1.941E+00  6.958E-01  2.090E-01
  1.169E+00  9.233E+00  1.606E+00  1.942E+00  6.955E-01  2.091E-01
  1.173E+00  9.230E+00  1.607E+00  1.943E+00  6.953E-01  2.092E-01
  1.177E+00  9.227E+00  1.607E+00  1.943E+00  6.950E-01  2.093E-01
  1.181E+00  9.223E+00  1.608E+00  1.944E+00  6.947E-01  2.093E-01
  1.185E+00  9.220E+00  1.608E+00  1.945E+00  6.945E-01  2.094E-01
  1.189E+00  9.216E+00  1.609E+00  1.946E+00  6.942E-01  2.095E-01
  1.194E+00  9.213E+00  1.609E+00  1.946E+00  6.940E-01  2.096E-01
  1.198E+00  9.209E+00  1.610E+00  1.947E+00  6.937E-01  2.096E-01
  1.202E+00  9.206E+00  1.610E+00  1.948E+00  6.935E-01  2.097E-01
  1.206E+00  9.202E+00  1.611E+00  1.948E+00  6.932E-01  2.098E-01
  1.210E+00  9.199E+00  1.611E+00  1.949E+00  6.930E-01  2.099E-01
  1.214E+00  9.195E+00  1.611E+00  1.950E+00  6.927E-01  2.099E-01
  1.218E+00  9.192E+00  1.612E+00  1.950E+00  6.925E-01  2.100E-01
  1.222E+00  9.188E+00  1.612E+00  1.951E+00  6.922E-01  2.101E-01
  1.226E+00  9.184E+00  1.613E+00  1.951E+00  6.920E-01  2.101E-01
  1.231E+00  9.181E+00  1.613E+00  1.952E+00  6.918E-01  2.102E-01
  1.235E+00  9.177E+00  1.613E+00  1.953E+00  6.915E-01  2.102E-01
  1.239E+00  9.173E+00  1.614E+00  1.953E+00  6.913E-01  2.103E-01
  1.243E+00  9.170E+00  1.614E+00  1.954E+00  6.911E-01  2.103E-01
  1.247E+00  9.166E+00  1.614E+00  1.954E+00  6.908E-01  2.104E-01
  1.252E+00  9.162E+00  1.615E+00  1.955E+00  6.906E-01  2.105E-01
  1.256E+00  9.159E+00  1.615E+00  1.955E+00  6.904E-01  2.105E-01
  1.260E+00  9.155E+00  1.615E+00  1.956E+00  6.901E-01  2.106E-01
  1.265E+00  9.151E+00  1.616E+00  1.956E+00  6.899E-01  2.106E-01
  1.269E+00  9.147E+00  1.616E+00  1.956E+00  6.897E-01  2.107E-01
  1.273E+00  9.144E+00  1.616E+00  1.957E+00  6.895E-01  2.107E-01
  1.278E+00  9.140E+00  1.617E+00  1.957E+00  6.892E-01  2.107E-01
  1.282E+00  9.136E+00  1.617E+00  1.958E+00  6.890E-01  2.108E-01
  1.286E+00  9.132E+00  1.617E+00  1.958E+00  6.888E-01  2.108E-01
  1.291E+00  9.128E+00  1.617E+00  1.958E+00  6.886E-01  2.109E-01
  1.295E+00  9.124E+00  1.618E+00  1.959E+00  6.884E-01  2.109E-01
  1.299E+00  9.121E+00  1.618E+00  1.959E+00  6.881E-01  2.109E-01
  1.304E+00  9.117E+00  1.618E+00  1.959E+00  6.879E-01  2.110E-01
  1.308E+00  9.113E+00  1.618E+00  1.960E+00  6.877E-01  2.110E-01
  1.313E+00  9.109E+00  1.618E+00  1.960E+00  6.875E-01  2.110E-01
  1.317E+00  9.105E+00  1.619E+00  1.960E+00  6.873E-01  2.111E-01
  1.322E+00  9.101E+00  1.619E+00  1.960E+00  6.871E-01  2.111E-01
  1.326E+00  9.097E+00  1.619E+00  1.961E+00  6.869E-01  2.111E-01
  1.331E+00  9.093E+00  1.619E+00  1.961E+00  6.867E-01  2.111E-01
  1.335E+00  9.089E+00  1.619E+00  1.961E+00  6.865E-01  2.112E-01
  1.340E+00  9.085E+00  1.619E+00  1.961E+00  6.863E-01  2.112E-01
  1.344E+00  9.081E+00  1.619E+00  1.961E+00  6.861E-01  2.112E-01
  1.349E+00  9.077E+00  1.620E+00  1.962E+00  6.859E-01  2.112E-01
  1.354E+00  9.073E+00  1.620E+00  1.962E+00  6.857E-01  2.112E-01
  1.358E+00  9.069E+00  1.620E+00  1.962E+00  6.855E-01  2.113E-01
  1.363E+00  9.065E+00  1.620E+00  1.962E+00  6.853E-01  2.113E-01
  1.367E+00  9.061E+00  1.620E+00  1.962E+00  6.851E-01  2.113E-01
  1.372E+00  9.057E+00  1.620E+00  1.962E+00  6.849E-01  2.113E-01
  1.377E+00  9.052E+00  1.620E+00  1.962E+00  6.847E-01  2.113E-01
  1.381E+00  9.048E+00  1.620E+00  1.963E+00  6.845E-01  2.113E-01
  1.386E+00  9.044E+00  1.620E+00  1.963E+00  6.843E-01  2.113E-01
  1.391E+00  9.040E+00  1.620E+00  1.963E+00  6.841E-01  2.113E-01
  1.396E+00  9.036E+00  1.620E+00  1.963E+00  6.840E-01  2.113E-01
  1.400E+00  9.032E+00  1.620E+00  1.963E+00  6.838E-01  2.113E-01
  1.405E+00  9.028E+00  1.620E+00  1.963E+00  6.836E-01  2.113E-01
  1.410E+00  9.023E+00  1.620E+00  1.963E+00  6.834E-01  2.113E-01
  1.415E+00  9.019E+00  1.620E+00  1.963E+00  6.832E-01  2.113E-01
  1.420E+00  9.015E+00  1.620E+00  1.963E+00  6.831E-01  2.113E-01
  1.424E+00  9.011E+00  1.620E+00  1.963E+00  6.829E-01  2.113E-01
  1.429E+00  9.006E+00  1.620E+00  1.963E+00  6.827E-01  2.113E-01
  1.434E+00  9.002E+00  1.620E+00  1.963E+00  6.825E-01  2.113E-01
  1.439E+00  8.998E+00  1.620E+00  1.962E+00  6.824E-01  2.113E-01
  1.444E+00  8.994E+00  1.620E+00  1.962E+00  6.822E-01  2.113E-01
  1.449E+00  8.989E+00  1.620E+00  1.962E+00  6.820E-01  2.113E-01
  1.454E+00  8.985E+00  1.620E+00  1.962E+00  6.818E-01  2.113E-01
  1.459E+00  8.981E+00  1.620E+00  1.962E+00  6.817E-01  2.113E-01
  1.464E+00  8.977E+00  1.620E+00  1.962E+00  6.815E-01  2.113E-01
  1.469E+00  8.972E+00  1.620E+00  1.962E+00  6.813E-01  2.112E-01
  1.474E+00  8.968E+00  1.620E+00  1.962E+00  6.812E-01  2.112E-01
  1.479E+00  8.964E+00  1.619E+00  1.961E+00  6.810E-01  2.112E-01
  1.484E+00  8.959E+00  1.619E+00  1.961E+00  6.809E-01  2.112E-01
  1.489E+00  8.955E+00  1.619E+00  1.961E+00  6.807E-01  2.112E-01
  1.494E+00  8.951E+00  1.619E+00  1.961E+00  6.805E-01  2.111E-01
  1.499E+00  8.946E+00  1.619E+00  1.961E+00  6.804E-01  2.111E-01
  1.504E+00  8.942E+00  1.619E+00  1.960E+00  6.802E-01  2.111E-01
  1.509E+00  8.938E+00  1.619E+00  1.960E+00  6.801E-01  2.111E-01
  1.514E+00  8.933E+00  1.618E+00  1.960E+00  6.799E-01  2.110E-01
  1.520E+00  8.929E+00  1.618E+00  1.960E+00  6.798E-01  2.110E-01
  1.525E+00  8.924E+00  1.618E+00  1.959E+00  6.796E-01  2.110E-01
  1.530E+00  8.920E+00  1.618E+00  1.959E+00  6.794E-01  2.109E-01
  1.535E+00  8.916E+00  1.618E+00  1.959E+00  6.793E-01  2.109E-01
  1.540E+00  8.911E+00  1.618E+00  1.959E+00  6.792E-01  2.109E-01
  1.546E+00  8.907E+00  1.617E+00  1.958E+00  6.790E-01  2.108E-01
  1.551E+00  8.902E+00  1.617E+00  1.958E+00  6.789E-01  2.108E-01
  1.556E+00  8.898E+00  1.617E+00  1.958E+00  6.787E-01  2.108E-01
  1.561E+00  8.893E+00  1.617E+00  1.957E+00  6.786E-01  2.107E-01
  1.567E+00  8.889E+00  1.616E+00  1.957E+00  6.784E-01  2.107E-01
  1.572E+00  8.885E+00  1.616E+00  1.957E+00  6.783E-01  2.106E-01
  1.577E+00  8.880E+00  1.616E+00  1.956E+00  6.782E-01  2.106E-01
  1.583E+00  8.876E+00  1.616E+00  1.956E+00  6.780E-01  2.106E-01
  1.588E+00  8.871E+00  1.615E+00  1.956E+00  6.779E-01  2.105E-01
  1.594E+00  8.867E+00  1.615E+00  1.955E+00  6.777E-01  2.105E-01
  1.599E+00  8.862E+00  1.615E+00  1.955E+00  6.776E-01  2.104E-01
  1.604E+00  8.857E+00  1.615E+00  1.954E+00  6.775E-01  2.104E-01
  1.610E+00  8.853E+00  1.614E+00  1.954E+00  6.773E-01  2.103E-01
  1.615E+00  8.848E+00  1.614E+00  1.953E+00  6.772E-01  2.103E-01
  1.621E+00  8.844E+00  1.614E+00  1.953E+00  6.771E-01  2.102E-01
  1.626E+00  8.839E+00  1.613E+00  1.953E+00  6.769E-01  2.102E-01
  1.632E+00  8.835E+00  1.613E+00  1.952E+00  6.768E-01  2.101E-01
  1.638E+00  8.830E+00  1.613E+00  1.952E+00  6.767E-01  2.100E-01
  1.643E+00  8.825E+00  1.612E+00  1.951E+00  6.766E-01  2.100E-01
  1.649E+00  8.821E+00  1.612E+00  1.951E+00  6.764E-01  2.099E-01
  1.654E+00  8.816E+00  1.612E+00  1.950E+00  6.763E-01  2.099E-01
  1.660E+00  8.812E+00  1.611E+00  1.950E+00  6.762E-01  2.098E-01
  1.666E+00  8.807E+00  1.611E+00  1.949E+00  6.761E-01  2.097E-01
  1.671E+00  8.802E+00  1.611E+00  1.948E+00  6.759E-01  2.097E-01
  1.677E+00  8.798E+00  1.610E+00  1.948E+00  6.758E-01  2.096E-01
  1.683E+00  8.793E+00  1.610E+00  1.947E+00  6.757E-01  2.095E-01
  1.688E+00  8.788E+00  1.610E+00  1.947E+00  6.756E-01  2.095E-01
  1.694E+00  8.784E+00  1.609E+00  1.946E+00  6.755E-01  2.094E-01
  1.700E+00  8.779E+00  1.609E+00  1.946E+00  6.753E-01  2.093E-01
  1.706E+00  8.774E+00  1.608E+00  1.945E+00  6.752E-01  2.093E-01
  1.712E+00  8.770E+00  1.608E+00  1.944E+00  6.751E-01  2.092E-01
  1.717E+00  8.765E+00  1.608E+00  1.944E+00  6.750E-01  2.091E-01
  1.723E+00  8.760E+00  1.607E+00  1.943E+00  6.749E-01  2.090E-01
  1.729E+00  8.755E+00  1.607E+00  1.943E+00  6.748E-01  2.090E-01
  1.735E+00  8.751E+00  1.606E+00  1.942E+00  6.747E-01  2.089E-01
  1.741E+00  8.746E+00  1.606E+00  1.941E+00  6.746E-01  2.088E-01
  1.747E+00  8.741E+00  1.605E+00  1.941E+00  6.744E-01  2.087E-01
  1.753E+00  8.736E+00  1.605E+00  1.940E+00  6.743E-01  2.086E-01
  1.759E+00  8.732E+00  1.605E+00  1.939E+00  6.742E-01  2.086E-01
  1.765E+00  8.727E+00  1.604E+00  1.939E+00  6.741E-01  2.085E-01
  1.771E+00  8.722E+00  1.604E+00  1.938E+00  6.740E-01  2.084E-01
  1.777E+00  8.717E+00  1.603E+00  1.937E+00  6.739E-01  2.083E-01
  1.783E+00  8.713E+00  1.603E+00  1.936E+00  6.738E-01  2.082E-01
  1.789E+00  8.708E+00  1.602E+00  1.936E+00  6.737E-01  2.081E-01
  1.795E+00  8.703E+00  1.602E+00  1.935E+00  6.736E-01  2.081E-01
  1.801E+00  8.698E+00  1.601E+00  1.934E+00  6.735E-01  2.080E-01
  1.807E+00  8.694E+00  1.601E+00  1.934E+00  6.734E-01  2.079E-01
  1.813E+00  8.689E+00  1.600E+00  1.933E+00  6.733E-01  2.078E-01
  1.820E+00  8.684E+00  1.600E+00  1.932E+00  6.732E-01  2.077E-01
  1.826E+00  8.679E+00  1.599E+00  1.931E+00  6.731E-01  2.076E-01
  1.832E+00  8.674E+00  1.599E+00  1.930E+00  6.730E-01  2.075E-01
  1.838E+00  8.669E+00  1.598E+00  1.930E+00  6.729E-01  2.074E-01
  1.845E+00  8.664E+00  1.598E+00  1.929E+00  6.728E-01  2.073E-01
  1.851E+00  8.660E+00  1.597E+00  1.928E+00  6.727E-01  2.072E-01
  1.857E+00  8.655E+00  1.597E+00  1.927E+00  6.726E-01  2.071E-01
  1.863E+00  8.650E+00  1.596E+00  1.926E+00  6.726E-01  2.070E-01
  1.870E+00  8.645E+00  1.596E+00  1.926E+00  6.725E-01  2.069E-01
  1.876E+00  8.640E+00  1.595E+00  1.925E+00  6.724E-01  2.068E-01
  1.883E+00  8.635E+00  1.594E+00  1.924E+00  6.723E-01  2.067E-01
  1.889E+00  8.630E+00  1.594E+00  1.923E+00  6.722E-01  2.066E-01
  1.895E+00  8.625E+00  1.593E+00  1.922E+00  6.721E-01  2.065E-01
  1.902E+00  8.620E+00  1.593E+00  1.921E+00  6.720E-01  2.064E-01
  1.908E+00  8.615E+00  1.592E+00  1.921E+00  6.719E-01  2.063E-01
  1.915E+00  8.610E+00  1.592E+00  1.920E+00  6.719E-01  2.062E-01
  1.921E+00  8.606E+00  1.591E+00  1.919E+00  6.718E-01  2.060E-01
  1.928E+00  8.601E+00  1.590E+00  1.918E+00  6.717E-01  2.059E-01
  1.935E+00  8.596E+00  1.590E+00  1.917E+00  6.716E-01  2.058E-01
  1.941E+00  8.591E+00  1.589E+00  1.916E+00  6.715E-01  2.057E-01
  1.948E+00  8.586E+00  1.589E+00  1.915E+00  6.715E-01  2.056E-01
  1.954E+00  8.581E+00  1.588E+00  1.914E+00  6.714E-01  2.055E-01
  1.961E+00  8.576E+00  1.587E+00  1.913E+00  6.713E-01  2.054E-01
  1.968E+00  8.571E+00  1.587E+00  1.912E+00  6.712E-01  2.052E-01
  1.974E+00  8.566E+00  1.586E+00  1.911E+00  6.712E-01  2.051E-01
  1.981E+00  8.561E+00  1.585E+00  1.910E+00  6.711E-01  2.050E-01
  1.988E+00  8.556E+00  1.585E+00  1.909E+00  6.710E-01  2.049E-01
  1.995E+00  8.551E+00  1.584E+00  1.909E+00  6.709E-01  2.048E-01
  2.001E+00  8.546E+00  1.584E+00  1.908E+00  6.709E-01  2.046E-01
  2.008E+00  8.541E+00  1.583E+00  1.907E+00  6.708E-01  2.045E-01
  2.015E+00  8.536E+00  1.582E+00  1.906E+00  6.707E-01  2.044E-01
  2.022E+00  8.531E+00  1.582E+00  1.905E+00  6.706E-01  2.043E-01
  2.029E+00  8.526E+00  1.581E+00  1.904E+00  6.706E-01  2.041E-01
  2.036E+00  8.521E+00  1.580E+00  1.903E+00  6.705E-01  2.040E-01
  2.043E+00  8.516E+00  1.580E+00  1.902E+00  6.704E-01  2.039E-01
  2.050E+00  8.511E+00  1.579E+00  1.901E+00  6.704E-01  2.038E-01
  2.057E+00  8.506E+00  1.578E+00  1.900E+00  6.703E-01  2.036E-01
  2.064E+00  8.501E+00  1.578E+00  1.899E+00  6.702E-01  2.035E-01
  2.071E+00  8.496E+00  1.577E+00  1.897E+00  6.702E-01  2.034E-01
  2.078E+00  8.491E+00  1.576E+00  1.896E+00  6.701E-01  2.032E-01
  2.085E+00  8.486E+00  1.575E+00  1.895E+00  6.701E-01  2.031E-01
  2.092E+00  8.481E+00  1.575E+00  1.894E+00  6.700E-01  2.030E-01
  2.099E+00  8.476E+00  1.574E+00  1.893E+00  6.699E-01  2.028E-01
  2.106E+00  8.471E+00  1.573E+00  1.892E+00  6.699E-01  2.027E-01
  2.113E+00  8.465E+00  1.573E+00  1.891E+00  6.698E-01  2.025E-01
  2.121E+00  8.460E+00  1.572E+00  1.890E+00  6.698E-01  2.024E-01
  2.128E+00  8.455E+00  1.571E+00  1.889E+00  6.697E-01  2.023E-01
  2.135E+00  8.450E+00  1.570E+00  1.888E+00  6.696E-01  2.021E-01
  2.142E+00  8.445E+00  1.570E+00  1.887E+00  6.696E-01  2.020E-01
  2.150E+00  8.440E+00  1.569E+00  1.886E+00  6.695E-01  2.018E-01
  2.157E+00  8.435E+00  1.568E+00  1.884E+00  6.695E-01  2.017E-01
  2.164E+00  8.430E+00  1.567E+00  1.883E+00  6.694E-01  2.015E-01
  2.172E+00  8.425E+00  1.567E+00  1.882E+00  6.694E-01  2.014E-01
  2.179E+00  8.420E+00  1.566E+00  1.881E+00  6.693E-01  2.013E-01
  2.187E+00  8.415E+00  1.565E+00  1.880E+00  6.693E-01  2.011E-01
  2.194E+00  8.410E+00  1.564E+00  1.879E+00  6.692E-01  2.010E-01
  2.201E+00  8.404E+00  1.564E+00  1.878E+00  6.692E-01  2.008E-01
  2.209E+00  8.399E+00  1.563E+00  1.877E+00  6.691E-01  2.007E-01
  2.216E+00  8.394E+00  1.562E+00  1.875E+00  6.691E-01  2.005E-01
  2.224E+00  8.389E+00  1.561E+00  1.874E+00  6.690E-01  2.004E-01
  2.232E+00  8.384E+00  1.561E+00  1.873E+00  6.690E-01  2.002E-01
  2.239E+00  8.379E+00  1.560E+00  1.872E+00  6.689E-01  2.001E-01
  2.247E+00  8.374E+00  1.559E+00  1.871E+00  6.689E-01  1.999E-01
  2.254E+00  8.369E+00  1.558E+00  1.870E+00  6.688E-01  1.998E-01
  2.262E+00  8.364E+00  1.558E+00  1.868E+00  6.688E-01  1.996E-01
  2.270E+00  8.359E+00  1.557E+00  1.867E+00  6.687E-01  1.994E-01
  2.278E+00  8.353E+00  1.556E+00  1.866E+00  6.687E-01  1.993E-01
  2.285E+00  8.348E+00  1.555E+00  1.865E+00  6.687E-01  1.991E-01
  2.293E+00  8.343E+00  1.554E+00  1.864E+00  6.686E-01  1.990E-01
  2.301E+00  8.338E+00  1.554E+00  1.862E+00  6.686E-01  1.988E-01
  2.309E+00  8.333E+00  1.553E+00  1.861E+00  6.685E-01  1.986E-01
  2.317E+00  8.328E+00  1.552E+00  1.860E+00  6.685E-01  1.985E-01
  2.325E+00  8.323E+00  1.551E+00  1.859E+00  6.685E-01  1.983E-01
  2.332E+00  8.318E+00  1.550E+00  1.857E+00  6.684E-01  1.981E-01
  2.340E+00  8.312E+00  1.549E+00  1.856E+00  6.684E-01  1.980E-01
  2.348E+00  8.307E+00  1.549E+00  1.855E+00  6.684E-01  1.978E-01
  2.356E+00  8.302E+00  1.548E+00  1.854E+00  6.683E-01  1.977E-01
  2.364E+00  8.297E+00  1.547E+00  1.852E+00  6.683E-01  1.975E-01
  2.372E+00  8.292E+00  1.546E+00  1.851E+00  6.683E-01  1.973E-01
  2.381E+00  8.287E+00  1.545E+00  1.850E+00  6.682E-01  1.971E-01
  2.389E+00  8.282E+00  1.544E+00  1.849E+00  6.682E-01  1.970E-01
  2.397E+00  8.276E+00  1.544E+00  1.847E+00  6.682E-01  1.968E-01
  2.405E+00  8.271E+00  1.543E+00  1.846E+00  6.681E-01  1.966E-01
  2.413E+00  8.266E+00  1.542E+00  1.845E+00  6.681E-01  1.965E-01
  2.421E+00  8.261E+00  1.541E+00  1.844E+00  6.681E-01  1.963E-01
  2.430E+00  8.256E+00  1.540E+00  1.842E+00  6.680E-01  1.961E-01
  2.438E+00  8.251E+00  1.539E+00  1.841E+00  6.680E-01  1.960E-01
  2.446E+00  8.246E+00  1.538E+00  1.840E+00  6.680E-01  1.958E-01
  2.455E+00  8.240E+00  1.538E+00  1.838E+00  6.680E-01  1.956E-01
  2.463E+00  8.235E+00  1.537E+00  1.837E+00  6.679E-01  1.954E-01
  2.471E+00  8.230E+00  1.536E+00  1.836E+00  6.679E-01  1.953E-01
  2.480E+00  8.225E+00  1.535E+00  1.834E+00  6.679E-01  1.951E-01
  2.488E+00  8.220E+00  1.534E+00  1.833E+00  6.679E-01  1.949E-01
  2.497E+00  8.215E+00  1.533E+00  1.832E+00  6.678E-01  1.947E-01
  2.505E+00  8.210E+00  1.532E+00  1.831E+00  6.678E-01  1.945E-01
  2.514E+00  8.204E+00  1.532E+00  1.829E+00  6.678E-01  1.944E-01
  2.522E+00  8.199E+00  1.531E+00  1.828E+00  6.678E-01  1.942E-01
  2.531E+00  8.194E+00  1.530E+00  1.827E+00  6.678E-01  1.940E-01
  2.539E+00  8.189E+00  1.529E+00  1.825E+00  6.677E-01  1.938E-01
  2.548E+00  8.184E+00  1.528E+00  1.824E+00  6.677E-01  1.936E-01
  2.557E+00  8.179E+00  1.527E+00  1.823E+00  6.677E-01  1.935E-01
  2.566E+00  8.174E+00  1.526E+00  1.821E+00  6.677E-01  1.933E-01
  2.574E+00  8.168E+00  1.525E+00  1.820E+00  6.677E-01  1.931E-01
  2.583E+00  8.163E+00  1.524E+00  1.818E+00  6.677E-01  1.929E-01
  2.592E+00  8.158E+00  1.523E+00  1.817E+00  6.676E-01  1.927E-01
  2.601E+00  8.153E+00  1.523E+00  1.816E+00  6.676E-01  1.925E-01
  2.610E+00  8.148E+00  1.522E+00  1.814E+00  6.676E-01  1.924E-01
  2.618E+00  8.143E+00  1.521E+00  1.813E+00  6.676E-01  1.922E-01
  2.627E+00  8.137E+00  1.520E+00  1.812E+00  6.676E-01  1.920E-01
  2.636E+00  8.132E+00  1.519E+00  1.810E+00  6.676E-01  1.918E-01
  2.645E+00  8.127E+00  1.518E+00  1.809E+00  6.676E-01  1.916E-01
  2.654E+00  8.122E+00  1.517E+00  1.807E+00  6.676E-01  1.914E-01
  2.663E+00  8.117E+00  1.516E+00  1.806E+00  6.675E-01  1.912E-01
  2.672E+00  8.112E+00  1.515E+00  1.805E+00  6.675E-01  1.910E-01
  2.682E+00  8.107E+00  1.514E+00  1.803E+00  6.675E-01  1.908E-01
  2.691E+00  8.101E+00  1.513E+00  1.802E+00  6.675E-01  1.906E-01
  2.700E+00  8.096E+00  1.512E+00  1.800E+00  6.675E-01  1.904E-01
  2.709E+00  8.091E+00  1.511E+00  1.799E+00  6.675E-01  1.902E-01
  2.718E+00  8.086E+00  1.511E+00  1.798E+00  6.675E-01  1.900E-01
  2.728E+00  8.081E+00  1.510E+00  1.796E+00  6.675E-01  1.898E-01
  2.737E+00  8.076E+00  1.509E+00  1.795E+00  6.675E-01  1.896E-01
  2.746E+00  8.070E+00  1.508E+00  1.793E+00  6.675E-01  1.894E-01
  2.755E+00  8.065E+00  1.507E+00  1.792E+00  6.675E-01  1.892E-01
  2.765E+00  8.060E+00  1.506E+00  1.790E+00  6.675E-01  1.890E-01
  2.774E+00  8.055E+00  1.505E+00  1.789E+00  6.675E-01  1.888E-01
  2.784E+00  8.050E+00  1.504E+00  1.788E+00  6.675E-01  1.886E-01
  2.793E+00  8.045E+00  1.503E+00  1.786E+00  6.675E-01  1.884E-01
  2.803E+00  8.040E+00  1.502E+00  1.785E+00  6.675E-01  1.882E-01
  2.812E+00  8.034E+00  1.501E+00  1.783E+00  6.675E-01  1.880E-01
  2.822E+00  8.029E+00  1.500E+00  1.782E+00  6.675E-01  1.878E-01
  2.831E+00  8.024E+00  1.499E+00  1.780E+00  6.675E-01  1.876E-01
  2.841E+00  8.019E+00  1.498E+00  1.779E+00  6.675E-01  1.874E-01
  2.851E+00  8.014E+00  1.497E+00  1.777E+00  6.675E-01  1.872E-01
  2.861E+00  8.009E+00  1.496E+00  1.776E+00  6.675E-01  1.870E-01
  2.870E+00  8.004E+00  1.495E+00  1.775E+00  6.675E-01  1.868E-01
  2.880E+00  7.998E+00  1.494E+00  1.773E+00  6.675E-01  1.866E-01
  2.890E+00  7.993E+00  1.493E+00  1.772E+00  6.675E-01  1.864E-01
  2.900E+00  7.988E+00  1.492E+00  1.770E+00  6.675E-01  1.862E-01
  2.910E+00  7.983E+00  1.491E+00  1.769E+00  6.675E-01  1.860E-01
  2.920E+00  7.978E+00  1.490E+00  1.767E+00  6.675E-01  1.858E-01
  2.929E+00  7.973E+00  1.489E+00  1.766E+00  6.675E-01  1.856E-01
  2.939E+00  7.968E+00  1.488E+00  1.764E+00  6.675E-01  1.854E-01
  2.949E+00  7.963E+00  1.487E+00  1.763E+00  6.675E-01  1.852E-01
  2.960E+00  7.958E+00  1.486E+00  1.761E+00  6.675E-01  1.850E-01
  2.970E+00  7.952E+00  1.485E+00  1.760E+00  6.675E-01  1.847E-01
  2.980E+00  7.947E+00  1.484E+00  1.758E+00  6.676E-01  1.845E-01
  2.990E+00  7.942E+00  1.483E+00  1.757E+00  6.676E-01  1.843E-01
  3.000E+00  7.937E+00  1.482E+00  1.755E+00  6.676E-01  1.841E-01
