       6     151      50      66
 
     EOS file :  /Users/dany/Work/NStar/EOS/v14/APR_EOS_Cat.dat              
 
  step        radius       baryon#       density        pressure       encl. mass            phi     encl. bar. mass 
                (m)        (#/fm3)       (g/cm3)        (dyn/cm2)      (sol. mass)                     (sol. mass)   
 
     0       0.000000   4.647325E-01   8.287586E+14    8.45584E+34   0.000000000E+00  -3.469583E-01   0.000000000E+00
     1      10.000000   4.647322E-01   8.287580E+14    8.45582E+34   1.745345991E-09  -3.469581E-01   1.639092661E-09
     2      11.666664   4.647321E-01   8.287579E+14    8.45582E+34   2.771543328E-09  -3.469580E-01   2.602817224E-09
     3      13.611106   4.647320E-01   8.287576E+14    8.45581E+34   4.401105043E-09  -3.469580E-01   4.133174795E-09
     4      15.879619   4.647319E-01   8.287573E+14    8.45580E+34   6.988785130E-09  -3.469578E-01   6.563323038E-09
     5      18.526216   4.647316E-01   8.287569E+14    8.45579E+34   1.109791757E-08  -3.469577E-01   1.042230217E-08
     6      21.613909   4.647314E-01   8.287564E+14    8.45577E+34   1.762305104E-08  -3.469575E-01   1.655020457E-08
     7      25.216212   4.647310E-01   8.287556E+14    8.45574E+34   2.798468535E-08  -3.469572E-01   2.628105733E-08
     8      29.418889   4.647304E-01   8.287545E+14    8.45571E+34   4.443849911E-08  -3.469568E-01   4.173322781E-08
     9      34.321999   4.647297E-01   8.287531E+14    8.45567E+34   7.056637791E-08  -3.469562E-01   6.627056542E-08
    10      40.042270   4.647287E-01   8.287511E+14    8.45560E+34   1.120561185E-07  -3.469555E-01   1.052346531E-07
    11      46.715884   4.647274E-01   8.287485E+14    8.45552E+34   1.779395048E-07  -3.469545E-01   1.671075421E-07
    12      54.501709   4.647255E-01   8.287448E+14    8.45541E+34   2.825581852E-07  -3.469531E-01   2.653580169E-07
    13      63.585081   4.647231E-01   8.287399E+14    8.45525E+34   4.486851073E-07  -3.469513E-01   4.213731466E-07
    14      74.182202   4.647197E-01   8.287332E+14    8.45504E+34   7.124805799E-07  -3.469487E-01   6.691129415E-07
    15      86.545281   4.647151E-01   8.287240E+14    8.45476E+34   1.131360888E-06  -3.469453E-01   1.062500614E-06
    16     100.968506   4.647088E-01   8.287116E+14    8.45437E+34   1.796490276E-06  -3.469406E-01   1.687155527E-06
    17     117.795022   4.647002E-01   8.286947E+14    8.45384E+34   2.852611085E-06  -3.469342E-01   2.679019249E-06
    18     137.425036   4.646886E-01   8.286716E+14    8.45311E+34   4.529518868E-06  -3.469255E-01   4.253921316E-06
    19     160.325254   4.646728E-01   8.286402E+14    8.45213E+34   7.192012573E-06  -3.469137E-01   6.754503206E-06
    20     187.039850   4.646513E-01   8.285975E+14    8.45079E+34   1.141914631E-05  -3.468976E-01   1.072467712E-05
    21     218.203188   4.646219E-01   8.285394E+14    8.44897E+34   1.812993294E-05  -3.468757E-01   1.702774542E-05
    22     254.554555   4.645821E-01   8.284603E+14    8.44650E+34   2.878264295E-05  -3.468458E-01   2.703371442E-05
    23     296.955180   4.645278E-01   8.283527E+14    8.44313E+34   4.569060623E-05  -3.468053E-01   4.291618993E-05
    24     346.407808   4.644539E-01   8.282063E+14    8.43855E+34   7.252223186E-05  -3.467500E-01   6.812264527E-05
    25     404.079102   4.643534E-01   8.280070E+14    8.43232E+34   1.150918681E-04  -3.466749E-01   1.081186198E-04
    26     471.325081   4.642167E-01   8.277360E+14    8.42385E+34   1.826088640E-04  -3.465728E-01   1.715639376E-04
    27     549.719710   4.640308E-01   8.273674E+14    8.41234E+34   2.896464056E-04  -3.464340E-01   2.721685640E-04
    28     641.086515   4.637780E-01   8.268662E+14    8.39670E+34   4.592365086E-04  -3.462452E-01   4.316139553E-04
    29     747.532743   4.634344E-01   8.261850E+14    8.37549E+34   7.277172849E-04  -3.459889E-01   6.841368897E-04
    30     871.484924   4.629676E-01   8.252597E+14    8.34672E+34   1.152285856E-03  -3.456410E-01   1.083690189E-03
    31    1015.723650   4.623338E-01   8.240037E+14    8.30778E+34   1.822684314E-03  -3.451693E-01   1.715061058E-03
    32    1183.413682   4.614742E-01   8.223004E+14    8.25517E+34   2.879103652E-03  -3.445305E-01   2.710989069E-03
    33    1378.122894   4.603097E-01   8.199934E+14    8.18428E+34   4.539238864E-03  -3.436673E-01   4.278211725E-03
    34    1603.819599   4.587333E-01   8.168846E+14    8.08909E+34   7.138393489E-03  -3.425036E-01   6.736433298E-03
    35    1864.829302   4.566058E-01   8.126950E+14    7.96191E+34   1.118721536E-02  -3.409402E-01   1.057519970E-02
    36    2165.735219   4.537441E-01   8.070630E+14    7.79306E+34   1.745142265E-02  -3.388497E-01   1.653415699E-02
    37    2511.177705   4.499108E-01   7.995255E+14    7.57089E+34   2.705478197E-02  -3.360718E-01   2.571011658E-02
    38    2905.510112   4.447988E-01   7.895261E+14    7.28196E+34   4.159780534E-02  -3.324114E-01   3.968740645E-02
    39    3352.242706   4.380373E-01   7.763370E+14    6.91207E+34   6.326360225E-02  -3.276423E-01   6.067040533E-02
    40    3853.261857   4.291744E-01   7.591476E+14    6.44823E+34   9.485048429E-02  -3.215213E-01   9.156512441E-02
    41    4407.730645   4.176983E-01   7.370587E+14    5.88213E+34   1.396156018E-01  -3.138190E-01   1.358992372E-01
    42    5010.781654   4.030747E-01   7.091371E+14    5.21497E+34   2.007758012E-01  -3.043733E-01   1.974117986E-01
    43    5652.233145   3.848053E-01   6.746195E+14    4.46273E+34   2.805430819E-01  -2.931652E-01   2.791297816E-01
    44    6315.725720   3.625301E-01   6.330279E+14    3.65977E+34   3.787478334E-01  -2.804037E-01   3.818829689E-01
    45    6979.092936   3.361290E-01   5.843866E+14    2.85714E+34   4.915399055E-01  -2.665812E-01   5.026399944E-01
    46    7616.601539   2.976659E-01   5.144169E+14    2.11656E+34   6.104710928E-01  -2.524508E-01   6.330088350E-01
    47    8220.496387   2.659048E-01   4.574578E+14    1.48196E+34   7.267885071E-01  -2.385290E-01   7.635025903E-01
    48    8751.822531   2.326124E-01   3.985359E+14    9.84257E+33   8.303327273E-01  -2.260279E-01   8.819026471E-01
    49    9199.257099   1.767527E-01   3.009373E+14    6.29747E+33   9.129291217E-01  -2.154486E-01   9.778160309E-01
    50    9611.600462   1.495269E-01   2.538159E+14    3.84562E+33   9.768953109E-01  -2.058407E-01   1.053037669E+00
    51    9935.806333   1.247379E-01   2.112541E+14    2.27535E+33   1.022448276E+00  -1.984629E-01   1.106955559E+00
    52   10182.267505   1.026632E-01   1.735295E+14    1.31456E+33   1.052824650E+00  -1.929881E-01   1.143053825E+00
    53   10364.959758   8.353414E-02   1.411557E+14    7.48548E+32   1.071977991E+00  -1.890203E-01   1.165862716E+00
    54   10498.051117   6.218389E-02   1.050140E+14    4.28398E+32   1.083391047E+00  -1.861861E-01   1.179446355E+00
    55   10603.470363   4.462183E-02   7.524210E+13    2.49202E+32   1.090049213E+00  -1.839803E-01   1.187376818E+00
    56   10691.084628   3.147853E-02   5.302538E+13    1.45263E+32   1.094049973E+00  -1.821767E-01   1.192143614E+00
    57   10764.991593   2.217080E-02   3.730822E+13    8.44647E+31   1.096463095E+00  -1.806777E-01   1.195018806E+00
    58   10827.097610   1.555101E-02   2.614525E+13    4.90634E+31   1.097905907E+00  -1.794346E-01   1.196737868E+00
    59   10879.305737   1.089074E-02   1.829450E+13    2.84787E+31   1.098764062E+00  -1.784017E-01   1.197760274E+00
    60   10923.129962   7.578888E-03   1.272363E+13    1.65252E+31   1.099272057E+00  -1.775433E-01   1.198365500E+00
    61   10960.058446   5.194190E-03   8.717209E+12    9.62412E+30   1.099570137E+00  -1.768260E-01   1.198720511E+00
    62   10991.712495   3.415876E-03   5.729577E+12    5.67081E+30   1.099743264E+00  -1.762157E-01   1.198926671E+00
    63   11020.291155   2.077321E-03   3.482697E+12    3.44641E+30   1.099841852E+00  -1.756683E-01   1.199044066E+00
    64   11049.044771   1.174551E-03   1.967782E+12    2.10395E+30   1.099902029E+00  -1.751209E-01   1.199115719E+00
    65   11080.305220   6.409602E-04   1.072684E+12    1.32718E+30   1.099937257E+00  -1.745297E-01   1.199157682E+00
    66   11116.719981   3.761032E-04   6.291707E+11    8.19544E+29   1.099960589E+00  -1.738460E-01   1.199185479E+00
    67   11155.359618   1.893117E-04   3.162872E+11    5.55944E+29   1.099972877E+00  -1.731264E-01   1.199200125E+00
    68   11207.912572   1.229765E-04   2.053688E+11    3.31074E+29   1.099983552E+00  -1.721574E-01   1.199212848E+00
    69   11256.668930   8.060206E-05   1.344658E+11    1.95365E+29   1.099990125E+00  -1.712680E-01   1.199220679E+00
    70   11301.080351   5.236292E-05   8.726824E+10    1.16242E+29   1.099994029E+00  -1.704660E-01   1.199225331E+00
    71   11342.189673   3.505370E-05   5.840238E+10    6.84838E+28   1.099996426E+00  -1.697303E-01   1.199228187E+00
    72   11378.703786   2.275189E-05   3.788243E+10    4.06896E+28   1.099997842E+00  -1.690822E-01   1.199229874E+00
    73   11412.413253   1.521345E-05   2.531702E+10    2.39207E+28   1.099998708E+00  -1.684883E-01   1.199230905E+00
    74   11442.281848   9.961014E-06   1.656678E+10    1.42170E+28   1.099999216E+00  -1.679656E-01   1.199231510E+00
    75   11469.583500   6.523264E-06   1.085193E+10    8.46662E+27   1.099999520E+00  -1.674906E-01   1.199231872E+00
    76   11494.549126   4.379414E-06   7.280944E+09    4.97162E+27   1.099999707E+00  -1.670587E-01   1.199232094E+00
    77   11516.515606   2.906043E-06   4.829472E+09    2.92712E+27   1.099999817E+00  -1.666805E-01   1.199232225E+00
    78   11536.104755   1.941697E-06   3.225914E+09    1.72409E+27   1.099999883E+00  -1.663447E-01   1.199232303E+00
    79   11553.450105   1.304024E-06   2.166064E+09    1.01156E+27   1.099999922E+00  -1.660485E-01   1.199232350E+00
    80   11568.662243   8.760424E-07   1.455083E+09    5.93320E+26   1.099999945E+00  -1.657896E-01   1.199232377E+00
    81   11581.987287   5.606668E-07   9.308501E+08    3.53382E+26   1.099999958E+00  -1.655635E-01   1.199232393E+00
    82   11594.427903   3.770966E-07   6.259876E+08    2.07137E+26   1.099999966E+00  -1.653529E-01   1.199232403E+00
    83   11605.299865   2.537897E-07   4.213144E+08    1.21385E+26   1.099999971E+00  -1.651694E-01   1.199232408E+00
    84   11614.787739   1.671911E-07   2.775126E+08    7.12726E+25   1.099999974E+00  -1.650095E-01   1.199232412E+00
    85   11623.262234   1.122722E-07   1.863284E+08    4.18694E+25   1.099999975E+00  -1.648670E-01   1.199232414E+00
    86   11630.690112   7.580826E-08   1.258018E+08    2.44998E+25   1.099999976E+00  -1.647423E-01   1.199232415E+00
    87   11637.137738   5.132926E-08   8.516062E+07    1.43201E+25   1.099999977E+00  -1.646342E-01   1.199232416E+00
    88   11642.712429   3.481169E-08   5.775068E+07    8.36800E+24   1.099999977E+00  -1.645408E-01   1.199232416E+00
    89   11647.521768   2.366725E-08   3.926841E+07    4.88271E+24   1.099999977E+00  -1.644604E-01   1.199232416E+00
    90   11651.652974   1.614891E-08   2.679429E+07    2.84760E+24   1.099999977E+00  -1.643913E-01   1.199232416E+00
    91   11655.187023   1.104258E-08   1.831994E+07    1.65812E+24   1.099999978E+00  -1.643323E-01   1.199232416E+00
    92   11658.198994   7.588402E-09   1.258787E+07    9.64272E+23   1.099999978E+00  -1.642821E-01   1.199232416E+00
    93   11660.749818   5.221959E-09   8.661267E+06    5.60165E+23   1.099999978E+00  -1.642395E-01   1.199232416E+00
    94   11662.904587   3.536411E-09   5.865454E+06    3.28282E+23   1.099999978E+00  -1.642036E-01   1.199232416E+00
    95   11664.770138   2.459959E-09   4.079900E+06    1.89948E+23   1.099999978E+00  -1.641725E-01   1.199232416E+00
    96   11666.322586   1.711147E-09   2.837865E+06    1.09904E+23   1.099999978E+00  -1.641467E-01   1.199232416E+00
    97   11667.614387   1.200010E-09   1.990249E+06    6.34440E+22   1.099999978E+00  -1.641251E-01   1.199232416E+00
    98   11668.677979   8.430663E-10   1.398339E+06    3.65734E+22   1.099999978E+00  -1.641074E-01   1.199232416E+00
    99   11669.550836   5.933120E-10   9.841285E+05    2.10788E+22   1.099999978E+00  -1.640929E-01   1.199232416E+00
   100   11670.265765   4.205052E-10   6.974457E+05    1.21126E+22   1.099999978E+00  -1.640810E-01   1.199232416E+00
   101   11670.845542   2.980281E-10   4.942727E+05    6.96022E+21   1.099999978E+00  -1.640714E-01   1.199232416E+00
   102   11671.315700   2.120906E-10   3.517184E+05    3.99813E+21   1.099999978E+00  -1.640635E-01   1.199232416E+00
   103   11671.695271   1.513871E-10   2.510269E+05    2.29144E+21   1.099999978E+00  -1.640572E-01   1.199232416E+00
   104   11672.000099   1.080576E-10   1.791613E+05    1.31329E+21   1.099999978E+00  -1.640522E-01   1.199232416E+00
   105   11672.244898   7.750886E-11   1.285161E+05    7.51645E+20   1.099999978E+00  -1.640481E-01   1.199232416E+00
   106   11672.440229   5.566390E-11   9.230296E+04    4.29785E+20   1.099999978E+00  -1.640448E-01   1.199232416E+00
   107   11672.595743   3.997037E-11   6.628518E+04    2.45747E+20   1.099999978E+00  -1.640422E-01   1.199232416E+00
   108   11672.719572   2.886578E-11   4.787067E+04    1.40229E+20   1.099999978E+00  -1.640402E-01   1.199232416E+00
   109   11672.817415   2.084625E-11   3.457181E+04    8.00181E+19   1.099999978E+00  -1.640386E-01   1.199232416E+00
   110   11672.894725   1.507230E-11   2.499658E+04    4.56534E+19   1.099999978E+00  -1.640373E-01   1.199232416E+00
   111   11672.955730   1.096002E-11   1.817665E+04    2.59845E+19   1.099999978E+00  -1.640363E-01   1.199232416E+00
   112   11673.003481   7.969721E-12   1.321743E+04    1.47896E+19   1.099999978E+00  -1.640355E-01   1.199232416E+00
   113   11673.040858   5.799192E-12   9.617937E+03    8.41705E+18   1.099999978E+00  -1.640348E-01   1.199232416E+00
   114   11673.070090   4.226605E-12   7.010408E+03    4.78650E+18   1.099999978E+00  -1.640344E-01   1.199232416E+00
   115   11673.092897   3.080460E-12   5.109808E+03    2.72192E+18   1.099999978E+00  -1.640340E-01   1.199232416E+00
   116   11673.110691   2.245120E-12   3.724481E+03    1.54787E+18   1.099999978E+00  -1.640337E-01   1.199232416E+00
   117   11673.124573   1.636302E-12   2.714731E+03    8.80219E+17   1.099999978E+00  -1.640335E-01   1.199232416E+00
   118   11673.135404   1.192579E-12   1.978736E+03    5.00550E+17   1.099999978E+00  -1.640333E-01   1.199232416E+00
   119   11673.143854   8.691826E-13   1.442278E+03    2.84646E+17   1.099999978E+00  -1.640331E-01   1.199232416E+00
   120   11673.150447   6.405695E-13   1.063286E+03    1.61647E+17   1.099999978E+00  -1.640330E-01   1.199232416E+00
   121   11673.155525   4.834803E-13   8.033192E+02    9.06909E+16   1.099999978E+00  -1.640329E-01   1.199232416E+00
   122   11673.159296   3.649146E-13   6.069129E+02    5.08817E+16   1.099999978E+00  -1.640329E-01   1.199232416E+00
   123   11673.162097   2.754253E-13   4.585266E+02    2.85469E+16   1.099999978E+00  -1.640328E-01   1.199232416E+00
   124   11673.164176   2.078817E-13   3.464198E+02    1.60161E+16   1.099999978E+00  -1.640328E-01   1.199232416E+00
   125   11673.165721   1.569021E-13   2.617224E+02    8.98574E+15   1.099999978E+00  -1.640328E-01   1.199232416E+00
   126   11673.166868   1.192473E-13   1.990038E+02    5.03734E+15   1.099999978E+00  -1.640327E-01   1.199232416E+00
   127   11673.167713   9.231893E-14   1.538926E+02    2.80111E+15   1.099999978E+00  -1.640327E-01   1.199232416E+00
   128   11673.168321   7.147148E-14   1.190074E+02    1.55761E+15   1.099999978E+00  -1.640327E-01   1.199232416E+00
   129   11673.168758   5.533180E-14   9.203016E+01    8.66136E+14   1.099999978E+00  -1.640327E-01   1.199232416E+00
   130   11673.169073   4.283678E-14   7.116828E+01    4.81631E+14   1.099999978E+00  -1.640327E-01   1.199232416E+00
   131   11673.169299   3.316339E-14   5.503548E+01    2.67820E+14   1.099999978E+00  -1.640327E-01   1.199232416E+00
   132   11673.169461   2.577555E-14   4.273605E+01    1.48847E+14   1.099999978E+00  -1.640327E-01   1.199232416E+00
   133   11673.169578   2.027226E-14   3.360421E+01    8.22369E+13   1.099999978E+00  -1.640327E-01   1.199232416E+00
   134   11673.169659   1.594396E-14   2.642366E+01    4.54354E+13   1.099999978E+00  -1.640327E-01   1.199232416E+00
   135   11673.169717   1.253979E-14   2.077746E+01    2.51028E+13   1.099999978E+00  -1.640327E-01   1.199232416E+00
   136   11673.169757   9.886062E-15   1.637703E+01    1.38619E+13   1.099999978E+00  -1.640327E-01   1.199232416E+00
   137   11673.169785   9.009409E-15   1.493187E+01    7.21336E+12   1.099999978E+00  -1.640327E-01   1.199232416E+00
   138   11673.169802   8.210494E-15   1.361423E+01    3.75363E+12   1.099999978E+00  -1.640327E-01   1.199232416E+00
   139   11673.169811   7.482424E-15   1.241287E+01    1.95328E+12   1.099999978E+00  -1.640327E-01   1.199232416E+00
   140   11673.169816   6.818836E-15   1.131613E+01    1.01645E+12   1.099999978E+00  -1.640327E-01   1.199232416E+00
   141   11673.169819   6.214005E-15   1.031298E+01    5.29033E+11   1.099999978E+00  -1.640327E-01   1.199232416E+00
   142   11673.169821   5.662823E-15   9.398761E+00    2.75345E+11   1.099999978E+00  -1.640327E-01   1.199232416E+00
   143   11673.169822   5.160530E-15   8.565585E+00    1.43309E+11   1.099999978E+00  -1.640327E-01   1.199232416E+00
   144   11673.169822   4.889598E-15   8.115996E+00    7.41514E+10   1.099999978E+00  -1.640327E-01   1.199232416E+00
   145   11673.169823   4.844412E-15   8.040683E+00    3.72289E+10   1.099999978E+00  -1.640327E-01   1.199232416E+00
   146   11673.169823   4.799643E-15   7.966069E+00    1.86913E+10   1.099999978E+00  -1.640327E-01   1.199232416E+00
   147   11673.169823   4.759038E-15   7.898718E+00    9.38299E+09   1.099999978E+00  -1.640327E-01   1.199232416E+00
   148   11673.169823   4.749997E-15   7.886669E+00    4.69467E+09   1.099999978E+00  -1.640327E-01   1.199232416E+00
   149   11673.169823   4.740974E-15   7.874639E+00    2.34892E+09   1.099999978E+00  -1.640327E-01   1.199232416E+00
   150   11673.169823   4.731969E-15   7.862626E+00    1.17526E+09   1.099999978E+00  -1.640327E-01   1.199232416E+00
   151   11673.169823   4.722938E-15   7.845869E+00    5.88145E+08   1.099999978E+00  -1.640327E-01   1.199232416E+00
