       6     556     307     388

     EOS file :  /Users/dany/Work/NStar/eos/v14/APR_EOS_Acc_Pd.dat           

  step        radius       baryon#       density        pressure       encl. mass            phi     encl. bar. mass 
                (m)        (#/fm3)       (g/cm3)        (dyn/cm2)      (sol. mass)                     (sol. mass)   

     0       0.000000   4.388004E-01   7.778194E+14    6.95308E+34   0.000000000E+00  -3.101772E-01   0.000000000E+00
     1       1.000000   4.388004E-01   7.778194E+14    6.95308E+34   1.638070562E-12  -3.101772E-01   1.547632241E-12
     2       1.033333   4.388004E-01   7.778194E+14    6.95308E+34   1.807398521E-12  -3.101772E-01   1.707611557E-12
     3       1.067778   4.388004E-01   7.778194E+14    6.95308E+34   1.994229973E-12  -3.101772E-01   1.884127995E-12
     4       1.103370   4.388004E-01   7.778194E+14    6.95308E+34   2.200374261E-12  -3.101772E-01   2.078891001E-12
     5       1.140149   4.388004E-01   7.778194E+14    6.95308E+34   2.427827760E-12  -3.101772E-01   2.293786731E-12
     6       1.178154   4.388004E-01   7.778194E+14    6.95308E+34   2.678793211E-12  -3.101772E-01   2.530896311E-12
     7       1.217426   4.388004E-01   7.778194E+14    6.95308E+34   2.955701052E-12  -3.101772E-01   2.792515996E-12
     8       1.258007   4.388004E-01   7.778194E+14    6.95308E+34   3.261232959E-12  -3.101772E-01   3.081179404E-12
     9       1.299941   4.388004E-01   7.778194E+14    6.95308E+34   3.598347812E-12  -3.101772E-01   3.399682055E-12
    10       1.343272   4.388004E-01   7.778194E+14    6.95308E+34   3.970310350E-12  -3.101772E-01   3.751108442E-12
    11       1.388048   4.388004E-01   7.778194E+14    6.95308E+34   4.380722793E-12  -3.101772E-01   4.138861903E-12
    12       1.434316   4.388004E-01   7.778194E+14    6.95308E+34   4.833559719E-12  -3.101772E-01   4.566697582E-12
    13       1.482126   4.388004E-01   7.778194E+14    6.95308E+34   5.333206565E-12  -3.101772E-01   5.038758791E-12
    14       1.531531   4.388004E-01   7.778194E+14    6.95308E+34   5.884502089E-12  -3.101772E-01   5.559617141E-12
    15       1.582582   4.388004E-01   7.778194E+14    6.95308E+34   6.492785232E-12  -3.101772E-01   6.134316810E-12
    16       1.635334   4.388004E-01   7.778194E+14    6.95308E+34   7.163946825E-12  -3.101772E-01   6.768423393E-12
    17       1.689846   4.388004E-01   7.778194E+14    6.95308E+34   7.904486638E-12  -3.101772E-01   7.468077805E-12
    18       1.746174   4.388004E-01   7.778194E+14    6.95308E+34   8.721576321E-12  -3.101772E-01   8.240055750E-12
    19       1.804380   4.388004E-01   7.778194E+14    6.95308E+34   9.623128862E-12  -3.101772E-01   9.091833337E-12
    20       1.864526   4.388004E-01   7.778194E+14    6.95308E+34   1.061787522E-11  -3.101772E-01   1.003165948E-11
    21       1.926676   4.388004E-01   7.778194E+14    6.95308E+34   1.171544886E-11  -3.101772E-01   1.106863580E-11
    22       1.990899   4.388004E-01   7.778194E+14    6.95308E+34   1.292647910E-11  -3.101772E-01   1.221280474E-11
    23       2.057262   4.388004E-01   7.778194E+14    6.95308E+34   1.426269397E-11  -3.101772E-01   1.347524683E-11
    24       2.125838   4.388004E-01   7.778194E+14    6.95308E+34   1.573703385E-11  -3.101772E-01   1.486818802E-11
    25       2.196699   4.388004E-01   7.778194E+14    6.95308E+34   1.736377678E-11  -3.101772E-01   1.640511805E-11
    26       2.269922   4.388004E-01   7.778194E+14    6.95308E+34   1.915867671E-11  -3.101772E-01   1.810092109E-11
    27       2.345586   4.388004E-01   7.778194E+14    6.95308E+34   2.113911609E-11  -3.101772E-01   1.997201990E-11
    28       2.423772   4.388004E-01   7.778194E+14    6.95308E+34   2.332427420E-11  -3.101772E-01   2.203653487E-11
    29       2.504565   4.388004E-01   7.778194E+14    6.95308E+34   2.573531289E-11  -3.101772E-01   2.431445950E-11
    30       2.588050   4.388004E-01   7.778194E+14    6.95308E+34   2.839558152E-11  -3.101772E-01   2.682785401E-11
    31       2.674319   4.388004E-01   7.778194E+14    6.95308E+34   3.133084306E-11  -3.101772E-01   2.960105901E-11
    32       2.763463   4.388004E-01   7.778194E+14    6.95308E+34   3.456952363E-11  -3.101772E-01   3.266093121E-11
    33       2.855578   4.388004E-01   7.778194E+14    6.95308E+34   3.814298776E-11  -3.101772E-01   3.603710348E-11
    34       2.950764   4.388004E-01   7.778194E+14    6.95308E+34   4.208584214E-11  -3.101772E-01   3.976227189E-11
    35       3.049123   4.388004E-01   7.778194E+14    6.95308E+34   4.643627077E-11  -3.101772E-01   4.387251227E-11
    36       3.150760   4.388004E-01   7.778194E+14    6.95308E+34   5.123640473E-11  -3.101772E-01   4.840762965E-11
    37       3.255786   4.388004E-01   7.778194E+14    6.95308E+34   5.653273023E-11  -3.101772E-01   5.341154372E-11
    38       3.364312   4.388004E-01   7.778194E+14    6.95308E+34   6.237653874E-11  -3.101772E-01   5.893271414E-11
    39       3.476455   4.388004E-01   7.778194E+14    6.95308E+34   6.882442376E-11  -3.101772E-01   6.502460987E-11
    40       3.592337   4.388004E-01   7.778194E+14    6.95308E+34   7.593882889E-11  -3.101772E-01   7.174622700E-11
    41       3.712082   4.388004E-01   7.778194E+14    6.95308E+34   8.378865253E-11  -3.101772E-01   7.916266001E-11
    42       3.835818   4.388004E-01   7.778194E+14    6.95308E+34   9.244991513E-11  -3.101772E-01   8.734573227E-11
    43       3.963678   4.388004E-01   7.778193E+14    6.95308E+34   1.020064954E-10  -3.101772E-01   9.637469152E-11
    44       4.095801   4.388004E-01   7.778193E+14    6.95308E+34   1.125509426E-10  -3.101772E-01   1.063369774E-10
    45       4.232328   4.388004E-01   7.778193E+14    6.95308E+34   1.241853728E-10  -3.101772E-01   1.173290681E-10
    46       4.373405   4.388004E-01   7.778193E+14    6.95308E+34   1.370224580E-10  -3.101772E-01   1.294574150E-10
    47       4.519185   4.388004E-01   7.778193E+14    6.95308E+34   1.511865170E-10  -3.101772E-01   1.428394731E-10
    48       4.669825   4.388004E-01   7.778193E+14    6.95308E+34   1.668147194E-10  -3.101772E-01   1.576048391E-10
    49       4.825486   4.388004E-01   7.778193E+14    6.95308E+34   1.840584141E-10  -3.101772E-01   1.738965058E-10
    50       4.986335   4.388004E-01   7.778193E+14    6.95308E+34   2.030845952E-10  -3.101772E-01   1.918722475E-10
    51       5.152546   4.388004E-01   7.778193E+14    6.95308E+34   2.240775186E-10  -3.101772E-01   2.117061474E-10
    52       5.324298   4.388004E-01   7.778193E+14    6.95308E+34   2.472404873E-10  -3.101772E-01   2.335902839E-10
    53       5.501774   4.388004E-01   7.778193E+14    6.95308E+34   2.727978192E-10  -3.101772E-01   2.577365907E-10
    54       5.685167   4.388004E-01   7.778193E+14    6.95308E+34   3.009970205E-10  -3.101772E-01   2.843789087E-10
    55       5.874672   4.388004E-01   7.778193E+14    6.95308E+34   3.321111817E-10  -3.101772E-01   3.137752515E-10
    56       6.070495   4.388004E-01   7.778193E+14    6.95308E+34   3.664416232E-10  -3.101772E-01   3.462103033E-10
    57       6.272844   4.388004E-01   7.778192E+14    6.95308E+34   4.043208126E-10  -3.101771E-01   3.819981763E-10
    58       6.481939   4.388003E-01   7.778192E+14    6.95308E+34   4.461155848E-10  -3.101771E-01   4.214854523E-10
    59       6.698004   4.388003E-01   7.778192E+14    6.95308E+34   4.922306944E-10  -3.101771E-01   4.650545397E-10
    60       6.921270   4.388003E-01   7.778192E+14    6.95308E+34   5.431127359E-10  -3.101771E-01   5.131273763E-10
    61       7.151979   4.388003E-01   7.778192E+14    6.95308E+34   5.992544679E-10  -3.101771E-01   5.661695156E-10
    62       7.390379   4.388003E-01   7.778192E+14    6.95307E+34   6.611995858E-10  -3.101771E-01   6.246946356E-10
    63       7.636724   4.388003E-01   7.778192E+14    6.95307E+34   7.295479865E-10  -3.101771E-01   6.892695131E-10
    64       7.891282   4.388003E-01   7.778191E+14    6.95307E+34   8.049615787E-10  -3.101771E-01   7.605195127E-10
    65       8.154324   4.388003E-01   7.778191E+14    6.95307E+34   8.881706923E-10  -3.101771E-01   8.391346432E-10
    66       8.426135   4.388003E-01   7.778191E+14    6.95307E+34   9.799811516E-10  -3.101771E-01   9.258762394E-10
    67       8.707006   4.388003E-01   7.778191E+14    6.95307E+34   1.081282079E-09  -3.101771E-01   1.021584335E-09
    68       8.997239   4.388003E-01   7.778191E+14    6.95307E+34   1.193054505E-09  -3.101771E-01   1.127185799E-09
    69       9.297147   4.388002E-01   7.778190E+14    6.95307E+34   1.316380870E-09  -3.101771E-01   1.243703310E-09
    70       9.607052   4.388002E-01   7.778190E+14    6.95307E+34   1.452455505E-09  -3.101771E-01   1.372265261E-09
    71       9.927286   4.388002E-01   7.778190E+14    6.95307E+34   1.602596200E-09  -3.101771E-01   1.514116687E-09
    72      10.258196   4.388002E-01   7.778190E+14    6.95307E+34   1.768256965E-09  -3.101770E-01   1.670631322E-09
    73      10.600135   4.388002E-01   7.778189E+14    6.95307E+34   1.951042109E-09  -3.101770E-01   1.843324903E-09
    74      10.953473   4.388002E-01   7.778189E+14    6.95307E+34   2.152721779E-09  -3.101770E-01   2.033869848E-09
    75      11.318588   4.388002E-01   7.778189E+14    6.95307E+34   2.375249102E-09  -3.101770E-01   2.244111454E-09
    76      11.695874   4.388001E-01   7.778188E+14    6.95306E+34   2.620779100E-09  -3.101770E-01   2.476085763E-09
    77      12.085736   4.388001E-01   7.778188E+14    6.95306E+34   2.891689556E-09  -3.101770E-01   2.732039284E-09
    78      12.488593   4.388001E-01   7.778187E+14    6.95306E+34   3.190604046E-09  -3.101770E-01   3.014450748E-09
    79      12.904879   4.388001E-01   7.778187E+14    6.95306E+34   3.520417343E-09  -3.101769E-01   3.326055110E-09
    80      13.335041   4.388000E-01   7.778186E+14    6.95306E+34   3.884323452E-09  -3.101769E-01   3.669870036E-09
    81      13.779541   4.388000E-01   7.778186E+14    6.95306E+34   4.285846539E-09  -3.101769E-01   4.049225128E-09
    82      14.238859   4.388000E-01   7.778185E+14    6.95306E+34   4.728875062E-09  -3.101769E-01   4.467794165E-09
    83      14.713486   4.388000E-01   7.778185E+14    6.95306E+34   5.217699425E-09  -3.101769E-01   4.929630684E-09
    84      15.203935   4.387999E-01   7.778184E+14    6.95305E+34   5.757053529E-09  -3.101768E-01   5.439207234E-09
    85      15.710732   4.387999E-01   7.778183E+14    6.95305E+34   6.352160615E-09  -3.101768E-01   6.001458688E-09
    86      16.234421   4.387998E-01   7.778183E+14    6.95305E+34   7.008783842E-09  -3.101768E-01   6.621830030E-09
    87      16.775567   4.387998E-01   7.778182E+14    6.95305E+34   7.733282105E-09  -3.101768E-01   7.306329091E-09
    88      17.334752   4.387998E-01   7.778181E+14    6.95305E+34   8.532671609E-09  -3.101767E-01   8.061584724E-09
    89      17.912575   4.387997E-01   7.778180E+14    6.95304E+34   9.414693816E-09  -3.101767E-01   8.894911000E-09
    90      18.509659   4.387997E-01   7.778179E+14    6.95304E+34   1.038789041E-08  -3.101767E-01   9.814378037E-09
    91      19.126646   4.387996E-01   7.778178E+14    6.95304E+34   1.146168602E-08  -3.101766E-01   1.082889015E-08
    92      19.764198   4.387996E-01   7.778177E+14    6.95303E+34   1.264647949E-08  -3.101766E-01   1.194827208E-08
    93      20.423003   4.387995E-01   7.778176E+14    6.95303E+34   1.395374456E-08  -3.101766E-01   1.318336415E-08
    94      21.103767   4.387994E-01   7.778175E+14    6.95303E+34   1.539614100E-08  -3.101765E-01   1.454612720E-08
    95      21.807223   4.387994E-01   7.778173E+14    6.95302E+34   1.698763719E-08  -3.101765E-01   1.604975848E-08
    96      22.534127   4.387993E-01   7.778172E+14    6.95302E+34   1.874364539E-08  -3.101764E-01   1.770881938E-08
    97      23.285261   4.387992E-01   7.778170E+14    6.95302E+34   2.068117101E-08  -3.101764E-01   1.953937649E-08
    98      24.061432   4.387991E-01   7.778169E+14    6.95301E+34   2.281897725E-08  -3.101763E-01   2.155915717E-08
    99      24.863475   4.387990E-01   7.778167E+14    6.95301E+34   2.517776680E-08  -3.101762E-01   2.378772120E-08
   100      25.692253   4.387990E-01   7.778165E+14    6.95300E+34   2.778038234E-08  -3.101762E-01   2.624665022E-08
   101      26.548656   4.387988E-01   7.778163E+14    6.95300E+34   3.065202773E-08  -3.101761E-01   2.895975670E-08
   102      27.433606   4.387987E-01   7.778161E+14    6.95299E+34   3.382051208E-08  -3.101760E-01   3.195331454E-08
   103      28.348053   4.387986E-01   7.778159E+14    6.95298E+34   3.731651899E-08  -3.101759E-01   3.525631347E-08
   104      29.292981   4.387985E-01   7.778157E+14    6.95298E+34   4.117390374E-08  -3.101759E-01   3.890073980E-08
   105      30.269405   4.387984E-01   7.778154E+14    6.95297E+34   4.543002107E-08  -3.101758E-01   4.292188617E-08
   106      31.278377   4.387982E-01   7.778151E+14    6.95296E+34   5.012608693E-08  -3.101757E-01   4.735869324E-08
   107      32.320980   4.387981E-01   7.778148E+14    6.95295E+34   5.530757755E-08  -3.101756E-01   5.225412682E-08
   108      33.398335   4.387979E-01   7.778145E+14    6.95295E+34   6.102466981E-08  -3.101755E-01   5.765559391E-08
   109      34.511602   4.387978E-01   7.778142E+14    6.95294E+34   6.733272710E-08  -3.101753E-01   6.361540172E-08
   110      35.661975   4.387976E-01   7.778138E+14    6.95293E+34   7.429283538E-08  -3.101752E-01   7.019126420E-08
   111      36.850694   4.387974E-01   7.778135E+14    6.95292E+34   8.197239470E-08  -3.101751E-01   7.744686085E-08
   112      38.079035   4.387972E-01   7.778131E+14    6.95291E+34   9.044577178E-08  -3.101749E-01   8.545245333E-08
   113      39.348318   4.387969E-01   7.778126E+14    6.95289E+34   9.979502010E-08  -3.101748E-01   9.428556581E-08
   114      40.659910   4.387967E-01   7.778122E+14    6.95288E+34   1.101106744E-07  -3.101746E-01   1.040317356E-07
   115      42.015219   4.387965E-01   7.778117E+14    6.95287E+34   1.214926271E-07  -3.101744E-01   1.147853413E-07
   116      43.415703   4.387962E-01   7.778112E+14    6.95285E+34   1.340510957E-07  -3.101742E-01   1.266505168E-07
   117      44.862868   4.387959E-01   7.778106E+14    6.95284E+34   1.479076900E-07  -3.101740E-01   1.397421594E-07
   118      46.358269   4.387956E-01   7.778100E+14    6.95282E+34   1.631965891E-07  -3.101738E-01   1.541870420E-07
   119      47.903513   4.387953E-01   7.778094E+14    6.95280E+34   1.800658407E-07  -3.101736E-01   1.701250412E-07
   120      49.500262   4.387949E-01   7.778087E+14    6.95278E+34   1.986787947E-07  -3.101733E-01   1.877104909E-07
   121      51.150233   4.387945E-01   7.778080E+14    6.95276E+34   2.192156843E-07  -3.101731E-01   2.071136770E-07
   122      52.855199   4.387941E-01   7.778072E+14    6.95274E+34   2.418753709E-07  -3.101728E-01   2.285224854E-07
   123      54.616993   4.387937E-01   7.778064E+14    6.95272E+34   2.668772695E-07  -3.101725E-01   2.521442218E-07
   124      56.437508   4.387933E-01   7.778055E+14    6.95269E+34   2.944634725E-07  -3.101722E-01   2.782076180E-07
   125      58.318702   4.387928E-01   7.778045E+14    6.95267E+34   3.249010935E-07  -3.101718E-01   3.069650466E-07
   126      60.262597   4.387923E-01   7.778035E+14    6.95264E+34   3.584848529E-07  -3.101715E-01   3.386949637E-07
   127      62.271282   4.387917E-01   7.778024E+14    6.95261E+34   3.955399309E-07  -3.101711E-01   3.737046051E-07
   128      64.346916   4.387911E-01   7.778013E+14    6.95258E+34   4.364251150E-07  -3.101707E-01   4.123329598E-07
   129      66.491729   4.387905E-01   7.778001E+14    6.95254E+34   4.815362727E-07  -3.101702E-01   4.549540517E-07
   130      68.708028   4.387898E-01   7.777987E+14    6.95251E+34   5.313101835E-07  -3.101698E-01   5.019805598E-07
   131      70.998194   4.387891E-01   7.777973E+14    6.95247E+34   5.862287658E-07  -3.101693E-01   5.538678127E-07
   132      73.364689   4.387883E-01   7.777958E+14    6.95243E+34   6.468237415E-07  -3.101687E-01   6.111181957E-07
   133      75.810055   4.387875E-01   7.777942E+14    6.95238E+34   7.136817816E-07  -3.101681E-01   6.742860130E-07
   134      78.336920   4.387866E-01   7.777925E+14    6.95234E+34   7.874501836E-07  -3.101675E-01   7.439828523E-07
   135      80.948001   4.387857E-01   7.777907E+14    6.95229E+34   8.688431356E-07  -3.101669E-01   8.208835038E-07
   136      83.646101   4.387847E-01   7.777888E+14    6.95223E+34   9.586486267E-07  -3.101662E-01   9.057324900E-07
   137      86.434122   4.387836E-01   7.777867E+14    6.95217E+34   1.057736072E-06  -3.101654E-01   9.993512704E-07
   138      89.315057   4.387825E-01   7.777845E+14    6.95211E+34   1.167064723E-06  -3.101646E-01   1.102646190E-06
   139      92.292002   4.387812E-01   7.777821E+14    6.95205E+34   1.287692951E-06  -3.101638E-01   1.216617249E-06
   140      95.368156   4.387799E-01   7.777796E+14    6.95198E+34   1.420788481E-06  -3.101629E-01   1.342367777E-06
   141      98.546824   4.387785E-01   7.777769E+14    6.95190E+34   1.567639694E-06  -3.101619E-01   1.481115109E-06
   142     101.831418   4.387771E-01   7.777740E+14    6.95182E+34   1.729668082E-06  -3.101609E-01   1.634202360E-06
   143     105.225468   4.387755E-01   7.777709E+14    6.95174E+34   1.908442000E-06  -3.101597E-01   1.803111416E-06
   144     108.732619   4.387738E-01   7.777676E+14    6.95165E+34   2.105691834E-06  -3.101586E-01   1.989477272E-06
   145     112.356638   4.387720E-01   7.777641E+14    6.95155E+34   2.323326733E-06  -3.101573E-01   2.195103838E-06
   146     116.101415   4.387701E-01   7.777604E+14    6.95145E+34   2.563453066E-06  -3.101559E-01   2.421981388E-06
   147     119.970972   4.387680E-01   7.777564E+14    6.95133E+34   2.828394789E-06  -3.101545E-01   2.672305808E-06
   148     123.969464   4.387658E-01   7.777521E+14    6.95122E+34   3.120715911E-06  -3.101530E-01   2.948499819E-06
   149     128.101184   4.387634E-01   7.777476E+14    6.95109E+34   3.443245275E-06  -3.101513E-01   3.253236407E-06
   150     132.370565   4.387609E-01   7.777427E+14    6.95095E+34   3.799103896E-06  -3.101496E-01   3.589464656E-06
   151     136.782191   4.387583E-01   7.777375E+14    6.95081E+34   4.191735123E-06  -3.101477E-01   3.960438257E-06
   152     141.340797   4.387554E-01   7.777319E+14    6.95066E+34   4.624937903E-06  -3.101457E-01   4.369746944E-06
   153     146.051273   4.387524E-01   7.777260E+14    6.95049E+34   5.102903484E-06  -3.101436E-01   4.821351188E-06
   154     150.918674   4.387491E-01   7.777197E+14    6.95032E+34   5.630255888E-06  -3.101413E-01   5.319620454E-06
   155     155.948221   4.387456E-01   7.777129E+14    6.95013E+34   6.212096574E-06  -3.101388E-01   5.869375410E-06
   156     161.145308   4.387419E-01   7.777057E+14    6.94993E+34   6.854053680E-06  -3.101362E-01   6.475934483E-06
   157     166.515508   4.387379E-01   7.776980E+14    6.94972E+34   7.562336358E-06  -3.101335E-01   7.145165218E-06
   158     172.064580   4.387337E-01   7.776898E+14    6.94949E+34   8.343794694E-06  -3.101305E-01   7.883540918E-06
   159     177.798472   4.387292E-01   7.776810E+14    6.94924E+34   9.205985797E-06  -3.101273E-01   8.698203129E-06
   160     183.723329   4.387243E-01   7.776716E+14    6.94898E+34   1.015724670E-05  -3.101240E-01   9.597030552E-06
   161     189.845499   4.387192E-01   7.776616E+14    6.94871E+34   1.120677474E-05  -3.101204E-01   1.058871506E-05
   162     196.171541   4.387137E-01   7.776509E+14    6.94841E+34   1.236471626E-05  -3.101165E-01   1.168284552E-05
   163     202.708229   4.387078E-01   7.776395E+14    6.94809E+34   1.364226434E-05  -3.101124E-01   1.289000026E-05
   164     209.462564   4.387015E-01   7.776273E+14    6.94776E+34   1.505176669E-05  -3.101080E-01   1.422184904E-05
   165     216.441773   4.386948E-01   7.776143E+14    6.94740E+34   1.660684455E-05  -3.101033E-01   1.569126551E-05
   166     223.653325   4.386877E-01   7.776004E+14    6.94701E+34   1.832252379E-05  -3.100983E-01   1.731245123E-05
   167     231.104935   4.386800E-01   7.775855E+14    6.94660E+34   2.021537957E-05  -3.100930E-01   1.910107238E-05
   168     238.804570   4.386719E-01   7.775697E+14    6.94616E+34   2.230369575E-05  -3.100872E-01   2.107441066E-05
   169     246.760460   4.386632E-01   7.775527E+14    6.94569E+34   2.460764069E-05  -3.100812E-01   2.325152948E-05
   170     254.981106   4.386539E-01   7.775347E+14    6.94519E+34   2.714946106E-05  -3.100746E-01   2.565345737E-05
   171     263.475288   4.386439E-01   7.775154E+14    6.94466E+34   2.995369556E-05  -3.100677E-01   2.830339012E-05
   172     272.252073   4.386333E-01   7.774948E+14    6.94409E+34   3.304741044E-05  -3.100603E-01   3.122691364E-05
   173     281.320827   4.386220E-01   7.774728E+14    6.94348E+34   3.646045924E-05  -3.100524E-01   3.445224974E-05
   174     290.691220   4.386099E-01   7.774493E+14    6.94283E+34   4.022576894E-05  -3.100439E-01   3.801052690E-05
   175     300.373240   4.385970E-01   7.774243E+14    6.94213E+34   4.437965552E-05  -3.100349E-01   4.193607897E-05
   176     310.377199   4.385832E-01   7.773975E+14    6.94139E+34   4.896217165E-05  -3.100252E-01   4.626677422E-05
   177     320.713748   4.385685E-01   7.773689E+14    6.94060E+34   5.401748985E-05  -3.100150E-01   5.104437811E-05
   178     331.393882   4.385528E-01   7.773384E+14    6.93975E+34   5.959432477E-05  -3.100040E-01   5.631495310E-05
   179     342.428954   4.385361E-01   7.773058E+14    6.93885E+34   6.574639843E-05  -3.099922E-01   6.212929917E-05
   180     353.830686   4.385182E-01   7.772711E+14    6.93789E+34   7.253295282E-05  -3.099797E-01   6.854343935E-05
   181     365.611178   4.384990E-01   7.772339E+14    6.93686E+34   8.001931459E-05  -3.099664E-01   7.561915457E-05
   182     377.782922   4.384786E-01   7.771943E+14    6.93576E+34   8.827751704E-05  -3.099521E-01   8.342457298E-05
   183     390.358811   4.384568E-01   7.771520E+14    6.93459E+34   9.738698525E-05  -3.099368E-01   9.203481911E-05
   184     403.352155   4.384336E-01   7.771068E+14    6.93334E+34   1.074352905E-04  -3.099206E-01   1.015327289E-04
   185     416.776688   4.384087E-01   7.770585E+14    6.93201E+34   1.185189809E-04  -3.099032E-01   1.120096374E-04
   186     430.646586   4.383822E-01   7.770070E+14    6.93058E+34   1.307444962E-04  -3.098847E-01   1.235662456E-04
   187     444.976476   4.383539E-01   7.769520E+14    6.92906E+34   1.442291743E-04  -3.098649E-01   1.363135757E-04
   188     459.781449   4.383237E-01   7.768933E+14    6.92744E+34   1.591023595E-04  -3.098438E-01   1.503740221E-04
   189     475.077076   4.382914E-01   7.768307E+14    6.92571E+34   1.755066218E-04  -3.098212E-01   1.658825083E-04
   190     490.879419   4.382570E-01   7.767638E+14    6.92386E+34   1.935990982E-04  -3.097971E-01   1.829877609E-04
   191     507.205044   4.382202E-01   7.766924E+14    6.92188E+34   2.135529686E-04  -3.097714E-01   2.018537102E-04
   192     524.071040   4.381810E-01   7.766161E+14    6.91978E+34   2.355590788E-04  -3.097440E-01   2.226610323E-04
   193     541.495023   4.381391E-01   7.765348E+14    6.91753E+34   2.598277246E-04  -3.097147E-01   2.456088442E-04
   194     559.495161   4.380944E-01   7.764479E+14    6.91513E+34   2.865906133E-04  -3.096835E-01   2.709165688E-04
   195     578.090181   4.380466E-01   7.763551E+14    6.91257E+34   3.161030198E-04  -3.096501E-01   2.988259849E-04
   196     597.299385   4.379957E-01   7.762562E+14    6.90983E+34   3.486461543E-04  -3.096145E-01   3.296034803E-04
   197     617.142665   4.379413E-01   7.761505E+14    6.90692E+34   3.845297639E-04  -3.095766E-01   3.635425283E-04
   198     637.640516   4.378832E-01   7.760377E+14    6.90380E+34   4.240949887E-04  -3.095360E-01   4.009664075E-04
   199     658.814050   4.378212E-01   7.759173E+14    6.90048E+34   4.677174963E-04  -3.094927E-01   4.422311894E-04
   200     680.685013   4.377550E-01   7.757888E+14    6.89694E+34   5.158109218E-04  -3.094465E-01   4.877290179E-04
   201     703.275794   4.376844E-01   7.756517E+14    6.89316E+34   5.688306402E-04  -3.093973E-01   5.378917090E-04
   202     726.609440   4.376091E-01   7.755053E+14    6.88913E+34   6.272779019E-04  -3.093447E-01   5.931946994E-04
   203     750.709672   4.375286E-01   7.753491E+14    6.88482E+34   6.917043653E-04  -3.092886E-01   6.541613774E-04
   204     775.600894   4.374428E-01   7.751824E+14    6.88023E+34   7.627170608E-04  -3.092287E-01   7.213678289E-04
   205     801.308206   4.373512E-01   7.750046E+14    6.87534E+34   8.409838245E-04  -3.091648E-01   7.954480391E-04
   206     827.857416   4.372535E-01   7.748147E+14    6.87012E+34   9.272392445E-04  -3.090966E-01   8.770995878E-04
   207     855.275052   4.371491E-01   7.746121E+14    6.86455E+34   1.022291162E-03  -3.090239E-01   9.670898831E-04
   208     883.588368   4.370378E-01   7.743960E+14    6.85861E+34   1.127027774E-03  -3.089464E-01   1.066262981E-03
   209     912.825354   4.369191E-01   7.741654E+14    6.85227E+34   1.242425394E-03  -3.088636E-01   1.175547039E-03
   210     943.014748   4.367923E-01   7.739193E+14    6.84552E+34   1.369556914E-03  -3.087754E-01   1.295962465E-03
   211     974.186034   4.366571E-01   7.736568E+14    6.83832E+34   1.509601035E-03  -3.086812E-01   1.428630802E-03
   212    1006.369450   4.365129E-01   7.733767E+14    6.83065E+34   1.663852320E-03  -3.085809E-01   1.574784432E-03
   213    1039.595995   4.363590E-01   7.730780E+14    6.82247E+34   1.833732137E-03  -3.084738E-01   1.735777151E-03
   214    1073.897419   4.361949E-01   7.727593E+14    6.81375E+34   2.020800553E-03  -3.083597E-01   1.913095675E-03
   215    1109.306231   4.360198E-01   7.724194E+14    6.80446E+34   2.226769252E-03  -3.082380E-01   2.108372172E-03
   216    1145.855689   4.358331E-01   7.720569E+14    6.79456E+34   2.453515552E-03  -3.081082E-01   2.323397873E-03
   217    1183.579792   4.356340E-01   7.716703E+14    6.78401E+34   2.703097584E-03  -3.079699E-01   2.560137851E-03
   218    1222.513271   4.354216E-01   7.712580E+14    6.77278E+34   2.977770715E-03  -3.078225E-01   2.820747045E-03
   219    1262.691573   4.351951E-01   7.708185E+14    6.76081E+34   3.280005292E-03  -3.076654E-01   3.107587611E-03
   220    1304.150842   4.349537E-01   7.703498E+14    6.74807E+34   3.612505771E-03  -3.074980E-01   3.423247685E-03
   221    1346.927897   4.346963E-01   7.698502E+14    6.73451E+34   3.978231311E-03  -3.073196E-01   3.770561637E-03
   222    1391.060199   4.344219E-01   7.693177E+14    6.72007E+34   4.380417906E-03  -3.071296E-01   4.152631902E-03
   223    1436.585821   4.341294E-01   7.687501E+14    6.70471E+34   4.822602098E-03  -3.069273E-01   4.572852462E-03
   224    1483.543407   4.338178E-01   7.681452E+14    6.68836E+34   5.308646354E-03  -3.067118E-01   5.034934061E-03
   225    1531.972123   4.334856E-01   7.675007E+14    6.67097E+34   5.842766130E-03  -3.064823E-01   5.542931208E-03
   226    1581.911603   4.331317E-01   7.668141E+14    6.65248E+34   6.429558657E-03  -3.062380E-01   6.101271043E-03
   227    1633.401888   4.327547E-01   7.660826E+14    6.63281E+34   7.074033471E-03  -3.059781E-01   6.714784086E-03
   228    1686.483350   4.323531E-01   7.653036E+14    6.61192E+34   7.781644670E-03  -3.057014E-01   7.388736921E-03
   229    1741.196617   4.319255E-01   7.644740E+14    6.58971E+34   8.558324861E-03  -3.054071E-01   8.128866805E-03
   230    1797.582477   4.314701E-01   7.635908E+14    6.56613E+34   9.410520738E-03  -3.050941E-01   8.941418189E-03
   231    1855.681780   4.309853E-01   7.626506E+14    6.54109E+34   1.034523017E-02  -3.047612E-01   9.833181093E-03
   232    1915.535316   4.304693E-01   7.616499E+14    6.51451E+34   1.137004066E-02  -3.044074E-01   1.081153125E-02
   233    1977.183695   4.299200E-01   7.605857E+14    6.48631E+34   1.249316907E-02  -3.040313E-01   1.188447180E-02
   234    2040.667163   4.293346E-01   7.594565E+14    6.45639E+34   1.372350440E-02  -3.036319E-01   1.306067395E-02
   235    2106.025283   4.287119E-01   7.582555E+14    6.42469E+34   1.507064178E-02  -3.032076E-01   1.434951972E-02
   236    2173.297187   4.280497E-01   7.569786E+14    6.39109E+34   1.654493036E-02  -3.027572E-01   1.576115579E-02
   237    2242.521161   4.273457E-01   7.556213E+14    6.35551E+34   1.815751192E-02  -3.022792E-01   1.730653427E-02
   238    2313.734445   4.265975E-01   7.541789E+14    6.31784E+34   1.992036049E-02  -3.017721E-01   1.899745813E-02
   239    2386.973001   4.258026E-01   7.526466E+14    6.27799E+34   2.184632021E-02  -3.012344E-01   2.084662593E-02
   240    2462.271274   4.249582E-01   7.510193E+14    6.23587E+34   2.394914055E-02  -3.006645E-01   2.286767503E-02
   241    2539.661926   4.240616E-01   7.492919E+14    6.19135E+34   2.624350775E-02  -3.000607E-01   2.507522241E-02
   242    2619.175556   4.231100E-01   7.474587E+14    6.14435E+34   2.874507149E-02  -2.994215E-01   2.748490213E-02
   243    2700.840389   4.221004E-01   7.455140E+14    6.09476E+34   3.147046532E-02  -2.987449E-01   3.011339804E-02
   244    2784.681955   4.210295E-01   7.434521E+14    6.04247E+34   3.443731935E-02  -2.980294E-01   3.297847059E-02
   245    2870.722741   4.198941E-01   7.412669E+14    5.98739E+34   3.766426391E-02  -2.972730E-01   3.609897560E-02
   246    2958.981790   4.186879E-01   7.389550E+14    5.92941E+34   4.117092861E-02  -2.964740E-01   3.949485857E-02
   247    3049.474031   4.174104E-01   7.365071E+14    5.86843E+34   4.497790091E-02  -2.956306E-01   4.318715481E-02
   248    3142.210513   4.160581E-01   7.339165E+14    5.80436E+34   4.910670945E-02  -2.947408E-01   4.719800856E-02
   249    3237.197649   4.146273E-01   7.311764E+14    5.73712E+34   5.357976413E-02  -2.938030E-01   5.155062115E-02
   250    3334.436778   4.131145E-01   7.282800E+14    5.66662E+34   5.842028245E-02  -2.928152E-01   5.626920222E-02
   251    3433.923711   4.115158E-01   7.252202E+14    5.59278E+34   6.365219377E-02  -2.917758E-01   6.137890024E-02
   252    3535.648269   4.098269E-01   7.219903E+14    5.51554E+34   6.930001961E-02  -2.906830E-01   6.690570854E-02
   253    3639.593744   4.080400E-01   7.185871E+14    5.43484E+34   7.538874391E-02  -2.895351E-01   7.287630270E-02
   254    3745.735959   4.061554E-01   7.149993E+14    5.35064E+34   8.194358457E-02  -2.883305E-01   7.931790353E-02
   255    3854.043887   4.041695E-01   7.112199E+14    5.26290E+34   8.898983735E-02  -2.870679E-01   8.625818640E-02
   256    3964.478629   4.020783E-01   7.072419E+14    5.17162E+34   9.655262150E-02  -2.857458E-01   9.372501285E-02
   257    4076.992969   3.998777E-01   7.030586E+14    5.07678E+34   1.046566093E-01  -2.843631E-01   1.017461822E-01
   258    4191.530908   3.975563E-01   6.986681E+14    4.97841E+34   1.133257520E-01  -2.829188E-01   1.103490488E-01
   259    4308.026574   3.951183E-01   6.940590E+14    4.87656E+34   1.225828558E-01  -2.814121E-01   1.195602322E-01
   260    4426.405355   3.925603E-01   6.892254E+14    4.77127E+34   1.324492991E-01  -2.798423E-01   1.294054513E-01
   261    4546.582847   3.898785E-01   6.841613E+14    4.66264E+34   1.429446119E-01  -2.782092E-01   1.399090051E-01
   262    4668.464664   3.870585E-01   6.788564E+14    4.55076E+34   1.540860157E-01  -2.765126E-01   1.510931662E-01
   263    4791.947103   3.841091E-01   6.733109E+14    4.43578E+34   1.658881143E-01  -2.747529E-01   1.629779788E-01
   264    4916.915307   3.810279E-01   6.675208E+14    4.31785E+34   1.783623285E-01  -2.729306E-01   1.755807854E-01
   265    5043.244140   3.778023E-01   6.614818E+14    4.19715E+34   1.915164810E-01  -2.710465E-01   1.889155365E-01
   266    5170.798410   3.744357E-01   6.551918E+14    4.07390E+34   2.053543613E-01  -2.691021E-01   2.029921220E-01
   267    5299.432909   3.709317E-01   6.486491E+14    3.94833E+34   2.198753073E-01  -2.670989E-01   2.178164745E-01
   268    5428.992738   3.672737E-01   6.418413E+14    3.82071E+34   2.350736955E-01  -2.650390E-01   2.333895367E-01
   269    5559.316083   3.634712E-01   6.347758E+14    3.69132E+34   2.509388137E-01  -2.629249E-01   2.497069098E-01
   270    5690.231171   3.595269E-01   6.274550E+14    3.56047E+34   2.674545177E-01  -2.607595E-01   2.667589290E-01
   271    5821.558093   3.554212E-01   6.198645E+14    3.42849E+34   2.845986042E-01  -2.585461E-01   2.845292267E-01
   272    5953.113369   3.511788E-01   6.120268E+14    3.29574E+34   3.023435540E-01  -2.562883E-01   3.029958038E-01
   273    6084.703621   3.467795E-01   6.039275E+14    3.16257E+34   3.206554762E-01  -2.539903E-01   3.221297543E-01
   274    6216.134509   3.422398E-01   5.955842E+14    3.02937E+34   3.394948528E-01  -2.516564E-01   3.418954601E-01
   275    6347.205526   3.375520E-01   5.869900E+14    2.89650E+34   3.588165258E-01  -2.492914E-01   3.622512597E-01
   276    6477.716799   3.327214E-01   5.781545E+14    2.76437E+34   3.785694445E-01  -2.469004E-01   3.831479800E-01
   277    6607.467191   3.277512E-01   5.690826E+14    2.63336E+34   3.986984002E-01  -2.444888E-01   4.045317894E-01
   278    6736.257053   3.226427E-01   5.597796E+14    2.50384E+34   4.191425779E-01  -2.420620E-01   4.263414416E-01
   279    6863.889968   3.085889E-01   5.342000E+14    2.37679E+34   4.397367015E-01  -2.396258E-01   4.484083078E-01
   280    6993.892303   3.034417E-01   5.248666E+14    2.25137E+34   4.606178149E-01  -2.371160E-01   4.709023032E-01
   281    7122.297427   2.981956E-01   5.153728E+14    2.12863E+34   4.816384525E-01  -2.346112E-01   4.936395838E-01
   282    7248.923700   2.928452E-01   5.057200E+14    2.00886E+34   5.027280145E-01  -2.321170E-01   5.165438277E-01
   283    7373.598760   2.874021E-01   4.959217E+14    1.89234E+34   5.238160144E-01  -2.296392E-01   5.395381975E-01
   284    7496.157885   2.818725E-01   4.859911E+14    1.77930E+34   5.448304219E-01  -2.271832E-01   5.625424048E-01
   285    7616.445932   2.762549E-01   4.759309E+14    1.66998E+34   5.657011859E-01  -2.247544E-01   5.854777107E-01
   286    7734.320827   2.705764E-01   4.657799E+14    1.56454E+34   5.863592570E-01  -2.223579E-01   6.082648470E-01
   287    7849.646176   2.648150E-01   4.555178E+14    1.46316E+34   6.067378230E-01  -2.199987E-01   6.308262537E-01
   288    7962.306494   2.590150E-01   4.452016E+14    1.36594E+34   6.267745491E-01  -2.176813E-01   6.530882198E-01
   289    8072.189015   2.531540E-01   4.348027E+14    1.27300E+34   6.464088237E-01  -2.154100E-01   6.749783593E-01
   290    8179.205490   2.472608E-01   4.243678E+14    1.18438E+34   6.655873546E-01  -2.131886E-01   6.964318769E-01
   291    8283.273596   2.413419E-01   4.139099E+14    1.10013E+34   6.842592011E-01  -2.110208E-01   7.173854457E-01
   292    8384.326038   2.353969E-01   4.034360E+14    1.02023E+34   7.023807835E-01  -2.089095E-01   7.377839778E-01
   293    8482.311332   2.294619E-01   3.929952E+14    9.44660E+33   7.199139734E-01  -2.068573E-01   7.575778866E-01
   294    8577.183645   2.235110E-01   3.825495E+14    8.73378E+33   7.368250303E-01  -2.048668E-01   7.767227262E-01
   295    8668.923571   2.175844E-01   3.721634E+14    8.06298E+33   7.530890187E-01  -2.029394E-01   7.951839957E-01
   296    8757.512441   2.116812E-01   3.618392E+14    7.43328E+33   7.686840703E-01  -2.010768E-01   8.129302669E-01
   297    8842.947274   1.902335E-01   3.244070E+14    6.86007E+33   7.831688853E-01  -1.992802E-01   8.294619694E-01
   298    8932.211052   1.770430E-01   3.014415E+14    6.32812E+33   7.968916626E-01  -1.974063E-01   8.451866053E-01
   299    9022.277010   1.720315E-01   2.927371E+14    5.81266E+33   8.105159668E-01  -1.955214E-01   8.608299980E-01
   300    9108.958562   1.670926E-01   2.841725E+14    5.33318E+33   8.234991485E-01  -1.937134E-01   8.757639043E-01
   301    9192.276365   1.622324E-01   2.757548E+14    4.88797E+33   8.358393635E-01  -1.919817E-01   8.899818095E-01
   302    9272.260623   1.574467E-01   2.674813E+14    4.47529E+33   8.475388820E-01  -1.903253E-01   9.034826109E-01
   303    9348.953147   1.527410E-01   2.593592E+14    4.09340E+33   8.586036557E-01  -1.887432E-01   9.162691190E-01
   304    9422.403679   1.481132E-01   2.513835E+14    3.74057E+33   8.690435032E-01  -1.872339E-01   9.283495417E-01
   305    9492.672298   1.435603E-01   2.435518E+14    3.41511E+33   8.788705281E-01  -1.857958E-01   9.397344760E-01
   306    9559.828052   1.390969E-01   2.358797E+14    3.11531E+33   8.881009069E-01  -1.844271E-01   9.504400690E-01
   307    9623.942375   1.346984E-01   2.283305E+14    2.83957E+33   8.967512888E-01  -1.831257E-01   9.604831707E-01
   308    9685.103288   1.304045E-01   2.209638E+14    2.58627E+33   9.048427156E-01  -1.818896E-01   9.698861301E-01
   309    9743.387297   1.262145E-01   2.137835E+14    2.35387E+33   9.123964878E-01  -1.807165E-01   9.786718738E-01
   310    9798.874265   1.221302E-01   2.067877E+14    2.14090E+33   9.194349991E-01  -1.796045E-01   9.868647984E-01
   311    9851.648177   1.181265E-01   1.999351E+14    1.94596E+33   9.259813105E-01  -1.785513E-01   9.944904028E-01
   312    9901.806175   1.142027E-01   1.932246E+14    1.76775E+33   9.320584206E-01  -1.775546E-01   1.001574177E+00
   313    9949.447934   1.103875E-01   1.867024E+14    1.60497E+33   9.376917686E-01  -1.766118E-01   1.008144749E+00
   314    9994.661961   1.065674E-01   1.801858E+14    1.45648E+33   9.429031751E-01  -1.757208E-01   1.014226545E+00
   315   10037.582398   1.028489E-01   1.738459E+14    1.32110E+33   9.477189673E-01  -1.748785E-01   1.019849347E+00
   316   10078.300166   9.920696E-02   1.676398E+14    1.19777E+33   9.521631265E-01  -1.740826E-01   1.025040536E+00
   317   10116.915099   9.554936E-02   1.614134E+14    1.08559E+33   9.562559057E-01  -1.733308E-01   1.029823179E+00
   318   10153.562816   9.201295E-02   1.553949E+14    9.83526E+32   9.600235711E-01  -1.726201E-01   1.034227494E+00
   319   10188.321828   8.792905E-02   1.484404E+14    8.90855E+32   9.634834997E-01  -1.719486E-01   1.038273491E+00
   320   10221.525534   8.315290E-02   1.403033E+14    8.07294E+32   9.666371479E-01  -1.713097E-01   1.041963206E+00
   321   10253.584554   7.862311E-02   1.325900E+14    7.31356E+32   9.695333599E-01  -1.706951E-01   1.045353476E+00
   322   10284.527977   7.432868E-02   1.252813E+14    6.62383E+32   9.721911912E-01  -1.701042E-01   1.048466224E+00
   323   10314.384961   7.025887E-02   1.183586E+14    5.99764E+32   9.746285428E-01  -1.695363E-01   1.051322086E+00
   324   10343.184650   6.640324E-02   1.118037E+14    5.42940E+32   9.768621970E-01  -1.689906E-01   1.053940441E+00
   325   10370.956112   6.275164E-02   1.055990E+14    4.91396E+32   9.789078563E-01  -1.684665E-01   1.056339450E+00
   326   10397.728266   5.929429E-02   9.972746E+13    4.44658E+32   9.807801861E-01  -1.679632E-01   1.058536097E+00
   327   10423.529828   5.602170E-02   9.417271E+13    4.02293E+32   9.824928599E-01  -1.674800E-01   1.060546237E+00
   328   10448.389257   5.292477E-02   8.891893E+13    3.63904E+32   9.840586060E-01  -1.670161E-01   1.062384645E+00
   329   10472.334706   4.999471E-02   8.395093E+13    3.29129E+32   9.854892546E-01  -1.665711E-01   1.064065068E+00
   330   10495.393980   4.722312E-02   7.925413E+13    2.97634E+32   9.867957855E-01  -1.661440E-01   1.065600277E+00
   331   10517.594497   4.460191E-02   7.481458E+13    2.69119E+32   9.879883758E-01  -1.657344E-01   1.067002117E+00
   332   10538.963253   4.212337E-02   7.061893E+13    2.43307E+32   9.890764461E-01  -1.653415E-01   1.068281563E+00
   333   10559.526793   3.978010E-02   6.665441E+13    2.19947E+32   9.900687066E-01  -1.649647E-01   1.069448767E+00
   334   10579.311184   3.756506E-02   6.290886E+13    1.98809E+32   9.909732015E-01  -1.646034E-01   1.070513112E+00
   335   10598.341989   3.547150E-02   5.937065E+13    1.79687E+32   9.917973514E-01  -1.642571E-01   1.071483259E+00
   336   10616.644253   3.349301E-02   5.602873E+13    1.62389E+32   9.925479953E-01  -1.639251E-01   1.072367193E+00
   337   10634.242483   3.162348E-02   5.287258E+13    1.46746E+32   9.932314295E-01  -1.636068E-01   1.073172271E+00
   338   10651.160633   2.985710E-02   4.989217E+13    1.32600E+32   9.938534458E-01  -1.633018E-01   1.073905261E+00
   339   10667.422099   2.818834E-02   4.707801E+13    1.19810E+32   9.944193669E-01  -1.630095E-01   1.074572388E+00
   340   10683.049701   2.661194E-02   4.442105E+13    1.08247E+32   9.949340805E-01  -1.627295E-01   1.075179370E+00
   341   10698.065689   2.512291E-02   4.191272E+13    9.77949E+31   9.954020714E-01  -1.624611E-01   1.075731454E+00
   342   10712.491728   2.371651E-02   3.954487E+13    8.83473E+31   9.958274515E-01  -1.622040E-01   1.076233456E+00
   343   10726.348902   2.224733E-02   3.708557E+13    7.98176E+31   9.962135835E-01  -1.619577E-01   1.076689286E+00
   344   10739.739484   2.074938E-02   3.458902E+13    7.21442E+31   9.965627608E-01  -1.617203E-01   1.077101434E+00
   345   10752.754756   1.935181E-02   3.225971E+13    6.52061E+31   9.968800795E-01  -1.614901E-01   1.077475910E+00
   346   10765.404066   1.804304E-02   3.007790E+13    5.89336E+31   9.971683785E-01  -1.612670E-01   1.077816077E+00
   347   10777.700193   1.680039E-02   2.800407E+13    5.32672E+31   9.974300708E-01  -1.610506E-01   1.078124814E+00
   348   10789.669566   1.564301E-02   2.607271E+13    4.81443E+31   9.976677776E-01  -1.608405E-01   1.078405230E+00
   349   10801.319943   1.454017E-02   2.423293E+13    4.35145E+31   9.978835934E-01  -1.606364E-01   1.078659800E+00
   350   10812.678558   1.349484E-02   2.248955E+13    3.93342E+31   9.980793264E-01  -1.604379E-01   1.078890657E+00
   351   10823.769657   1.252446E-02   2.087125E+13    3.55547E+31   9.982570669E-01  -1.602445E-01   1.079100270E+00
   352   10834.598845   1.161818E-02   1.936091E+13    3.21380E+31   9.984184367E-01  -1.600561E-01   1.079290556E+00
   353   10845.176201   1.077132E-02   1.795071E+13    2.90503E+31   9.985648792E-01  -1.598725E-01   1.079463205E+00
   354   10855.512505   9.986072E-03   1.664303E+13    2.62589E+31   9.986978163E-01  -1.596935E-01   1.079619898E+00
   355   10865.612672   9.249136E-03   1.541523E+13    2.37358E+31   9.988184531E-01  -1.595189E-01   1.079762065E+00
   356   10875.491487   8.560227E-03   1.426704E+13    2.14564E+31   9.989278710E-01  -1.593484E-01   1.079890990E+00
   357   10885.161268   7.922553E-03   1.320426E+13    1.93956E+31   9.990271742E-01  -1.591820E-01   1.080007979E+00
   358   10894.625972   7.322260E-03   1.220377E+13    1.75338E+31   9.991172287E-01  -1.590193E-01   1.080114057E+00
   359   10903.902857   6.767082E-03   1.127847E+13    1.58506E+31   9.991989449E-01  -1.588602E-01   1.080210300E+00
   360   10912.995708   6.247402E-03   1.041245E+13    1.43293E+31   9.992730686E-01  -1.587046E-01   1.080297587E+00
   361   10921.917318   5.764293E-03   9.607424E+12    1.29546E+31   9.993402899E-01  -1.585522E-01   1.080376734E+00
   362   10930.675956   5.178150E-03   8.630583E+12    1.17177E+31   9.994009834E-01  -1.584028E-01   1.080448184E+00
   363   10939.511572   4.719451E-03   7.865965E+12    1.06024E+31   9.994558982E-01  -1.582524E-01   1.080512822E+00
   364   10948.300147   4.324327E-03   7.207305E+12    9.58856E+30   9.995059903E-01  -1.581031E-01   1.080571776E+00
   365   10956.991318   3.961014E-03   6.601690E+12    8.67168E+30   9.995514493E-01  -1.579557E-01   1.080625270E+00
   366   10965.588711   3.616814E-03   6.028023E+12    7.84381E+30   9.995926353E-01  -1.578101E-01   1.080673730E+00
   367   10974.121297   3.302510E-03   5.504184E+12    7.09495E+30   9.996300171E-01  -1.576659E-01   1.080717708E+00
   368   10982.589433   3.008375E-03   5.014213E+12    6.41810E+30   9.996639176E-01  -1.575231E-01   1.080757584E+00
   369   10991.013667   2.737747E-03   4.563474E+12    5.80631E+30   9.996946620E-01  -1.573812E-01   1.080793740E+00
   370   10999.402875   2.445874E-03   4.077002E+12    5.25568E+30   9.997224242E-01  -1.572402E-01   1.080826383E+00
   371   11007.917760   2.161271E-03   3.602495E+12    4.76202E+30   9.997473960E-01  -1.570974E-01   1.080855741E+00
   372   11016.664715   1.789743E-03   2.982570E+12    4.34011E+30   9.997688078E-01  -1.569509E-01   1.080880915E+00
   373   11026.310338   1.592139E-03   2.653230E+12    3.93111E+30   9.997896394E-01  -1.567897E-01   1.080905405E+00
   374   11036.151476   1.412419E-03   2.353594E+12    3.56081E+30   9.998085712E-01  -1.566255E-01   1.080927658E+00
   375   11046.221337   1.249068E-03   2.081153E+12    3.22626E+30   9.998257422E-01  -1.564579E-01   1.080947841E+00
   376   11056.561304   1.099970E-03   1.832797E+12    2.92361E+30   9.998413375E-01  -1.562862E-01   1.080966169E+00
   377   11067.224011   9.660766E-04   1.609872E+12    2.64973E+30   9.998555079E-01  -1.561095E-01   1.080982818E+00
   378   11078.250513   8.456355E-04   1.409385E+12    2.40203E+30   9.998683774E-01  -1.559272E-01   1.080997935E+00
   379   11089.694328   7.382487E-04   1.230414E+12    2.17781E+30   9.998800783E-01  -1.557384E-01   1.081011675E+00
   380   11101.607225   6.426213E-04   1.071036E+12    1.97478E+30   9.998907211E-01  -1.555424E-01   1.081024170E+00
   381   11114.047477   5.584423E-04   9.307888E+11    1.79085E+30   9.999004074E-01  -1.553382E-01   1.081035539E+00
   382   11127.062190   4.515140E-04   7.525159E+11    1.63687E+30   9.999085548E-01  -1.551252E-01   1.081045101E+00
   383   11141.812610   4.142392E-04   6.903748E+11    1.48028E+30   9.999168854E-01  -1.548845E-01   1.081054875E+00
   384   11156.398722   3.800408E-04   6.333637E+11    1.33867E+30   9.999244629E-01  -1.546472E-01   1.081063764E+00
   385   11170.821775   3.486649E-04   5.810592E+11    1.21061E+30   9.999313548E-01  -1.544133E-01   1.081071847E+00
   386   11185.083018   3.198786E-04   5.330729E+11    1.09479E+30   9.999376227E-01  -1.541827E-01   1.081079197E+00
   387   11199.183709   2.934683E-04   4.890485E+11    9.90048E+29   9.999433227E-01  -1.539554E-01   1.081085879E+00
   388   11213.125109   2.696785E-04   4.494229E+11    8.95258E+29   9.999485095E-01  -1.537313E-01   1.081091959E+00
   389   11226.884075   2.479080E-04   4.131661E+11    8.09514E+29   9.999532268E-01  -1.535108E-01   1.081097486E+00
   390   11240.456712   2.278946E-04   3.798335E+11    7.31980E+29   9.999575153E-01  -1.532939E-01   1.081102510E+00
   391   11253.844953   2.094964E-04   3.491892E+11    6.61871E+29   9.999614136E-01  -1.530805E-01   1.081107075E+00
   392   11267.050725   1.925830E-04   3.210166E+11    5.98475E+29   9.999649569E-01  -1.528707E-01   1.081111224E+00
   393   11280.075952   1.770348E-04   2.951164E+11    5.41150E+29   9.999681772E-01  -1.526642E-01   1.081114993E+00
   394   11292.922558   1.628203E-04   2.714302E+11    4.89310E+29   9.999711041E-01  -1.524612E-01   1.081118418E+00
   395   11305.586539   1.499416E-04   2.499531E+11    4.42400E+29   9.999737659E-01  -1.522615E-01   1.081121532E+00
   396   11318.053571   1.380813E-04   2.301748E+11    3.99986E+29   9.999761842E-01  -1.520655E-01   1.081124361E+00
   397   11330.326156   1.271589E-04   2.119611E+11    3.61637E+29   9.999783813E-01  -1.518731E-01   1.081126931E+00
   398   11342.406786   1.171002E-04   1.951883E+11    3.26964E+29   9.999803772E-01  -1.516841E-01   1.081129265E+00
   399   11354.297937   1.078370E-04   1.797424E+11    2.95615E+29   9.999821901E-01  -1.514985E-01   1.081131385E+00
   400   11366.002071   9.930633E-05   1.655185E+11    2.67271E+29   9.999838367E-01  -1.513164E-01   1.081133310E+00
   401   11377.521637   9.145036E-05   1.524199E+11    2.41644E+29   9.999853322E-01  -1.511375E-01   1.081135058E+00
   402   11388.859067   8.427294E-05   1.404555E+11    2.18472E+29   9.999866904E-01  -1.509618E-01   1.081136645E+00
   403   11400.008880   7.772344E-05   1.295410E+11    1.97507E+29   9.999879246E-01  -1.507895E-01   1.081138087E+00
   404   11410.963576   7.168283E-05   1.194744E+11    1.78553E+29   9.999890450E-01  -1.506206E-01   1.081139396E+00
   405   11421.726095   6.611156E-05   1.101899E+11    1.61418E+29   9.999900623E-01  -1.504550E-01   1.081140584E+00
   406   11432.299350   6.097319E-05   1.016267E+11    1.45927E+29   9.999909857E-01  -1.502927E-01   1.081141663E+00
   407   11442.686230   5.623409E-05   9.372876E+10    1.31922E+29   9.999918238E-01  -1.501336E-01   1.081142641E+00
   408   11452.889593   5.186324E-05   8.644450E+10    1.19262E+29   9.999925846E-01  -1.499776E-01   1.081143529E+00
   409   11462.912270   4.783204E-05   7.972621E+10    1.07816E+29   9.999932750E-01  -1.498247E-01   1.081144335E+00
   410   11472.757065   4.411411E-05   7.352994E+10    9.74680E+28   9.999939015E-01  -1.496748E-01   1.081145066E+00
   411   11482.426752   4.068510E-05   6.781512E+10    8.81132E+28   9.999944700E-01  -1.495279E-01   1.081145730E+00
   412   11491.924076   3.756327E-05   6.261088E+10    7.96528E+28   9.999949861E-01  -1.493839E-01   1.081146332E+00
   413   11501.241466   3.469383E-05   5.782698E+10    7.20022E+28   9.999954544E-01  -1.492428E-01   1.081146878E+00
   414   11510.378341   3.204353E-05   5.340851E+10    6.50863E+28   9.999958793E-01  -1.491048E-01   1.081147374E+00
   415   11519.337844   2.959564E-05   4.932757E+10    5.88346E+28   9.999962647E-01  -1.489697E-01   1.081147823E+00
   416   11528.123075   2.733472E-05   4.555839E+10    5.31832E+28   9.999966142E-01  -1.488375E-01   1.081148231E+00
   417   11536.737096   2.524647E-05   4.207715E+10    4.80746E+28   9.999969312E-01  -1.487081E-01   1.081148601E+00
   418   11545.182926   2.331772E-05   3.886187E+10    4.34567E+28   9.999972188E-01  -1.485814E-01   1.081148936E+00
   419   11553.463545   2.153629E-05   3.589222E+10    3.92822E+28   9.999974795E-01  -1.484574E-01   1.081149240E+00
   420   11561.581893   1.989093E-05   3.314946E+10    3.55087E+28   9.999977159E-01  -1.483360E-01   1.081149515E+00
   421   11569.540868   1.837125E-05   3.061624E+10    3.20976E+28   9.999979303E-01  -1.482172E-01   1.081149765E+00
   422   11577.343330   1.696765E-05   2.827657E+10    2.90142E+28   9.999981246E-01  -1.481010E-01   1.081149992E+00
   423   11584.992097   1.567127E-05   2.611566E+10    2.62269E+28   9.999983008E-01  -1.479872E-01   1.081150197E+00
   424   11592.489946   1.447402E-05   2.412004E+10    2.37073E+28   9.999984605E-01  -1.478758E-01   1.081150383E+00
   425   11599.839561   1.338606E-05   2.230704E+10    2.14282E+28   9.999986054E-01  -1.477668E-01   1.081150552E+00
   426   11607.033396   1.237986E-05   2.063029E+10    1.93682E+28   9.999987368E-01  -1.476603E-01   1.081150705E+00
   427   11614.074516   1.144927E-05   1.907955E+10    1.75062E+28   9.999988558E-01  -1.475561E-01   1.081150844E+00
   428   11620.965939   1.058863E-05   1.764535E+10    1.58232E+28   9.999989636E-01  -1.474544E-01   1.081150969E+00
   429   11627.710628   9.792668E-06   1.631894E+10    1.43019E+28   9.999990614E-01  -1.473549E-01   1.081151083E+00
   430   11634.311503   9.056529E-06   1.509222E+10    1.29269E+28   9.999991500E-01  -1.472577E-01   1.081151186E+00
   431   11640.771429   8.375717E-06   1.395770E+10    1.16841E+28   9.999992302E-01  -1.471627E-01   1.081151280E+00
   432   11647.093227   7.746075E-06   1.290845E+10    1.05607E+28   9.999993029E-01  -1.470698E-01   1.081151364E+00
   433   11653.279667   7.163758E-06   1.193806E+10    9.54536E+27   9.999993688E-01  -1.469790E-01   1.081151441E+00
   434   11659.333474   6.625210E-06   1.104061E+10    8.62760E+27   9.999994285E-01  -1.468903E-01   1.081151510E+00
   435   11665.257324   6.127142E-06   1.021061E+10    7.79807E+27   9.999994826E-01  -1.468036E-01   1.081151573E+00
   436   11671.053846   5.666511E-06   9.443000E+09    7.04829E+27   9.999995315E-01  -1.467189E-01   1.081151630E+00
   437   11676.725624   5.240505E-06   8.733088E+09    6.37059E+27   9.999995759E-01  -1.466361E-01   1.081151682E+00
   438   11682.275196   4.846520E-06   8.076537E+09    5.75805E+27   9.999996161E-01  -1.465551E-01   1.081151729E+00
   439   11687.705055   4.482152E-06   7.469339E+09    5.20439E+27   9.999996525E-01  -1.464760E-01   1.081151771E+00
   440   11693.017648   4.145173E-06   6.907783E+09    4.70397E+27   9.999996854E-01  -1.463987E-01   1.081151809E+00
   441   11698.215380   3.833525E-06   6.388440E+09    4.25166E+27   9.999997153E-01  -1.463231E-01   1.081151844E+00
   442   11703.300610   3.545304E-06   5.908136E+09    3.84283E+27   9.999997423E-01  -1.462493E-01   1.081151876E+00
   443   11708.275656   3.280724E-06   5.467237E+09    3.47328E+27   9.999997668E-01  -1.461771E-01   1.081151904E+00
   444   11713.139807   3.038968E-06   5.064386E+09    3.13902E+27   9.999997890E-01  -1.461066E-01   1.081151930E+00
   445   11717.890233   2.815024E-06   4.691215E+09    2.83693E+27   9.999998091E-01  -1.460378E-01   1.081151953E+00
   446   11722.529481   2.607580E-06   4.345537E+09    2.56391E+27   9.999998273E-01  -1.459707E-01   1.081151974E+00
   447   11727.060048   2.415421E-06   4.025328E+09    2.31716E+27   9.999998437E-01  -1.459052E-01   1.081151994E+00
   448   11731.484379   2.237421E-06   3.728710E+09    2.09416E+27   9.999998586E-01  -1.458413E-01   1.081152011E+00
   449   11735.804869   2.072536E-06   3.453947E+09    1.89261E+27   9.999998721E-01  -1.457790E-01   1.081152027E+00
   450   11740.023864   1.919801E-06   3.199428E+09    1.71046E+27   9.999998843E-01  -1.457181E-01   1.081152041E+00
   451   11744.143660   1.778320E-06   2.963662E+09    1.54584E+27   9.999998954E-01  -1.456588E-01   1.081152054E+00
   452   11748.166506   1.647265E-06   2.745267E+09    1.39706E+27   9.999999054E-01  -1.456009E-01   1.081152065E+00
   453   11752.094604   1.525866E-06   2.542964E+09    1.26260E+27   9.999999145E-01  -1.455444E-01   1.081152076E+00
   454   11755.930111   1.413414E-06   2.355568E+09    1.14108E+27   9.999999227E-01  -1.454893E-01   1.081152085E+00
   455   11759.675136   1.309247E-06   2.181979E+09    1.03126E+27   9.999999301E-01  -1.454355E-01   1.081152094E+00
   456   11763.331744   1.212757E-06   2.021182E+09    9.32000E+26   9.999999368E-01  -1.453831E-01   1.081152102E+00
   457   11766.901959   1.123378E-06   1.872233E+09    8.42296E+26   9.999999429E-01  -1.453319E-01   1.081152109E+00
   458   11770.387758   1.040584E-06   1.734259E+09    7.61226E+26   9.999999484E-01  -1.452819E-01   1.081152115E+00
   459   11773.791077   9.638926E-07   1.606452E+09    6.87958E+26   9.999999533E-01  -1.452332E-01   1.081152121E+00
   460   11777.113811   8.928523E-07   1.488063E+09    6.21741E+26   9.999999578E-01  -1.451856E-01   1.081152126E+00
   461   11780.357815   8.270473E-07   1.378398E+09    5.61897E+26   9.999999619E-01  -1.451393E-01   1.081152131E+00
   462   11783.524902   7.660918E-07   1.276814E+09    5.07813E+26   9.999999656E-01  -1.450940E-01   1.081152135E+00
   463   11786.616846   7.096285E-07   1.182716E+09    4.58935E+26   9.999999689E-01  -1.450498E-01   1.081152139E+00
   464   11789.635383   6.573263E-07   1.095552E+09    4.14760E+26   9.999999720E-01  -1.450068E-01   1.081152143E+00
   465   11792.582212   6.088786E-07   1.014811E+09    3.74838E+26   9.999999747E-01  -1.449647E-01   1.081152146E+00
   466   11795.458992   5.640014E-07   9.400203E+08    3.38758E+26   9.999999772E-01  -1.449237E-01   1.081152149E+00
   467   11798.267350   5.224316E-07   8.707411E+08    3.06150E+26   9.999999794E-01  -1.448837E-01   1.081152151E+00
   468   11801.008872   4.839254E-07   8.065673E+08    2.76681E+26   9.999999814E-01  -1.448447E-01   1.081152154E+00
   469   11803.685114   4.482572E-07   7.471227E+08    2.50049E+26   9.999999832E-01  -1.448066E-01   1.081152156E+00
   470   11806.297593   4.152176E-07   6.920589E+08    2.25980E+26   9.999999849E-01  -1.447694E-01   1.081152158E+00
   471   11808.847797   3.846132E-07   6.410531E+08    2.04227E+26   9.999999864E-01  -1.447331E-01   1.081152159E+00
   472   11811.337177   3.562643E-07   5.938062E+08    1.84569E+26   9.999999878E-01  -1.446978E-01   1.081152161E+00
   473   11813.767154   3.300048E-07   5.500412E+08    1.66802E+26   9.999999890E-01  -1.446632E-01   1.081152162E+00
   474   11816.139115   3.056807E-07   5.095015E+08    1.50746E+26   9.999999901E-01  -1.446296E-01   1.081152164E+00
   475   11818.454420   2.831493E-07   4.719496E+08    1.36235E+26   9.999999911E-01  -1.445967E-01   1.081152165E+00
   476   11820.714394   2.622786E-07   4.371651E+08    1.23121E+26   9.999999920E-01  -1.445647E-01   1.081152166E+00
   477   11822.920335   2.429462E-07   4.049443E+08    1.11269E+26   9.999999928E-01  -1.445334E-01   1.081152167E+00
   478   11825.073510   2.250386E-07   3.750981E+08    1.00558E+26   9.999999936E-01  -1.445029E-01   1.081152168E+00
   479   11827.175160   2.085945E-07   3.475708E+08    9.08775E+25   9.999999942E-01  -1.444731E-01   1.081152168E+00
   480   11829.225779   1.940481E-07   3.226325E+08    8.21202E+25   9.999999948E-01  -1.444441E-01   1.081152169E+00
   481   11831.222846   1.804370E-07   2.994795E+08    7.42067E+25   9.999999954E-01  -1.444158E-01   1.081152170E+00
   482   11833.167765   1.674813E-07   2.779731E+08    6.70560E+25   9.999999959E-01  -1.443883E-01   1.081152170E+00
   483   11835.061984   1.554557E-07   2.580111E+08    6.05943E+25   9.999999963E-01  -1.443615E-01   1.081152171E+00
   484   11836.906805   1.442935E-07   2.394825E+08    5.47553E+25   9.999999967E-01  -1.443354E-01   1.081152171E+00
   485   11838.703499   1.339328E-07   2.222844E+08    4.94789E+25   9.999999971E-01  -1.443100E-01   1.081152172E+00
   486   11840.453302   1.243160E-07   2.063214E+08    4.47109E+25   9.999999974E-01  -1.442853E-01   1.081152172E+00
   487   11842.157424   1.153896E-07   1.915046E+08    4.04024E+25   9.999999977E-01  -1.442612E-01   1.081152173E+00
   488   11843.817040   1.071379E-07   1.778151E+08    3.65085E+25   9.999999980E-01  -1.442378E-01   1.081152173E+00
   489   11845.432698   9.948376E-08   1.651182E+08    3.29895E+25   9.999999982E-01  -1.442150E-01   1.081152173E+00
   490   11847.005402   9.237639E-08   1.533278E+08    2.98098E+25   9.999999985E-01  -1.441928E-01   1.081152173E+00
   491   11848.536280   8.577677E-08   1.423794E+08    2.69365E+25   9.999999987E-01  -1.441712E-01   1.081152174E+00
   492   11850.026432   7.964861E-08   1.322126E+08    2.43402E+25   9.999999989E-01  -1.441502E-01   1.081152174E+00
   493   11851.476930   7.395824E-08   1.227718E+08    2.19941E+25   9.999999990E-01  -1.441297E-01   1.081152174E+00
   494   11852.888816   6.868998E-08   1.140304E+08    1.98740E+25   9.999999992E-01  -1.441098E-01   1.081152174E+00
   495   11854.262798   6.382035E-08   1.059495E+08    1.79579E+25   9.999999993E-01  -1.440905E-01   1.081152174E+00
   496   11855.599367   5.929593E-08   9.844110E+07    1.62264E+25   9.999999994E-01  -1.440716E-01   1.081152175E+00
   497   11856.899531   5.509225E-08   9.146483E+07    1.46619E+25   9.999999995E-01  -1.440533E-01   1.081152175E+00
   498   11858.164273   5.118656E-08   8.498292E+07    1.32483E+25   9.999999996E-01  -1.440355E-01   1.081152175E+00
   499   11859.394549   4.755775E-08   7.896035E+07    1.19709E+25   9.999999997E-01  -1.440182E-01   1.081152175E+00
   500   11860.591290   4.418618E-08   7.336457E+07    1.08167E+25   9.999999998E-01  -1.440014E-01   1.081152175E+00
   501   11861.755401   4.108067E-08   6.820617E+07    9.77346E+24   9.999999999E-01  -1.439850E-01   1.081152175E+00
   502   11862.887054   3.819635E-08   6.341487E+07    8.83081E+24   9.999999999E-01  -1.439691E-01   1.081152175E+00
   503   11863.987064   3.551453E-08   5.896013E+07    7.97907E+24   1.000000000E+00  -1.439536E-01   1.081152175E+00
   504   11865.056308   3.302100E-08   5.481831E+07    7.20947E+24   1.000000000E+00  -1.439386E-01   1.081152175E+00
   505   11866.095640   3.070253E-08   5.096744E+07    6.51411E+24   1.000000000E+00  -1.439240E-01   1.081152175E+00
   506   11867.105890   2.854684E-08   4.738707E+07    5.88581E+24   1.000000000E+00  -1.439098E-01   1.081152175E+00
   507   11868.087867   2.654946E-08   4.407039E+07    5.31809E+24   1.000000000E+00  -1.438960E-01   1.081152175E+00
   508   11869.042088   2.470330E-08   4.100600E+07    4.80495E+24   1.000000000E+00  -1.438826E-01   1.081152175E+00
   509   11869.968843   2.298551E-08   3.815467E+07    4.34132E+24   1.000000000E+00  -1.438696E-01   1.081152175E+00
   510   11870.868918   2.138716E-08   3.550161E+07    3.92243E+24   1.000000000E+00  -1.438569E-01   1.081152176E+00
   511   11871.743075   1.989996E-08   3.303302E+07    3.54395E+24   1.000000000E+00  -1.438446E-01   1.081152176E+00
   512   11872.592058   1.851617E-08   3.073607E+07    3.20200E+24   1.000000000E+00  -1.438327E-01   1.081152176E+00
   513   11873.416585   1.722860E-08   2.859884E+07    2.89303E+24   1.000000000E+00  -1.438211E-01   1.081152176E+00
   514   11874.217359   1.604228E-08   2.662967E+07    2.61381E+24   1.000000000E+00  -1.438099E-01   1.081152176E+00
   515   11874.994468   1.494133E-08   2.480221E+07    2.36147E+24   1.000000000E+00  -1.437990E-01   1.081152176E+00
   516   11875.748405   1.391593E-08   2.310015E+07    2.13350E+24   1.000000000E+00  -1.437884E-01   1.081152176E+00
   517   11876.479858   1.296090E-08   2.151490E+07    1.92754E+24   1.000000000E+00  -1.437782E-01   1.081152176E+00
   518   11877.189493   1.207142E-08   2.003842E+07    1.74146E+24   1.000000000E+00  -1.437682E-01   1.081152176E+00
   519   11877.877959   1.124297E-08   1.866327E+07    1.57334E+24   1.000000000E+00  -1.437586E-01   1.081152176E+00
   520   11878.545883   1.047181E-08   1.738324E+07    1.42145E+24   1.000000000E+00  -1.437492E-01   1.081152176E+00
   521   11879.193849   9.763226E-09   1.620813E+07    1.28415E+24   1.000000000E+00  -1.437401E-01   1.081152176E+00
   522   11879.821748   9.102591E-09   1.511245E+07    1.16011E+24   1.000000000E+00  -1.437313E-01   1.081152176E+00
   523   11880.430201   8.486657E-09   1.409084E+07    1.04805E+24   1.000000000E+00  -1.437228E-01   1.081152176E+00
   524   11881.019807   7.912400E-09   1.313829E+07    9.46817E+23   1.000000000E+00  -1.437145E-01   1.081152176E+00
   525   11881.591147   7.376999E-09   1.225013E+07    8.55361E+23   1.000000001E+00  -1.437065E-01   1.081152176E+00
   526   11882.144785   6.877826E-09   1.142201E+07    7.72740E+23   1.000000001E+00  -1.436988E-01   1.081152176E+00
   527   11882.681269   6.414235E-09   1.065260E+07    6.98095E+23   1.000000001E+00  -1.436912E-01   1.081152176E+00
   528   11883.200991   5.987084E-09   9.942872E+06    6.30629E+23   1.000000001E+00  -1.436840E-01   1.081152176E+00
   529   11883.704051   5.588378E-09   9.280428E+06    5.69683E+23   1.000000001E+00  -1.436769E-01   1.081152176E+00
   530   11884.190980   5.216223E-09   8.662118E+06    5.14626E+23   1.000000001E+00  -1.436701E-01   1.081152176E+00
   531   11884.662296   4.868851E-09   8.085002E+06    4.64891E+23   1.000000001E+00  -1.436635E-01   1.081152176E+00
   532   11885.118496   4.544612E-09   7.546336E+06    4.19962E+23   1.000000001E+00  -1.436571E-01   1.081152176E+00
   533   11885.560065   4.241965E-09   7.043557E+06    3.79375E+23   1.000000001E+00  -1.436509E-01   1.081152176E+00
   534   11885.987470   3.961075E-09   6.576942E+06    3.42708E+23   1.000000001E+00  -1.436449E-01   1.081152176E+00
   535   11886.400994   3.701799E-09   6.146246E+06    3.09567E+23   1.000000001E+00  -1.436391E-01   1.081152176E+00
   536   11886.800738   3.459493E-09   5.743754E+06    2.79631E+23   1.000000001E+00  -1.436336E-01   1.081152176E+00
   537   11887.187159   3.233047E-09   5.367619E+06    2.52590E+23   1.000000001E+00  -1.436281E-01   1.081152176E+00
   538   11887.560700   3.021424E-09   5.016115E+06    2.28163E+23   1.000000001E+00  -1.436229E-01   1.081152176E+00
   539   11887.921791   2.823652E-09   4.687629E+06    2.06099E+23   1.000000001E+00  -1.436179E-01   1.081152176E+00
   540   11888.270844   2.638826E-09   4.380654E+06    1.86168E+23   1.000000001E+00  -1.436130E-01   1.081152176E+00
   541   11888.608261   2.467009E-09   4.095335E+06    1.68164E+23   1.000000001E+00  -1.436083E-01   1.081152176E+00
   542   11888.934303   2.308401E-09   3.832042E+06    1.51892E+23   1.000000001E+00  -1.436037E-01   1.081152176E+00
   543   11889.249050   2.159990E-09   3.585676E+06    1.37194E+23   1.000000001E+00  -1.435993E-01   1.081152176E+00
   544   11889.552892   2.021120E-09   3.355150E+06    1.23918E+23   1.000000001E+00  -1.435950E-01   1.081152176E+00
   545   11889.846207   1.891178E-09   3.139443E+06    1.11927E+23   1.000000001E+00  -1.435909E-01   1.081152176E+00
   546   11890.129359   1.769590E-09   2.937605E+06    1.01096E+23   1.000000001E+00  -1.435870E-01   1.081152176E+00
   547   11890.402699   1.655819E-09   2.748743E+06    9.13136E+22   1.000000001E+00  -1.435832E-01   1.081152176E+00
   548   11890.666568   1.549586E-09   2.572390E+06    8.24773E+22   1.000000001E+00  -1.435795E-01   1.081152176E+00
   549   11890.921255   1.451627E-09   2.409756E+06    7.44918E+22   1.000000001E+00  -1.435759E-01   1.081152176E+00
   550   11891.166820   1.359860E-09   2.257404E+06    6.72794E+22   1.000000001E+00  -1.435725E-01   1.081152176E+00
   551   11891.403589   1.273895E-09   2.114684E+06    6.07653E+22   1.000000001E+00  -1.435692E-01   1.081152176E+00
   552   11891.631877   1.193364E-09   1.980987E+06    5.48819E+22   1.000000001E+00  -1.435660E-01   1.081152176E+00
   553   11891.851988   1.117924E-09   1.855743E+06    4.95682E+22   1.000000001E+00  -1.435629E-01   1.081152176E+00
   554   11892.064213   1.047253E-09   1.738417E+06    4.47689E+22   1.000000001E+00  -1.435599E-01   1.081152176E+00
   555   11892.268835   9.810491E-10   1.628509E+06    4.04343E+22   1.000000001E+00  -1.435571E-01   1.081152176E+00
   556   11892.466127   9.198940E-10   1.527026E+06    3.65178E+22   1.000000001E+00  -1.435543E-01   1.081152176E+00
