       6     137      38      52

     EOS file :  Prof_BSk26_1.6.dat                                          

  step        radius       baryon#       density        pressure       encl. mass            phi     encl. bar. mass 
                (m)        (#/fm3)       (g/cm3)        (dyn/cm2)      (sol. mass)                     (sol. mass)   

     0       0.000000   5.733797E-01   1.063492E+15    1.85540E+35   0.000000000E+00  -5.508207E-01   0.000000000E+00
     1     100.000001   5.733451E-01   1.063415E+15    1.85505E+35   2.239525646E-06  -5.507903E-01   2.022201711E-06
     2     116.664849   5.733343E-01   1.063391E+15    1.85494E+35   3.556103821E-06  -5.507808E-01   3.211045537E-06
     3     136.106474   5.733195E-01   1.063358E+15    1.85480E+35   5.646578549E-06  -5.507679E-01   5.098737647E-06
     4     158.787166   5.732995E-01   1.063314E+15    1.85460E+35   8.965737044E-06  -5.507503E-01   8.096003263E-06
     5     185.245986   5.732723E-01   1.063253E+15    1.85432E+35   1.423549141E-05  -5.507264E-01   1.285485951E-05
     6     216.111404   5.732352E-01   1.063171E+15    1.85395E+35   2.260162117E-05  -5.506938E-01   2.041025475E-05
     7     252.115927   5.731847E-01   1.063059E+15    1.85344E+35   3.588230695E-05  -5.506495E-01   3.240471820E-05
     8     294.113031   5.731161E-01   1.062907E+15    1.85276E+35   5.696199889E-05  -5.505892E-01   5.144451557E-05
     9     343.096657   5.730226E-01   1.062699E+15    1.85182E+35   9.041515192E-05  -5.505072E-01   8.166395961E-05
    10     400.223579   5.728955E-01   1.062417E+15    1.85055E+35   1.434929993E-04  -5.503956E-01   1.296188144E-04
    11     466.838885   5.727226E-01   1.062034E+15    1.84881E+35   2.276825485E-04  -5.502439E-01   2.056991651E-04
    12     544.504747   5.724874E-01   1.061512E+15    1.84646E+35   3.611650638E-04  -5.500375E-01   3.263604568E-04
    13     635.032444   5.721676E-01   1.060802E+15    1.84326E+35   5.726831800E-04  -5.497570E-01   5.176392951E-04
    14     740.517337   5.717330E-01   1.059838E+15    1.83893E+35   9.076026329E-04  -5.493760E-01   8.206783725E-04
    15     863.375880   5.711430E-01   1.058536E+15    1.83305E+35   1.437370221E-03  -5.488586E-01   1.300375538E-03
    16    1006.382080   5.703424E-01   1.056771E+15    1.82508E+35   2.274168457E-03  -5.481569E-01   2.058847344E-03
    17    1172.702681   5.692568E-01   1.054379E+15    1.81432E+35   3.593421853E-03  -5.472063E-01   3.256247706E-03
    18    1365.922592   5.677865E-01   1.051140E+15    1.79982E+35   5.667923854E-03  -5.459206E-01   5.142620914E-03
    19    1590.052602   5.657989E-01   1.046765E+15    1.78033E+35   8.918651383E-03  -5.441857E-01   8.105948787E-03
    20    1849.505494   5.631184E-01   1.040869E+15    1.75428E+35   1.398849482E-02  -5.418520E-01   1.274317271E-02
    21    2149.019053   5.595167E-01   1.032972E+15    1.71968E+35   2.184524784E-02  -5.387258E-01   1.996213353E-02
    22    2493.489101   5.546996E-01   1.022464E+15    1.67410E+35   3.391743709E-02  -5.345614E-01   3.112139930E-02
    23    2887.680168   5.482926E-01   1.008537E+15    1.61473E+35   5.225550465E-02  -5.290560E-01   4.820903577E-02
    24    3335.767515   5.398401E-01   9.902811E+14    1.53855E+35   7.969249309E-02  -5.218504E-01   7.404544948E-02
    25    3840.621737   5.288072E-01   9.666658E+14    1.44274E+35   1.199301313E-01  -5.125448E-01   1.124566972E-01
    26    4402.820073   5.146001E-01   9.365810E+14    1.32526E+35   1.774204110E-01  -5.007365E-01   1.683028266E-01
    27    5019.429003   4.966223E-01   8.990043E+14    1.18591E+35   2.568518568E-01  -4.860907E-01   2.471621020E-01
    28    5682.668254   4.743725E-01   8.532451E+14    1.02728E+35   3.620477445E-01  -4.684487E-01   3.544023062E-01
    29    6378.777603   4.475788E-01   7.991914E+14    8.55672E+34   4.942649536E-01  -4.479630E-01   4.934355953E-01
    30    7087.676887   4.163514E-01   7.375505E+14    6.80917E+34   6.503212702E-01  -4.252194E-01   6.633309408E-01
    31    7784.067800   3.813011E-01   6.699557E+14    5.14927E+34   8.215382388E-01  -4.012756E-01   8.566920814E-01
    32    8440.379922   3.435515E-01   5.988620E+14    3.68885E+34   9.946609911E-01  -3.775431E-01   1.059404432E+00
    33    9031.184495   3.045894E-01   5.271327E+14    2.50296E+34   1.155061263E+00  -3.555013E-01   1.253508536E+00
    34    9537.842665   2.659768E-01   4.574786E+14    1.61353E+34   1.290971804E+00  -3.363404E-01   1.422558025E+00
    35    9951.694622   2.290376E-01   3.919763E+14    9.94243E+33   1.396529408E+00  -3.207005E-01   1.556624632E+00
    36   10274.600575   1.946428E-01   3.318163E+14    5.90441E+33   1.472158817E+00  -3.086254E-01   1.654078122E+00
    37   10516.822441   1.631614E-01   2.773252E+14    3.41128E+33   1.522644693E+00  -2.997087E-01   1.719729076E+00
    38   10693.326045   1.345864E-01   2.282461E+14    1.93599E+33   1.554440984E+00  -2.933222E-01   1.761295366E+00
    39   10820.002170   1.090871E-01   1.846904E+14    1.08841E+33   1.573614972E+00  -2.888132E-01   1.786431174E+00
    40   10910.663685   8.642405E-02   1.461279E+14    6.08828E+32   1.584872676E+00  -2.856320E-01   1.801208868E+00
    41   10976.170866   5.567008E-02   9.396249E+13    3.56812E+32   1.590953573E+00  -2.833613E-01   1.809197523E+00
    42   11036.794223   3.949094E-02   6.656646E+13    2.06297E+32   1.594672703E+00  -2.812842E-01   1.814087028E+00
    43   11087.014356   2.777492E-02   4.676951E+13    1.19692E+32   1.596860430E+00  -2.795828E-01   1.816962902E+00
    44   11129.007137   1.950920E-02   3.281784E+13    6.93656E+31   1.598155991E+00  -2.781743E-01   1.818665767E+00
    45   11164.056614   1.365168E-02   2.294483E+13    4.02132E+31   1.598918617E+00  -2.770087E-01   1.819668032E+00
    46   11193.376675   9.548828E-03   1.603526E+13    2.32977E+31   1.599367179E+00  -2.760409E-01   1.820257500E+00
    47   11217.863548   6.613207E-03   1.110137E+13    1.35263E+31   1.599629277E+00  -2.752376E-01   1.820601886E+00
    48   11238.525837   4.475096E-03   7.508808E+12    7.89227E+30   1.599781857E+00  -2.745635E-01   1.820802296E+00
    49   11256.442475   2.815240E-03   4.721228E+12    4.67250E+30   1.599869769E+00  -2.739815E-01   1.820917758E+00
    50   11273.387004   1.711030E-03   2.868062E+12    2.83800E+30   1.599920223E+00  -2.734335E-01   1.820984021E+00
    51   11290.398232   9.352436E-04   1.566331E+12    1.77523E+30   1.599949657E+00  -2.728855E-01   1.821022680E+00
    52   11309.959491   5.229680E-04   8.750407E+11    1.11368E+30   1.599968114E+00  -2.722581E-01   1.821046934E+00
    53   11332.026258   2.349359E-04   3.925574E+11    6.98181E+29   1.599979805E+00  -2.715539E-01   1.821062295E+00
    54   11363.009681   1.498313E-04   2.501966E+11    4.20133E+29   1.599987712E+00  -2.705715E-01   1.821072690E+00
    55   11392.483900   9.896904E-05   1.651925E+11    2.49166E+29   1.599992636E+00  -2.696436E-01   1.821079160E+00
    56   11419.150884   6.413373E-05   1.069055E+11    1.48341E+29   1.599995574E+00  -2.688097E-01   1.821083022E+00
    57   11443.842522   4.230727E-05   7.050026E+10    8.80150E+28   1.599997352E+00  -2.680422E-01   1.821085358E+00
    58   11466.191773   2.779360E-05   4.628428E+10    5.18145E+28   1.599998429E+00  -2.673514E-01   1.821086773E+00
    59   11486.341615   1.841838E-05   3.066524E+10    3.06963E+28   1.599999063E+00  -2.667318E-01   1.821087606E+00
    60   11504.447260   1.205898E-05   2.006434E+10    1.81049E+28   1.599999444E+00  -2.661774E-01   1.821088106E+00
    61   11520.839685   7.803213E-06   1.297973E+10    1.07184E+28   1.599999669E+00  -2.656776E-01   1.821088402E+00
    62   11535.900276   5.227022E-06   8.692082E+09    6.29754E+27   1.599999804E+00  -2.652201E-01   1.821088580E+00
    63   11549.162215   3.489220E-06   5.800029E+09    3.69759E+27   1.599999885E+00  -2.648185E-01   1.821088685E+00
    64   11560.868994   2.313734E-06   3.844206E+09    2.17993E+27   1.599999932E+00  -2.644651E-01   1.821088747E+00
    65   11571.311509   1.552997E-06   2.579970E+09    1.27862E+27   1.599999960E+00  -2.641506E-01   1.821088784E+00
    66   11580.460787   1.043003E-06   1.732194E+09    7.49771E+26   1.599999976E+00  -2.638757E-01   1.821088806E+00
    67   11588.469249   6.750842E-07   1.121073E+09    4.41398E+26   1.599999986E+00  -2.636356E-01   1.821088818E+00
    68   11595.767878   4.479455E-07   7.436476E+08    2.61206E+26   1.599999992E+00  -2.634171E-01   1.821088826E+00
    69   11602.290430   3.012737E-07   5.000977E+08    1.53052E+26   1.599999995E+00  -2.632222E-01   1.821088830E+00
    70   11607.982433   2.027862E-07   3.366829E+08    8.96344E+25   1.599999997E+00  -2.630524E-01   1.821088833E+00
    71   11612.940680   1.337832E-07   2.220349E+08    5.31691E+25   1.599999998E+00  -2.629046E-01   1.821088834E+00
    72   11617.405711   9.028551E-08   1.498335E+08    3.11090E+25   1.599999999E+00  -2.627717E-01   1.821088835E+00
    73   11621.281213   6.107196E-08   1.013348E+08    1.81923E+25   1.599999999E+00  -2.626564E-01   1.821088836E+00
    74   11624.635363   4.134664E-08   6.858994E+07    1.06317E+25   1.600000000E+00  -2.625567E-01   1.821088836E+00
    75   11627.533677   2.809863E-08   4.661786E+07    6.20476E+24   1.600000000E+00  -2.624706E-01   1.821088836E+00
    76   11630.024129   1.911509E-08   3.171726E+07    3.61971E+24   1.600000000E+00  -2.623967E-01   1.821088836E+00
    77   11632.160824   1.307023E-08   2.168488E+07    2.10757E+24   1.600000000E+00  -2.623334E-01   1.821088836E+00
    78   11633.981416   8.955948E-09   1.485722E+07    1.22681E+24   1.600000000E+00  -2.622794E-01   1.821088837E+00
    79   11635.528863   6.162830E-09   1.022238E+07    7.12641E+23   1.600000000E+00  -2.622335E-01   1.821088837E+00
    80   11636.835810   4.158301E-09   6.896993E+06    4.14859E+23   1.600000000E+00  -2.621948E-01   1.821088837E+00
    81   11637.963828   2.879516E-09   4.775828E+06    2.40838E+23   1.600000000E+00  -2.621614E-01   1.821088837E+00
    82   11638.909781   2.002951E-09   3.321868E+06    1.39345E+23   1.600000000E+00  -2.621334E-01   1.821088837E+00
    83   11639.696828   1.398788E-09   2.319864E+06    8.05847E+22   1.600000000E+00  -2.621101E-01   1.821088837E+00
    84   11640.348703   9.827051E-10   1.629903E+06    4.64536E+22   1.600000000E+00  -2.620908E-01   1.821088837E+00
    85   11640.883637   6.903862E-10   1.145140E+06    2.67782E+22   1.600000000E+00  -2.620749E-01   1.821088837E+00
    86   11641.322594   4.883577E-10   8.100092E+05    1.54094E+22   1.600000000E+00  -2.620620E-01   1.821088837E+00
    87   11641.679737   3.461154E-10   5.740414E+05    8.85460E+21   1.600000000E+00  -2.620514E-01   1.821088837E+00
    88   11641.969343   2.454240E-10   4.070135E+05    5.08765E+21   1.600000000E+00  -2.620428E-01   1.821088837E+00
    89   11642.204047   1.751792E-10   2.904906E+05    2.91586E+21   1.600000000E+00  -2.620359E-01   1.821088837E+00
    90   11642.392530   1.250395E-10   2.073264E+05    1.67115E+21   1.600000000E+00  -2.620303E-01   1.821088837E+00
    91   11642.543892   8.945701E-11   1.483219E+05    9.57504E+20   1.600000000E+00  -2.620258E-01   1.821088837E+00
    92   11642.665122   6.424446E-11   1.065276E+05    5.47492E+20   1.600000000E+00  -2.620222E-01   1.821088837E+00
    93   11642.761639   4.613776E-11   7.651011E+04    3.13050E+20   1.600000000E+00  -2.620194E-01   1.821088837E+00
    94   11642.838480   3.324863E-11   5.513869E+04    1.78919E+20   1.600000000E+00  -2.620171E-01   1.821088837E+00
    95   11642.899420   2.401143E-11   3.982068E+04    1.02095E+20   1.600000000E+00  -2.620153E-01   1.821088837E+00
    96   11642.947571   1.734051E-11   2.875812E+04    5.82576E+19   1.600000000E+00  -2.620139E-01   1.821088837E+00
    97   11642.985617   1.258854E-11   2.087744E+04    3.32000E+19   1.600000000E+00  -2.620127E-01   1.821088837E+00
    98   11643.015483   9.153914E-12   1.518134E+04    1.88964E+19   1.600000000E+00  -2.620119E-01   1.821088837E+00
    99   11643.038860   6.656381E-12   1.103933E+04    1.07552E+19   1.600000000E+00  -2.620112E-01   1.821088837E+00
   100   11643.057158   4.849710E-12   8.043615E+03    6.11777E+18   1.600000000E+00  -2.620106E-01   1.821088837E+00
   101   11643.071443   3.534595E-12   5.862899E+03    3.47897E+18   1.600000000E+00  -2.620102E-01   1.821088837E+00
   102   11643.082588   2.576105E-12   4.273400E+03    1.97837E+18   1.600000000E+00  -2.620099E-01   1.821088837E+00
   103   11643.091283   1.877532E-12   3.114832E+03    1.12503E+18   1.600000000E+00  -2.620096E-01   1.821088837E+00
   104   11643.098066   1.368394E-12   2.270365E+03    6.39768E+17   1.600000000E+00  -2.620094E-01   1.821088837E+00
   105   11643.103359   9.973207E-13   1.654842E+03    3.63815E+17   1.600000000E+00  -2.620093E-01   1.821088837E+00
   106   11643.107488   7.268730E-13   1.206195E+03    2.06889E+17   1.600000000E+00  -2.620091E-01   1.821088837E+00
   107   11643.110709   5.461411E-13   9.070471E+02    1.16490E+17   1.600000000E+00  -2.620090E-01   1.821088837E+00
   108   11643.113121   4.122089E-13   6.852800E+02    6.53558E+16   1.600000000E+00  -2.620090E-01   1.821088837E+00
   109   11643.114913   3.111214E-13   5.177334E+02    3.66675E+16   1.600000000E+00  -2.620089E-01   1.821088837E+00
   110   11643.116243   2.348239E-13   3.911510E+02    2.05721E+16   1.600000000E+00  -2.620089E-01   1.821088837E+00
   111   11643.117231   1.772371E-13   2.955171E+02    1.15419E+16   1.600000000E+00  -2.620089E-01   1.821088837E+00
   112   11643.117964   1.337726E-13   2.232650E+02    6.47551E+15   1.600000000E+00  -2.620088E-01   1.821088837E+00
   113   11643.118509   1.031359E-13   1.720074E+02    3.61128E+15   1.600000000E+00  -2.620088E-01   1.821088837E+00
   114   11643.118903   7.984580E-14   1.330159E+02    2.00812E+15   1.600000000E+00  -2.620088E-01   1.821088837E+00
   115   11643.119187   6.181504E-14   1.028631E+02    1.11665E+15   1.600000000E+00  -2.620088E-01   1.821088837E+00
   116   11643.119391   4.785597E-14   7.954558E+01    6.20935E+14   1.600000000E+00  -2.620088E-01   1.821088837E+00
   117   11643.119537   3.704914E-14   6.151377E+01    3.45282E+14   1.600000000E+00  -2.620088E-01   1.821088837E+00
   118   11643.119643   2.868271E-14   4.756950E+01    1.92001E+14   1.600000000E+00  -2.620088E-01   1.821088837E+00
   119   11643.119718   2.249438E-14   3.729123E+01    1.06330E+14   1.600000000E+00  -2.620088E-01   1.821088837E+00
   120   11643.119772   1.769164E-14   2.932284E+01    5.87470E+13   1.600000000E+00  -2.620088E-01   1.821088837E+00
   121   11643.119810   1.391433E-14   2.305714E+01    3.24574E+13   1.600000000E+00  -2.620088E-01   1.821088837E+00
   122   11643.119836   1.094351E-14   1.813029E+01    1.79325E+13   1.600000000E+00  -2.620088E-01   1.821088837E+00
   123   11643.119855   9.405541E-15   1.558497E+01    9.76331E+12   1.600000000E+00  -2.620088E-01   1.821088837E+00
   124   11643.119866   8.571499E-15   1.420971E+01    5.08055E+12   1.600000000E+00  -2.620088E-01   1.821088837E+00
   125   11643.119873   7.811416E-15   1.295580E+01    2.64378E+12   1.600000000E+00  -2.620088E-01   1.821088837E+00
   126   11643.119877   7.118734E-15   1.181253E+01    1.37575E+12   1.600000000E+00  -2.620088E-01   1.821088837E+00
   127   11643.119879   6.487308E-15   1.076627E+01    7.15986E+11   1.600000000E+00  -2.620088E-01   1.821088837E+00
   128   11643.119880   5.911883E-15   9.811872E+00    3.72649E+11   1.600000000E+00  -2.620088E-01   1.821088837E+00
   129   11643.119881   5.387499E-15   8.942074E+00    1.93952E+11   1.600000000E+00  -2.620088E-01   1.821088837E+00
   130   11643.119881   4.909961E-15   8.149935E+00    1.00940E+11   1.600000000E+00  -2.620088E-01   1.821088837E+00
   131   11643.119882   4.864586E-15   8.074307E+00    5.06786E+10   1.600000000E+00  -2.620088E-01   1.821088837E+00
   132   11643.119882   4.819631E-15   7.999382E+00    2.54440E+10   1.600000000E+00  -2.620088E-01   1.821088837E+00
   133   11643.119882   4.775091E-15   7.925151E+00    1.27746E+10   1.600000000E+00  -2.620088E-01   1.821088837E+00
   134   11643.119882   4.754052E-15   7.892074E+00    6.40572E+09   1.600000000E+00  -2.620088E-01   1.821088837E+00
   135   11643.119882   4.745022E-15   7.880035E+00    3.20503E+09   1.600000000E+00  -2.620088E-01   1.821088837E+00
   136   11643.119882   4.736008E-15   7.868015E+00    1.60360E+09   1.600000000E+00  -2.620088E-01   1.821088837E+00
   137   11643.119882   4.726993E-15   7.853983E+00    8.02377E+08   1.600000000E+00  -2.620088E-01   1.821088837E+00
