       6     575     327     407

     EOS file :  /Users/dany/Work/NStar/eos/v14/APR_EOS_Acc_Pd.dat           

  step        radius       baryon#       density        pressure       encl. mass            phi     encl. bar. mass 
                (m)        (#/fm3)       (g/cm3)        (dyn/cm2)      (sol. mass)                     (sol. mass)   

     0       0.000000   7.943675E-01   1.591308E+15    5.21816E+35   0.000000000E+00  -8.917385E-01   0.000000000E+00
     1       1.000000   7.943675E-01   1.591308E+15    5.21816E+35   3.351259744E-12  -8.917385E-01   2.801703656E-12
     2       1.033333   7.943675E-01   1.591308E+15    5.21816E+35   3.697680700E-12  -8.917385E-01   3.091316798E-12
     3       1.067778   7.943675E-01   1.591308E+15    5.21816E+35   4.079911318E-12  -8.917385E-01   3.410867356E-12
     4       1.103370   7.943675E-01   1.591308E+15    5.21816E+35   4.501653255E-12  -8.917385E-01   3.763449974E-12
     5       1.140149   7.943675E-01   1.591308E+15    5.21816E+35   4.966990812E-12  -8.917385E-01   4.152479186E-12
     6       1.178154   7.943675E-01   1.591308E+15    5.21816E+35   5.480430482E-12  -8.917385E-01   4.581722492E-12
     7       1.217426   7.943675E-01   1.591308E+15    5.21816E+35   6.046944600E-12  -8.917385E-01   5.055336836E-12
     8       1.258007   7.943675E-01   1.591308E+15    5.21816E+35   6.672019491E-12  -8.917385E-01   5.577908868E-12
     9       1.299941   7.943675E-01   1.591308E+15    5.21816E+35   7.361708602E-12  -8.917385E-01   6.154499364E-12
    10       1.343272   7.943675E-01   1.591308E+15    5.21816E+35   8.122691129E-12  -8.917385E-01   6.790692231E-12
    11       1.388048   7.943675E-01   1.591308E+15    5.21816E+35   8.962336699E-12  -8.917385E-01   7.492648589E-12
    12       1.434316   7.943675E-01   1.591308E+15    5.21816E+35   9.888776738E-12  -8.917385E-01   8.267166433E-12
    13       1.482126   7.943675E-01   1.591308E+15    5.21816E+35   1.091098322E-11  -8.917385E-01   9.121746470E-12
    14       1.531531   7.943675E-01   1.591308E+15    5.21816E+35   1.203885557E-11  -8.917385E-01   1.006466476E-11
    15       1.582582   7.943675E-01   1.591308E+15    5.21816E+35   1.328331649E-11  -8.917385E-01   1.110505286E-11
    16       1.635334   7.943675E-01   1.591308E+15    5.21816E+35   1.465641778E-11  -8.917385E-01   1.225298625E-11
    17       1.689846   7.943675E-01   1.591308E+15    5.21816E+35   1.617145706E-11  -8.917385E-01   1.351958195E-11
    18       1.746174   7.943675E-01   1.591308E+15    5.21816E+35   1.784310651E-11  -8.917385E-01   1.491710610E-11
    19       1.804380   7.943675E-01   1.591308E+15    5.21816E+35   1.968755496E-11  -8.917385E-01   1.645909283E-11
    20       1.864526   7.943675E-01   1.591308E+15    5.21816E+35   2.172266471E-11  -8.917385E-01   1.816047529E-11
    21       1.926676   7.943675E-01   1.591308E+15    5.21816E+35   2.396814451E-11  -8.917385E-01   2.003773028E-11
    22       1.990899   7.943675E-01   1.591308E+15    5.21816E+35   2.644574035E-11  -8.917385E-01   2.210903780E-11
    23       2.057262   7.943675E-01   1.591308E+15    5.21816E+35   2.917944618E-11  -8.917385E-01   2.439445713E-11
    24       2.125838   7.943675E-01   1.591308E+15    5.21816E+35   3.219573617E-11  -8.917385E-01   2.691612109E-11
    25       2.196699   7.943675E-01   1.591308E+15    5.21816E+35   3.552382114E-11  -8.917385E-01   2.969845036E-11
    26       2.269922   7.943675E-01   1.591308E+15    5.21816E+35   3.919593144E-11  -8.917385E-01   3.276839002E-11
    27       2.345586   7.943675E-01   1.591308E+15    5.21816E+35   4.324762911E-11  -8.917385E-01   3.615567045E-11
    28       2.423772   7.943675E-01   1.591308E+15    5.21816E+35   4.771815221E-11  -8.917385E-01   3.989309527E-11
    29       2.504565   7.943675E-01   1.591308E+15    5.21816E+35   5.265079489E-11  -8.917385E-01   4.401685905E-11
    30       2.588050   7.943675E-01   1.591308E+15    5.21816E+35   5.809332659E-11  -8.917385E-01   4.856689778E-11
    31       2.674319   7.943675E-01   1.591308E+15    5.21816E+35   6.409845473E-11  -8.917385E-01   5.358727563E-11
    32       2.763463   7.943675E-01   1.591308E+15    5.21816E+35   7.072433509E-11  -8.917385E-01   5.912661175E-11
    33       2.855578   7.943675E-01   1.591308E+15    5.21816E+35   7.803513505E-11  -8.917385E-01   6.523855101E-11
    34       2.950764   7.943675E-01   1.591308E+15    5.21816E+35   8.610165496E-11  -8.917385E-01   7.198228361E-11
    35       3.049123   7.943675E-01   1.591308E+15    5.21816E+35   9.500201388E-11  -8.917384E-01   7.942311825E-11
    36       3.150760   7.943675E-01   1.591308E+15    5.21816E+35   1.048224060E-10  -8.917384E-01   8.763311459E-11
    37       3.255786   7.943675E-01   1.591308E+15    5.21816E+35   1.156579355E-10  -8.917384E-01   9.669178116E-11
    38       3.364312   7.943675E-01   1.591308E+15    5.21816E+35   1.276135374E-10  -8.917384E-01   1.066868453E-10
    39       3.476455   7.943675E-01   1.591308E+15    5.21816E+35   1.408049940E-10  -8.917384E-01   1.177151027E-10
    40       3.592337   7.943675E-01   1.591308E+15    5.21816E+35   1.553600559E-10  -8.917384E-01   1.298833549E-10
    41       3.712082   7.943675E-01   1.591308E+15    5.21816E+35   1.714196797E-10  -8.917384E-01   1.433094436E-10
    42       3.835818   7.943675E-01   1.591308E+15    5.21816E+35   1.891393921E-10  -8.917384E-01   1.581233917E-10
    43       3.963678   7.943675E-01   1.591308E+15    5.21816E+35   2.086907972E-10  -8.917384E-01   1.744686627E-10
    44       4.095801   7.943674E-01   1.591308E+15    5.21816E+35   2.302632376E-10  -8.917384E-01   1.925035500E-10
    45       4.232328   7.943674E-01   1.591308E+15    5.21816E+35   2.540656283E-10  -8.917384E-01   2.124027098E-10
    46       4.373405   7.943674E-01   1.591308E+15    5.21816E+35   2.803284800E-10  -8.917384E-01   2.343588524E-10
    47       4.519185   7.943674E-01   1.591308E+15    5.21816E+35   3.093061313E-10  -8.917384E-01   2.585846089E-10
    48       4.669825   7.943674E-01   1.591308E+15    5.21816E+35   3.412792118E-10  -8.917384E-01   2.853145900E-10
    49       4.825486   7.943674E-01   1.591308E+15    5.21816E+35   3.765573599E-10  -8.917384E-01   3.148076581E-10
    50       4.986335   7.943674E-01   1.591308E+15    5.21816E+35   4.154822213E-10  -8.917384E-01   3.473494343E-10
    51       5.152546   7.943674E-01   1.591308E+15    5.21816E+35   4.584307579E-10  -8.917384E-01   3.832550646E-10
    52       5.324298   7.943674E-01   1.591308E+15    5.21816E+35   5.058188981E-10  -8.917384E-01   4.228722715E-10
    53       5.501774   7.943674E-01   1.591308E+15    5.21816E+35   5.581055647E-10  -8.917383E-01   4.665847218E-10
    54       5.685167   7.943674E-01   1.591308E+15    5.21816E+35   6.157971199E-10  -8.917383E-01   5.148157420E-10
    55       5.874672   7.943674E-01   1.591308E+15    5.21816E+35   6.794522684E-10  -8.917383E-01   5.680324178E-10
    56       6.070495   7.943674E-01   1.591308E+15    5.21816E+35   7.496874681E-10  -8.917383E-01   6.267501179E-10
    57       6.272844   7.943673E-01   1.591308E+15    5.21816E+35   8.271829005E-10  -8.917383E-01   6.915374847E-10
    58       6.481939   7.943673E-01   1.591308E+15    5.21816E+35   9.126890576E-10  -8.917383E-01   7.630219410E-10
    59       6.698004   7.943673E-01   1.591307E+15    5.21816E+35   1.007034010E-09  -8.917383E-01   8.418957668E-10
    60       6.921270   7.943673E-01   1.591307E+15    5.21816E+35   1.111131425E-09  -8.917382E-01   9.289228030E-10
    61       7.151979   7.943673E-01   1.591307E+15    5.21815E+35   1.225989417E-09  -8.917382E-01   1.024945849E-09
    62       7.390378   7.943673E-01   1.591307E+15    5.21815E+35   1.352720309E-09  -8.917382E-01   1.130894824E-09
    63       7.636724   7.943673E-01   1.591307E+15    5.21815E+35   1.492551404E-09  -8.917382E-01   1.247795774E-09
    64       7.891282   7.943672E-01   1.591307E+15    5.21815E+35   1.646836874E-09  -8.917382E-01   1.376780806E-09
    65       8.154324   7.943672E-01   1.591307E+15    5.21815E+35   1.817070867E-09  -8.917382E-01   1.519099055E-09
    66       8.426135   7.943672E-01   1.591307E+15    5.21815E+35   2.004901986E-09  -8.917381E-01   1.676128777E-09
    67       8.707006   7.943672E-01   1.591307E+15    5.21815E+35   2.212149247E-09  -8.917381E-01   1.849390700E-09
    68       8.997239   7.943671E-01   1.591307E+15    5.21815E+35   2.440819698E-09  -8.917381E-01   2.040562749E-09
    69       9.297147   7.943671E-01   1.591307E+15    5.21815E+35   2.693127857E-09  -8.917380E-01   2.251496297E-09
    70       9.607051   7.943671E-01   1.591307E+15    5.21815E+35   2.971517154E-09  -8.917380E-01   2.484234091E-09
    71       9.927286   7.943671E-01   1.591307E+15    5.21815E+35   3.278683598E-09  -8.917380E-01   2.741030040E-09
    72      10.258195   7.943670E-01   1.591307E+15    5.21815E+35   3.617601882E-09  -8.917380E-01   3.024371037E-09
    73      10.600135   7.943670E-01   1.591307E+15    5.21815E+35   3.991554193E-09  -8.917379E-01   3.337001046E-09
    74      10.953472   7.943670E-01   1.591307E+15    5.21815E+35   4.404161999E-09  -8.917379E-01   3.681947673E-09
    75      11.318588   7.943669E-01   1.591306E+15    5.21815E+35   4.859421114E-09  -8.917378E-01   4.062551487E-09
    76      11.695873   7.943669E-01   1.591306E+15    5.21815E+35   5.361740399E-09  -8.917378E-01   4.482498374E-09
    77      12.085735   7.943668E-01   1.591306E+15    5.21815E+35   5.915984460E-09  -8.917377E-01   4.945855225E-09
    78      12.488593   7.943668E-01   1.591306E+15    5.21814E+35   6.527520751E-09  -8.917377E-01   5.457109326E-09
    79      12.904878   7.943668E-01   1.591306E+15    5.21814E+35   7.202271559E-09  -8.917376E-01   6.021211814E-09
    80      13.335040   7.943667E-01   1.591306E+15    5.21814E+35   7.946771353E-09  -8.917376E-01   6.643625619E-09
    81      13.779541   7.943666E-01   1.591306E+15    5.21814E+35   8.768230066E-09  -8.917375E-01   7.330378377E-09
    82      14.238858   7.943666E-01   1.591305E+15    5.21814E+35   9.674602917E-09  -8.917374E-01   8.088120792E-09
    83      14.713486   7.943665E-01   1.591305E+15    5.21814E+35   1.067466745E-08  -8.917374E-01   8.924191053E-09
    84      15.203934   7.943665E-01   1.591305E+15    5.21814E+35   1.177810853E-08  -8.917373E-01   9.846685888E-09
    85      15.710731   7.943664E-01   1.591305E+15    5.21813E+35   1.299561215E-08  -8.917372E-01   1.086453898E-08
    86      16.234421   7.943663E-01   1.591305E+15    5.21813E+35   1.433896888E-08  -8.917371E-01   1.198760749E-08
    87      16.775566   7.943662E-01   1.591305E+15    5.21813E+35   1.582118810E-08  -8.917370E-01   1.322676748E-08
    88      17.334751   7.943661E-01   1.591304E+15    5.21813E+35   1.745662392E-08  -8.917369E-01   1.459401929E-08
    89      17.912574   7.943660E-01   1.591304E+15    5.21813E+35   1.926111423E-08  -8.917368E-01   1.610260370E-08
    90      18.509658   7.943659E-01   1.591304E+15    5.21813E+35   2.125213406E-08  -8.917367E-01   1.776713020E-08
    91      19.126644   7.943658E-01   1.591303E+15    5.21812E+35   2.344896481E-08  -8.917366E-01   1.960371842E-08
    92      19.764197   7.943657E-01   1.591303E+15    5.21812E+35   2.587288094E-08  -8.917365E-01   2.163015426E-08
    93      20.423001   7.943656E-01   1.591303E+15    5.21812E+35   2.854735603E-08  -8.917363E-01   2.386606213E-08
    94      21.103765   7.943655E-01   1.591302E+15    5.21811E+35   3.149829007E-08  -8.917362E-01   2.633309500E-08
    95      21.807220   7.943653E-01   1.591302E+15    5.21811E+35   3.475426027E-08  -8.917360E-01   2.905514404E-08
    96      22.534124   7.943652E-01   1.591302E+15    5.21811E+35   3.834679782E-08  -8.917359E-01   3.205857003E-08
    97      23.285258   7.943650E-01   1.591301E+15    5.21810E+35   4.231069316E-08  -8.917357E-01   3.537245860E-08
    98      24.061429   7.943648E-01   1.591301E+15    5.21810E+35   4.668433296E-08  -8.917355E-01   3.902890191E-08
    99      24.863472   7.943647E-01   1.591300E+15    5.21810E+35   5.151007179E-08  -8.917353E-01   4.306330941E-08
   100      25.692250   7.943645E-01   1.591300E+15    5.21809E+35   5.683464227E-08  -8.917351E-01   4.751475073E-08
   101      26.548653   7.943643E-01   1.591299E+15    5.21809E+35   6.270960759E-08  -8.917348E-01   5.242633404E-08
   102      27.433602   7.943640E-01   1.591299E+15    5.21808E+35   6.919186088E-08  -8.917346E-01   5.784562346E-08
   103      28.348048   7.943638E-01   1.591298E+15    5.21808E+35   7.634417602E-08  -8.917343E-01   6.382509968E-08
   104      29.292976   7.943635E-01   1.591297E+15    5.21807E+35   8.423581561E-08  -8.917340E-01   7.042266815E-08
   105      30.269400   7.943633E-01   1.591296E+15    5.21807E+35   9.294320154E-08  -8.917337E-01   7.770221979E-08
   106      31.278371   7.943630E-01   1.591296E+15    5.21806E+35   1.025506551E-07  -8.917334E-01   8.573424968E-08
   107      32.320973   7.943627E-01   1.591295E+15    5.21805E+35   1.131512134E-07  -8.917331E-01   9.459653970E-08
   108      33.398328   7.943624E-01   1.591294E+15    5.21805E+35   1.248475302E-07  -8.917327E-01   1.043749117E-07
   109      34.511593   7.943620E-01   1.591293E+15    5.21804E+35   1.377528700E-07  -8.917323E-01   1.151640585E-07
   110      35.661966   7.943616E-01   1.591292E+15    5.21803E+35   1.519922048E-07  -8.917319E-01   1.270684608E-07
   111      36.850684   7.943612E-01   1.591291E+15    5.21802E+35   1.677034238E-07  -8.917314E-01   1.402033991E-07
   112      38.079023   7.943608E-01   1.591290E+15    5.21801E+35   1.850386690E-07  -8.917310E-01   1.546960696E-07
   113      39.348306   7.943603E-01   1.591288E+15    5.21800E+35   2.041658079E-07  -8.917304E-01   1.706868159E-07
   114      40.659897   7.943599E-01   1.591287E+15    5.21799E+35   2.252700591E-07  -8.917299E-01   1.883304881E-07
   115      42.015204   7.943593E-01   1.591286E+15    5.21798E+35   2.485557854E-07  -8.917293E-01   2.077979422E-07
   116      43.415687   7.943588E-01   1.591284E+15    5.21797E+35   2.742484728E-07  -8.917287E-01   2.292776939E-07
   117      44.862850   7.943582E-01   1.591283E+15    5.21796E+35   3.025969129E-07  -8.917280E-01   2.529777445E-07
   118      46.358249   7.943576E-01   1.591281E+15    5.21794E+35   3.338756125E-07  -8.917273E-01   2.791275944E-07
   119      47.903491   7.943569E-01   1.591279E+15    5.21793E+35   3.683874505E-07  -8.917266E-01   3.079804655E-07
   120      49.500238   7.943562E-01   1.591277E+15    5.21791E+35   4.064666103E-07  -8.917257E-01   3.398157525E-07
   121      51.150206   7.943554E-01   1.591275E+15    5.21789E+35   4.484818156E-07  -8.917249E-01   3.749417281E-07
   122      52.855169   7.943546E-01   1.591273E+15    5.21788E+35   4.948398989E-07  -8.917240E-01   4.136985276E-07
   123      54.616960   7.943537E-01   1.591270E+15    5.21786E+35   5.459897409E-07  -8.917230E-01   4.564614420E-07
   124      56.437472   7.943528E-01   1.591268E+15    5.21784E+35   6.024266151E-07  -8.917219E-01   5.036445510E-07
   125      58.318662   7.943518E-01   1.591265E+15    5.21781E+35   6.646969824E-07  -8.917208E-01   5.557047319E-07
   126      60.262553   7.943507E-01   1.591262E+15    5.21779E+35   7.334037805E-07  -8.917196E-01   6.131460825E-07
   127      62.271233   7.943495E-01   1.591259E+15    5.21777E+35   8.092122601E-07  -8.917183E-01   6.765248011E-07
   128      64.346862   7.943483E-01   1.591256E+15    5.21774E+35   8.928564240E-07  -8.917169E-01   7.464545702E-07
   129      66.491670   7.943470E-01   1.591252E+15    5.21771E+35   9.851461309E-07  -8.917155E-01   8.236124977E-07
   130      68.707963   7.943456E-01   1.591248E+15    5.21768E+35   1.086974934E-06  -8.917139E-01   9.087456706E-07
   131      70.998122   7.943441E-01   1.591244E+15    5.21765E+35   1.199328729E-06  -8.917123E-01   1.002678386E-06
   132      73.364609   7.943426E-01   1.591240E+15    5.21761E+35   1.323295293E-06  -8.917105E-01   1.106320132E-06
   133      75.809967   7.943409E-01   1.591235E+15    5.21758E+35   1.460074814E-06  -8.917086E-01   1.220674384E-06
   134      78.336824   7.943391E-01   1.591230E+15    5.21754E+35   1.610991502E-06  -8.917066E-01   1.346848325E-06
   135      80.947894   7.943371E-01   1.591225E+15    5.21749E+35   1.777506406E-06  -8.917044E-01   1.486063556E-06
   136      83.645984   7.943351E-01   1.591220E+15    5.21745E+35   1.961231543E-06  -8.917021E-01   1.639667917E-06
   137      86.433992   7.943329E-01   1.591214E+15    5.21740E+35   2.163945501E-06  -8.916996E-01   1.809148534E-06
   138      89.314914   7.943305E-01   1.591207E+15    5.21735E+35   2.387610644E-06  -8.916970E-01   1.996146204E-06
   139      92.291844   7.943280E-01   1.591200E+15    5.21729E+35   2.634392090E-06  -8.916942E-01   2.202471276E-06
   140      95.367982   7.943253E-01   1.591193E+15    5.21724E+35   2.906678661E-06  -8.916912E-01   2.430121167E-06
   141      98.546631   7.943225E-01   1.591185E+15    5.21717E+35   3.207105981E-06  -8.916880E-01   2.681299680E-06
   142     101.831206   7.943194E-01   1.591177E+15    5.21711E+35   3.538581971E-06  -8.916845E-01   2.958438331E-06
   143     105.225234   7.943162E-01   1.591168E+15    5.21703E+35   3.904314965E-06  -8.916809E-01   3.264219868E-06
   144     108.732361   7.943127E-01   1.591158E+15    5.21696E+35   4.307844734E-06  -8.916770E-01   3.601604219E-06
   145     112.356353   7.943090E-01   1.591148E+15    5.21688E+35   4.753076710E-06  -8.916728E-01   3.973857121E-06
   146     116.101100   7.943050E-01   1.591137E+15    5.21679E+35   5.244319739E-06  -8.916683E-01   4.384581703E-06
   147     119.970625   7.943008E-01   1.591126E+15    5.21670E+35   5.786327732E-06  -8.916636E-01   4.837753330E-06
   148     123.969081   7.942963E-01   1.591114E+15    5.21660E+35   6.384345607E-06  -8.916585E-01   5.337758037E-06
   149     128.100761   7.942914E-01   1.591100E+15    5.21649E+35   7.044159979E-06  -8.916531E-01   5.889434943E-06
   150     132.370099   7.942863E-01   1.591086E+15    5.21638E+35   7.772155062E-06  -8.916473E-01   6.498123020E-06
   151     136.781677   7.942808E-01   1.591071E+15    5.21626E+35   8.575374352E-06  -8.916411E-01   7.169712708E-06
   152     141.340230   7.942749E-01   1.591055E+15    5.21613E+35   9.461588652E-06  -8.916345E-01   7.910702838E-06
   153     146.050647   7.942686E-01   1.591038E+15    5.21599E+35   1.043937112E-05  -8.916275E-01   8.728263436E-06
   154     150.917983   7.942619E-01   1.591020E+15    5.21584E+35   1.151818005E-05  -8.916200E-01   9.630304996E-06
   155     155.947459   7.942547E-01   1.591000E+15    5.21569E+35   1.270845016E-05  -8.916119E-01   1.062555490E-05
   156     161.144467   7.942471E-01   1.590979E+15    5.21552E+35   1.402169331E-05  -8.916034E-01   1.172364172E-05
   157     166.514581   7.942389E-01   1.590957E+15    5.21534E+35   1.547060960E-05  -8.915942E-01   1.293518818E-05
   158     172.063557   7.942302E-01   1.590933E+15    5.21515E+35   1.706920984E-05  -8.915844E-01   1.427191374E-05
   159     177.797343   7.942209E-01   1.590908E+15    5.21495E+35   1.883295070E-05  -8.915740E-01   1.574674773E-05
   160     183.722083   7.942110E-01   1.590881E+15    5.21473E+35   2.077888372E-05  -8.915628E-01   1.737395410E-05
   161     189.844125   7.942004E-01   1.590852E+15    5.21450E+35   2.292581969E-05  -8.915509E-01   1.916926910E-05
   162     196.170025   7.941891E-01   1.590821E+15    5.21425E+35   2.529450983E-05  -8.915382E-01   2.115005302E-05
   163     202.706557   7.941770E-01   1.590788E+15    5.21398E+35   2.790784574E-05  -8.915246E-01   2.333545766E-05
   164     209.460718   7.941641E-01   1.590753E+15    5.21370E+35   3.079107976E-05  -8.915102E-01   2.574661093E-05
   165     216.439737   7.941503E-01   1.590715E+15    5.21340E+35   3.397206804E-05  -8.914947E-01   2.840682054E-05
   166     223.651080   7.941355E-01   1.590675E+15    5.21307E+35   3.748153850E-05  -8.914782E-01   3.134179849E-05
   167     231.102458   7.941198E-01   1.590632E+15    5.21273E+35   4.135338636E-05  -8.914605E-01   3.457990880E-05
   168     238.801837   7.941031E-01   1.590586E+15    5.21236E+35   4.562499989E-05  -8.914417E-01   3.815244056E-05
   169     246.757445   7.940851E-01   1.590537E+15    5.21197E+35   5.033761961E-05  -8.914216E-01   4.209390906E-05
   170     254.977780   7.940660E-01   1.590485E+15    5.21155E+35   5.553673424E-05  -8.914002E-01   4.644238785E-05
   171     263.471619   7.940456E-01   1.590429E+15    5.21110E+35   6.127251722E-05  -8.913772E-01   5.123987485E-05
   172     272.248027   7.940238E-01   1.590370E+15    5.21063E+35   6.760030786E-05  -8.913528E-01   5.653269599E-05
   173     281.316363   7.940005E-01   1.590306E+15    5.21012E+35   7.458114168E-05  -8.913266E-01   6.237195024E-05
   174     290.686296   7.939756E-01   1.590239E+15    5.20957E+35   8.228233490E-05  -8.912988E-01   6.881400022E-05
   175     300.367808   7.939491E-01   1.590166E+15    5.20899E+35   9.077812866E-05  -8.912690E-01   7.592101299E-05
   176     310.371208   7.939208E-01   1.590089E+15    5.20837E+35   1.001503988E-04  -8.912372E-01   8.376155622E-05
   177     320.707140   7.938905E-01   1.590006E+15    5.20771E+35   1.104894382E-04  -8.912033E-01   9.241125526E-05
   178     331.386593   7.938582E-01   1.589918E+15    5.20700E+35   1.218948183E-04  -8.911670E-01   1.019535173E-04
   179     342.420915   7.938237E-01   1.589824E+15    5.20625E+35   1.344763387E-04  -8.911283E-01   1.124803296E-04
   180     353.821820   7.937869E-01   1.589724E+15    5.20544E+35   1.483550730E-04  -8.910870E-01   1.240931387E-04
   181     365.601400   7.937476E-01   1.589616E+15    5.20458E+35   1.636645206E-04  -8.910429E-01   1.369038199E-04
   182     377.772137   7.937057E-01   1.589502E+15    5.20366E+35   1.805518752E-04  -8.909959E-01   1.510357444E-04
   183     390.346918   7.936609E-01   1.589380E+15    5.20268E+35   1.991794218E-04  -8.909456E-01   1.666249561E-04
   184     403.339039   7.936130E-01   1.589249E+15    5.20163E+35   2.197260749E-04  -8.908920E-01   1.838214671E-04
   185     416.762225   7.935620E-01   1.589110E+15    5.20052E+35   2.423890711E-04  -8.908347E-01   2.027906846E-04
   186     430.630637   7.935075E-01   1.588961E+15    5.19932E+35   2.673858328E-04  -8.907736E-01   2.237149825E-04
   187     444.958890   7.934493E-01   1.588803E+15    5.19805E+35   2.949560192E-04  -8.907083E-01   2.467954324E-04
   188     459.762058   7.933872E-01   1.588633E+15    5.19669E+35   3.253637824E-04  -8.906386E-01   2.722537087E-04
   189     475.055697   7.933209E-01   1.588452E+15    5.19524E+35   3.589002497E-04  -8.905643E-01   3.003341859E-04
   190     490.855848   7.932501E-01   1.588259E+15    5.19370E+35   3.958862539E-04  -8.904849E-01   3.313062476E-04
   191     507.179060   7.931745E-01   1.588053E+15    5.19205E+35   4.366753347E-04  -8.904001E-01   3.654668267E-04
   192     524.042395   7.930939E-01   1.587833E+15    5.19028E+35   4.816570396E-04  -8.903097E-01   4.031432009E-04
   193     541.463448   7.930078E-01   1.587598E+15    5.18840E+35   5.312605506E-04  -8.902131E-01   4.446960676E-04
   194     559.460358   7.929159E-01   1.587348E+15    5.18640E+35   5.859586694E-04  -8.901101E-01   4.905229259E-04
   195     578.051822   7.928178E-01   1.587080E+15    5.18425E+35   6.462721960E-04  -8.900001E-01   5.410617953E-04
   196     597.257110   7.927131E-01   1.586795E+15    5.18197E+35   7.127747348E-04  -8.898827E-01   5.967953041E-04
   197     617.096078   7.926014E-01   1.586490E+15    5.17953E+35   7.860979728E-04  -8.897575E-01   6.582551820E-04
   198     637.589182   7.924822E-01   1.586165E+15    5.17693E+35   8.669374700E-04  -8.896238E-01   7.260271974E-04
   199     658.757491   7.923549E-01   1.585818E+15    5.17416E+35   9.560590115E-04  -8.894811E-01   8.007565799E-04
   200     680.622703   7.922191E-01   1.585447E+15    5.17120E+35   1.054305573E-03  -8.893289E-01   8.831539751E-04
   201     703.207154   7.920741E-01   1.585052E+15    5.16804E+35   1.162604956E-03  -8.891664E-01   9.740019812E-04
   202     726.533837   7.919194E-01   1.584630E+15    5.16467E+35   1.281978148E-03  -8.889930E-01   1.074162322E-03
   203     750.626409   7.917544E-01   1.584180E+15    5.16108E+35   1.413548482E-03  -8.888081E-01   1.184583715E-03
   204     775.509206   7.915782E-01   1.583700E+15    5.15725E+35   1.558551657E-03  -8.886107E-01   1.306310498E-03
   205     801.207255   7.913903E-01   1.583188E+15    5.15316E+35   1.718346698E-03  -8.884001E-01   1.440492087E-03
   206     827.746282   7.911898E-01   1.582642E+15    5.14880E+35   1.894427935E-03  -8.881755E-01   1.588393332E-03
   207     855.152726   7.909759E-01   1.582059E+15    5.14416E+35   2.088438092E-03  -8.879359E-01   1.751405858E-03
   208     883.453746   7.907477E-01   1.581437E+15    5.13920E+35   2.302182566E-03  -8.876803E-01   1.931060482E-03
   209     912.677227   7.905042E-01   1.580774E+15    5.13392E+35   2.537645011E-03  -8.874077E-01   2.129040779E-03
   210     942.851791   7.902445E-01   1.580066E+15    5.12830E+35   2.797004311E-03  -8.871169E-01   2.347197929E-03
   211     974.006798   7.899676E-01   1.579312E+15    5.12230E+35   3.082653077E-03  -8.868068E-01   2.587566920E-03
   212    1006.172346   7.896724E-01   1.578510E+15    5.11591E+35   3.397218015E-03  -8.864761E-01   2.852384237E-03
   213    1039.379231   7.893577E-01   1.577656E+15    5.10909E+35   3.743580989E-03  -8.861235E-01   3.144106719E-03
   214    1073.659043   7.890221E-01   1.576744E+15    5.10184E+35   4.124903492E-03  -8.857475E-01   3.465433344E-03
   215    1109.044113   7.886642E-01   1.575773E+15    5.09411E+35   4.544652105E-03  -8.853468E-01   3.819327782E-03
   216    1145.567507   7.882826E-01   1.574737E+15    5.08588E+35   5.006626335E-03  -8.849196E-01   4.209043290E-03
   217    1183.263019   7.878758E-01   1.573633E+15    5.07711E+35   5.514988700E-03  -8.844642E-01   4.638149772E-03
   218    1222.165159   7.874421E-01   1.572456E+15    5.06778E+35   6.074297208E-03  -8.839789E-01   5.110563144E-03
   219    1262.309134   7.869799E-01   1.571203E+15    5.05785E+35   6.689540357E-03  -8.834619E-01   5.630577173E-03
   220    1303.730832   7.864874E-01   1.569867E+15    5.04728E+35   7.366174773E-03  -8.829110E-01   6.202897944E-03
   221    1346.466799   7.859625E-01   1.568444E+15    5.03603E+35   8.110165634E-03  -8.823241E-01   6.832681130E-03
   222    1390.554203   7.854033E-01   1.566928E+15    5.02407E+35   8.928029947E-03  -8.816990E-01   7.525572224E-03
   223    1436.030808   7.848075E-01   1.565313E+15    5.01135E+35   9.826882813E-03  -8.810333E-01   8.287749894E-03
   224    1482.934929   7.841730E-01   1.563594E+15    4.99782E+35   1.081448673E-02  -8.803246E-01   9.125972633E-03
   225    1531.305382   7.834972E-01   1.561763E+15    4.98344E+35   1.189930399E-02  -8.795701E-01   1.004762884E-02
   226    1581.181440   7.827777E-01   1.559815E+15    4.96817E+35   1.309055220E-02  -8.787670E-01   1.106079048E-02
   227    1632.602759   7.820117E-01   1.557742E+15    4.95194E+35   1.439826285E-02  -8.779125E-01   1.217427044E-02
   228    1685.609318   7.811965E-01   1.555536E+15    4.93471E+35   1.583334297E-02  -8.770034E-01   1.339768370E-02
   229    1740.241336   7.803289E-01   1.553189E+15    4.91642E+35   1.740763964E-02  -8.760365E-01   1.474151231E-02
   230    1796.539183   7.794068E-01   1.550713E+15    4.89701E+35   1.913401388E-02  -8.750083E-01   1.621717493E-02
   231    1854.542600   7.784265E-01   1.548091E+15    4.87643E+35   2.102640293E-02  -8.739153E-01   1.783708115E-02
   232    1914.291514   7.773841E-01   1.545304E+15    4.85461E+35   2.309987797E-02  -8.727538E-01   1.961472688E-02
   233    1975.826036   7.762759E-01   1.542343E+15    4.83149E+35   2.537074122E-02  -8.715198E-01   2.156478162E-02
   234    2039.185959   7.750980E-01   1.539197E+15    4.80700E+35   2.785659097E-02  -8.702091E-01   2.370316260E-02
   235    2104.410605   7.738466E-01   1.535856E+15    4.78107E+35   3.057639593E-02  -8.688177E-01   2.604712136E-02
   236    2171.538667   7.725174E-01   1.532310E+15    4.75364E+35   3.355056900E-02  -8.673409E-01   2.861533300E-02
   237    2240.608034   7.711059E-01   1.528547E+15    4.72464E+35   3.680103910E-02  -8.657742E-01   3.142798745E-02
   238    2311.655599   7.696081E-01   1.524563E+15    4.69399E+35   4.035132320E-02  -8.641128E-01   3.450688239E-02
   239    2384.716689   7.680195E-01   1.520362E+15    4.66162E+35   4.422661867E-02  -8.623517E-01   3.787550186E-02
   240    2459.824471   7.663346E-01   1.515910E+15    4.62746E+35   4.845376714E-02  -8.604859E-01   4.155908078E-02
   241    2537.011456   7.645484E-01   1.511193E+15    4.59144E+35   5.306139705E-02  -8.585099E-01   4.558477707E-02
   242    2616.308227   7.626554E-01   1.506199E+15    4.55348E+35   5.807993324E-02  -8.564186E-01   4.998171691E-02
   243    2697.743170   7.606503E-01   1.500913E+15    4.51351E+35   6.354162323E-02  -8.542062E-01   5.478107662E-02
   244    2781.342181   7.585300E-01   1.495341E+15    4.47146E+35   6.948057484E-02  -8.518671E-01   6.001616342E-02
   245    2867.127327   7.562876E-01   1.489460E+15    4.42727E+35   7.593270592E-02  -8.493957E-01   6.572241839E-02
   246    2955.118063   7.539160E-01   1.483246E+15    4.38087E+35   8.293569456E-02  -8.467861E-01   7.193753110E-02
   247    3045.330844   7.514092E-01   1.476685E+15    4.33220E+35   9.052898566E-02  -8.440324E-01   7.870149511E-02
   248    3137.778327   7.487621E-01   1.469800E+15    4.28119E+35   9.875371776E-02  -8.411287E-01   8.605660255E-02
   249    3232.466659   7.459687E-01   1.462586E+15    4.22780E+35   1.076527253E-01  -8.380693E-01   9.404725322E-02
   250    3329.396919   7.430217E-01   1.454984E+15    4.17199E+35   1.172698684E-01  -8.348484E-01   1.027200032E-01
   251    3428.567876   7.399148E-01   1.446981E+15    4.11371E+35   1.276503809E-01  -8.314604E-01   1.121238010E-01
   252    3529.972922   7.366443E-01   1.438597E+15    4.05293E+35   1.388405951E-01  -8.278995E-01   1.223097063E-01
   253    3633.597438   7.332014E-01   1.429784E+15    3.98963E+35   1.508872707E-01  -8.241605E-01   1.333304938E-01
   254    3739.422988   7.295806E-01   1.420537E+15    3.92381E+35   1.638376400E-01  -8.202383E-01   1.452409164E-01
   255    3847.423986   7.257799E-01   1.410910E+15    3.85545E+35   1.777392827E-01  -8.161279E-01   1.580972564E-01
   256    3957.563140   7.217888E-01   1.400818E+15    3.78457E+35   1.926385826E-01  -8.118252E-01   1.719564280E-01
   257    4069.801269   7.176039E-01   1.390300E+15    3.71120E+35   2.085814376E-01  -8.073260E-01   1.868768362E-01
   258    4184.087614   7.132191E-01   1.379337E+15    3.63537E+35   2.256123988E-01  -8.026270E-01   2.029169034E-01
   259    4300.364353   7.086290E-01   1.367894E+15    3.55714E+35   2.437733085E-01  -7.977251E-01   2.201350798E-01
   260    4418.567192   7.038307E-01   1.355988E+15    3.47658E+35   2.631039252E-01  -7.926182E-01   2.385896013E-01
   261    4538.621487   6.988178E-01   1.343599E+15    3.39378E+35   2.836400077E-01  -7.873046E-01   2.583372403E-01
   262    4660.445035   6.935891E-01   1.330782E+15    3.30884E+35   3.054142560E-01  -7.817836E-01   2.794331979E-01
   263    4783.941530   6.881394E-01   1.317490E+15    3.22187E+35   3.284530834E-01  -7.760554E-01   3.019291263E-01
   264    4909.009518   6.824677E-01   1.303763E+15    3.13301E+35   3.527788527E-01  -7.701211E-01   3.258739914E-01
   265    5035.534908   6.765718E-01   1.289562E+15    3.04243E+35   3.784059318E-01  -7.639829E-01   3.513117094E-01
   266    5163.398030   6.704492E-01   1.274876E+15    2.95028E+35   4.053426418E-01  -7.576438E-01   3.782817702E-01
   267    5292.471709   6.640995E-01   1.259746E+15    2.85676E+35   4.335893112E-01  -7.511080E-01   4.068177534E-01
   268    5422.616771   6.575227E-01   1.244170E+15    2.76207E+35   4.631372954E-01  -7.443809E-01   4.369454659E-01
   269    5553.686367   6.507215E-01   1.228193E+15    2.66641E+35   4.939706894E-01  -7.374692E-01   4.686829831E-01
   270    5685.522409   6.436963E-01   1.211866E+15    2.57002E+35   5.260627838E-01  -7.303809E-01   5.020383913E-01
   271    5817.954993   6.364512E-01   1.195093E+15    2.47314E+35   5.593757181E-01  -7.231253E-01   5.370085254E-01
   272    5950.818370   6.289897E-01   1.177893E+15    2.37601E+35   5.938624977E-01  -7.157126E-01   5.735824953E-01
   273    6083.940364   6.213101E-01   1.160383E+15    2.27888E+35   6.294675926E-01  -7.081540E-01   6.117374830E-01
   274    6217.133042   6.134286E-01   1.142540E+15    2.18202E+35   6.661226837E-01  -7.004628E-01   6.514356455E-01
   275    6350.208216   6.053432E-01   1.124359E+15    2.08569E+35   7.037498231E-01  -6.926527E-01   6.926276217E-01
   276    6482.977037   5.970640E-01   1.105904E+15    1.99014E+35   7.422622725E-01  -6.847387E-01   7.352513319E-01
   277    6615.243771   5.886033E-01   1.087223E+15    1.89562E+35   7.815654917E-01  -6.767367E-01   7.792306112E-01
   278    6746.808447   5.799615E-01   1.068216E+15    1.80239E+35   8.215517150E-01  -6.686640E-01   8.244743329E-01
   279    6877.485032   5.711473E-01   1.049086E+15    1.71069E+35   8.621116775E-01  -6.605375E-01   8.708829017E-01
   280    7007.068684   5.621796E-01   1.029702E+15    1.62075E+35   9.031237734E-01  -6.523760E-01   9.183374239E-01
   281    7135.374957   5.530702E-01   1.010233E+15    1.53278E+35   9.444659683E-01  -6.441977E-01   9.667140443E-01
   282    7262.206831   5.438256E-01   9.906089E+14    1.44699E+35   9.860097796E-01  -6.360221E-01   1.015872007E+00
   283    7387.383421   5.344560E-01   9.708712E+14    1.36356E+35   1.027623611E+00  -6.278681E-01   1.065664673E+00
   284    7510.728737   5.249804E-01   9.510768E+14    1.28265E+35   1.069176941E+00  -6.197548E-01   1.115936983E+00
   285    7632.070749   5.154118E-01   9.312476E+14    1.20442E+35   1.110538573E+00  -6.117010E-01   1.166526892E+00
   286    7751.246648   5.057535E-01   9.113950E+14    1.12898E+35   1.151579037E+00  -6.037253E-01   1.217267224E+00
   287    7868.105136   4.960230E-01   8.915504E+14    1.05644E+35   1.192171856E+00  -5.958456E-01   1.267988088E+00
   288    7982.505023   4.862401E-01   8.717515E+14    9.86880E+34   1.232196554E+00  -5.880789E-01   1.318520571E+00
   289    8094.315045   4.764086E-01   8.520087E+14    9.20355E+34   1.271537173E+00  -5.804417E-01   1.368695368E+00
   290    8203.417909   4.665468E-01   8.323569E+14    8.56906E+34   1.310086031E+00  -5.729491E-01   1.418347835E+00
   291    8309.707652   4.566659E-01   8.128135E+14    7.96548E+34   1.347743106E+00  -5.656154E-01   1.467318350E+00
   292    8413.092114   4.467767E-01   7.933935E+14    7.39281E+34   1.384417438E+00  -5.584533E-01   1.515454688E+00
   293    8513.493310   4.368918E-01   7.741124E+14    6.85082E+34   1.420027673E+00  -5.514744E-01   1.562614169E+00
   294    8610.847429   4.270210E-01   7.549953E+14    6.33914E+34   1.454503050E+00  -5.446888E-01   1.608664887E+00
   295    8705.103408   4.171748E-01   7.360557E+14    5.85723E+34   1.487783218E+00  -5.381051E-01   1.653486435E+00
   296    8796.224009   4.073617E-01   7.172957E+14    5.40443E+34   1.519817973E+00  -5.317306E-01   1.696971315E+00
   297    8884.186795   3.975923E-01   6.987361E+14    4.97993E+34   1.550568314E+00  -5.255710E-01   1.739026610E+00
   298    8968.981249   3.878720E-01   6.803865E+14    4.58284E+34   1.580005542E+00  -5.196305E-01   1.779572993E+00
   299    9050.609451   3.782081E-01   6.622403E+14    4.21218E+34   1.608110397E+00  -5.139120E-01   1.818545465E+00
   300    9129.087207   3.686092E-01   6.443240E+14    3.86689E+34   1.634874246E+00  -5.084171E-01   1.855894486E+00
   301    9204.439300   3.590781E-01   6.266250E+14    3.54587E+34   1.660296496E+00  -5.031460E-01   1.891583436E+00
   302    9276.703126   3.496207E-01   6.091524E+14    3.24798E+34   1.684385423E+00  -4.980979E-01   1.925590243E+00
   303    9345.925217   3.402436E-01   5.919174E+14    2.97204E+34   1.707157035E+00  -4.932705E-01   1.957905732E+00
   304    9412.160021   3.309464E-01   5.749098E+14    2.71689E+34   1.728633850E+00  -4.886610E-01   1.988532400E+00
   305    9475.471277   3.217364E-01   5.581300E+14    2.48133E+34   1.748844672E+00  -4.842655E-01   2.017484473E+00
   306    9535.929812   3.041859E-01   5.262156E+14    2.26921E+34   1.767367517E+00  -4.800798E-01   2.044160335E+00
   307    9595.359219   2.955580E-01   5.106133E+14    2.06899E+34   1.785179285E+00  -4.759795E-01   2.069915562E+00
   308    9652.016841   2.870486E-01   4.952866E+14    1.88497E+34   1.801854326E+00  -4.720845E-01   2.094111987E+00
   309    9705.982532   2.786602E-01   4.802331E+14    1.71606E+34   1.817434845E+00  -4.683887E-01   2.116793360E+00
   310    9757.340313   2.703931E-01   4.654524E+14    1.56122E+34   1.831965667E+00  -4.648852E-01   2.138009340E+00
   311    9806.177272   2.622438E-01   4.509419E+14    1.41943E+34   1.845493561E+00  -4.615670E-01   2.157814328E+00
   312    9852.582936   2.542302E-01   4.367116E+14    1.28974E+34   1.858066638E+00  -4.584270E-01   2.176266713E+00
   313    9896.647271   2.463560E-01   4.227686E+14    1.17123E+34   1.869733279E+00  -4.554578E-01   2.193427251E+00
   314    9938.460429   2.386279E-01   4.091240E+14    1.06306E+34   1.880541663E+00  -4.526521E-01   2.209357526E+00
   315    9978.111965   2.310458E-01   3.957797E+14    9.64398E+33   1.890540266E+00  -4.500026E-01   2.224121075E+00
   316   10015.690987   2.236068E-01   3.827176E+14    8.74496E+33   1.899776734E+00  -4.475022E-01   2.237781623E+00
   317   10051.287560   2.163302E-01   3.699693E+14    7.92635E+33   1.908298162E+00  -4.451437E-01   2.250403320E+00
   318   10084.987571   2.061446E-01   3.521663E+14    7.18338E+33   1.916129407E+00  -4.429201E-01   2.262018561E+00
   319   10117.359741   1.790799E-01   3.049809E+14    6.54598E+33   1.922919123E+00  -4.407935E-01   2.272116442E+00
   320   10151.650775   1.731686E-01   2.947117E+14    5.92709E+33   1.929591511E+00  -4.385520E-01   2.282058358E+00
   321   10184.098488   1.674294E-01   2.847558E+14    5.36498E+33   1.935732549E+00  -4.364423E-01   2.291214998E+00
   322   10214.781344   1.618581E-01   2.751067E+14    4.85474E+33   1.941377998E+00  -4.344574E-01   2.299637756E+00
   323   10243.776700   1.564415E-01   2.657459E+14    4.39181E+33   1.946562065E+00  -4.325910E-01   2.307376252E+00
   324   10271.161806   1.511849E-01   2.566743E+14    3.97202E+33   1.951317443E+00  -4.308367E-01   2.314477874E+00
   325   10297.011523   1.460618E-01   2.478544E+14    3.59152E+33   1.955675074E+00  -4.291883E-01   2.320987881E+00
   326   10321.401990   1.410926E-01   2.393085E+14    3.24676E+33   1.959664554E+00  -4.276400E-01   2.326949560E+00
   327   10344.404383   1.362436E-01   2.309821E+14    2.93454E+33   1.963313494E+00  -4.261860E-01   2.332403647E+00
   328   10366.092349   1.315417E-01   2.229146E+14    2.65185E+33   1.966648289E+00  -4.248208E-01   2.337389112E+00
   329   10386.532765   1.269933E-01   2.151179E+14    2.39599E+33   1.969693760E+00  -4.235393E-01   2.341942774E+00
   330   10405.788406   1.225948E-01   2.075834E+14    2.16446E+33   1.972472905E+00  -4.223366E-01   2.346098745E+00
   331   10423.919988   1.183197E-01   2.002656E+14    1.95503E+33   1.975007111E+00  -4.212083E-01   2.349888858E+00
   332   10440.989272   1.141550E-01   1.931431E+14    1.76565E+33   1.977316017E+00  -4.201498E-01   2.353342317E+00
   333   10457.057013   1.101320E-01   1.862656E+14    1.59443E+33   1.979418770E+00  -4.191568E-01   2.356487672E+00
   334   10472.176457   1.061194E-01   1.794219E+14    1.43972E+33   1.981331578E+00  -4.182254E-01   2.359349032E+00
   335   10486.415499   1.022449E-01   1.728164E+14    1.29990E+33   1.983071601E+00  -4.173509E-01   2.361951948E+00
   336   10499.821691   9.843611E-02   1.663274E+14    1.17356E+33   1.984653486E+00  -4.165300E-01   2.364318324E+00
   337   10512.449198   9.466543E-02   1.599089E+14    1.05949E+33   1.986089989E+00  -4.157589E-01   2.366467203E+00
   338   10524.353270   9.103640E-02   1.537333E+14    9.56433E+32   1.987394959E+00  -4.150339E-01   2.368419303E+00
   339   10535.572442   8.640302E-02   1.458401E+14    8.63769E+32   1.988574383E+00  -4.143524E-01   2.370183698E+00
   340   10546.289451   8.157132E-02   1.376097E+14    7.80412E+32   1.989640517E+00  -4.137030E-01   2.371778978E+00
   341   10556.584568   7.700734E-02   1.298396E+14    7.05058E+32   1.990608796E+00  -4.130807E-01   2.373228178E+00
   342   10566.473060   7.269660E-02   1.225047E+14    6.36948E+32   1.991487985E+00  -4.124844E-01   2.374544342E+00
   343   10575.969739   6.862532E-02   1.155810E+14    5.75390E+32   1.992286090E+00  -4.119130E-01   2.375739398E+00
   344   10585.088973   6.478045E-02   1.090459E+14    5.19759E+32   1.993010426E+00  -4.113656E-01   2.376824243E+00
   345   10593.844688   6.114961E-02   1.028779E+14    4.69488E+32   1.993667667E+00  -4.108411E-01   2.377808826E+00
   346   10602.250377   5.772109E-02   9.705681E+13    4.24063E+32   1.994263905E+00  -4.103387E-01   2.378702228E+00
   347   10610.319108   5.448375E-02   9.156332E+13    3.83021E+32   1.994804691E+00  -4.098574E-01   2.379512733E+00
   348   10618.063534   5.142709E-02   8.637924E+13    3.45940E+32   1.995295090E+00  -4.093964E-01   2.380247895E+00
   349   10625.495896   4.854114E-02   8.148736E+13    3.12440E+32   1.995739713E+00  -4.089548E-01   2.380914596E+00
   350   10632.628035   4.581646E-02   7.687138E+13    2.82177E+32   1.996142762E+00  -4.085319E-01   2.381519108E+00
   351   10639.471400   4.324415E-02   7.251588E+13    2.54839E+32   1.996508064E+00  -4.081268E-01   2.382067143E+00
   352   10646.037058   4.081574E-02   6.840631E+13    2.30145E+32   1.996839098E+00  -4.077389E-01   2.382563898E+00
   353   10652.335697   3.852326E-02   6.452890E+13    2.07839E+32   1.997139033E+00  -4.073673E-01   2.383014106E+00
   354   10658.377642   3.635917E-02   6.087062E+13    1.87692E+32   1.997410749E+00  -4.070115E-01   2.383422068E+00
   355   10664.172862   3.431631E-02   5.741917E+13    1.69495E+32   1.997656867E+00  -4.066708E-01   2.383791700E+00
   356   10669.730975   3.238794E-02   5.416294E+13    1.53060E+32   1.997879768E+00  -4.063445E-01   2.384126558E+00
   357   10675.061262   3.056769E-02   5.109095E+13    1.38216E+32   1.998081614E+00  -4.060320E-01   2.384429876E+00
   358   10680.172675   2.884952E-02   4.819283E+13    1.24811E+32   1.998264372E+00  -4.057328E-01   2.384704593E+00
   359   10685.073845   2.722774E-02   4.545878E+13    1.12704E+32   1.998429827E+00  -4.054463E-01   2.384953377E+00
   360   10689.773088   2.569696E-02   4.287957E+13    1.01770E+32   1.998579600E+00  -4.051720E-01   2.385178651E+00
   361   10694.278423   2.425210E-02   4.044645E+13    9.18962E+31   1.998715161E+00  -4.049093E-01   2.385382617E+00
   362   10698.597571   2.285184E-02   3.809307E+13    8.29817E+31   1.998837817E+00  -4.046578E-01   2.385567223E+00
   363   10702.744382   2.130753E-02   3.551925E+13    7.49752E+31   1.998948206E+00  -4.044166E-01   2.385733368E+00
   364   10706.767797   1.986748E-02   3.311917E+13    6.77407E+31   1.999048151E+00  -4.041829E-01   2.385883759E+00
   365   10710.671335   1.852467E-02   3.088113E+13    6.12039E+31   1.999138632E+00  -4.039564E-01   2.386019882E+00
   366   10714.458422   1.725063E-02   2.875545E+13    5.53008E+31   1.999220496E+00  -4.037369E-01   2.386143018E+00
   367   10718.137549   1.605905E-02   2.676695E+13    4.99683E+31   1.999294581E+00  -4.035238E-01   2.386254442E+00
   368   10721.712987   1.494195E-02   2.490304E+13    4.51501E+31   1.999361640E+00  -4.033170E-01   2.386355286E+00
   369   10725.189360   1.386527E-02   2.310732E+13    4.08029E+31   1.999422249E+00  -4.031162E-01   2.386446422E+00
   370   10728.578824   1.286612E-02   2.144103E+13    3.68740E+31   1.999477117E+00  -4.029205E-01   2.386528914E+00
   371   10731.883462   1.193780E-02   1.989313E+13    3.33234E+31   1.999526785E+00  -4.027299E-01   2.386603578E+00
   372   10735.105591   1.106604E-02   1.844149E+13    3.01160E+31   1.999571723E+00  -4.025443E-01   2.386671120E+00
   373   10738.249961   1.025792E-02   1.709574E+13    2.72172E+31   1.999612401E+00  -4.023633E-01   2.386732245E+00
   374   10741.318376   9.505486E-03   1.584248E+13    2.45975E+31   1.999649219E+00  -4.021868E-01   2.386787558E+00
   375   10744.313686   8.796421E-03   1.466070E+13    2.22318E+31   1.999682517E+00  -4.020147E-01   2.386837572E+00
   376   10747.241870   8.140232E-03   1.356705E+13    2.00936E+31   1.999712656E+00  -4.018466E-01   2.386882836E+00
   377   10750.104374   7.526266E-03   1.254378E+13    1.81615E+31   1.999739930E+00  -4.016824E-01   2.386923790E+00
   378   10752.905177   6.954915E-03   1.159153E+13    1.64159E+31   1.999764605E+00  -4.015218E-01   2.386960835E+00
   379   10755.647139   6.423817E-03   1.070642E+13    1.48382E+31   1.999786937E+00  -4.013648E-01   2.386994358E+00
   380   10758.332750   5.926522E-03   9.877755E+12    1.34131E+31   1.999807136E+00  -4.012111E-01   2.387024674E+00
   381   10760.966281   5.418606E-03   9.031343E+12    1.21268E+31   1.999825392E+00  -4.010606E-01   2.387052069E+00
   382   10763.572483   4.867486E-03   8.112736E+12    1.09856E+31   1.999841608E+00  -4.009117E-01   2.387076400E+00
   383   10766.202765   4.459583E-03   7.432772E+12    9.93411E+30   1.999856568E+00  -4.007615E-01   2.387098843E+00
   384   10768.800978   4.085860E-03   6.809791E+12    8.98329E+30   1.999870114E+00  -4.006133E-01   2.387119162E+00
   385   10771.367489   3.733794E-03   6.222990E+12    8.12429E+30   1.999882367E+00  -4.004670E-01   2.387137538E+00
   386   10773.909440   3.409058E-03   5.681763E+12    7.34801E+30   1.999893453E+00  -4.003222E-01   2.387154164E+00
   387   10776.429452   3.108808E-03   5.181478E+12    6.64604E+30   1.999903491E+00  -4.001788E-01   2.387169215E+00
   388   10778.930699   2.828932E-03   4.715349E+12    6.01204E+30   1.999912568E+00  -4.000365E-01   2.387182822E+00
   389   10781.418884   2.553499E-03   4.256445E+12    5.43927E+30   1.999920778E+00  -3.998951E-01   2.387195127E+00
   390   10783.914565   2.256164E-03   3.760705E+12    4.92800E+30   1.999928116E+00  -3.997534E-01   2.387206122E+00
   391   10786.475536   1.853221E-03   3.088368E+12    4.46999E+30   1.999934696E+00  -3.996081E-01   2.387215983E+00
   392   10789.305928   1.648457E-03   2.747093E+12    4.04843E+30   1.999940760E+00  -3.994476E-01   2.387225070E+00
   393   10792.190200   1.464924E-03   2.441169E+12    3.66669E+30   1.999946259E+00  -3.992842E-01   2.387233308E+00
   394   10795.132308   1.295376E-03   2.158384E+12    3.32193E+30   1.999951232E+00  -3.991176E-01   2.387240758E+00
   395   10798.149530   1.142474E-03   1.903570E+12    3.00972E+30   1.999955741E+00  -3.989470E-01   2.387247514E+00
   396   10801.251750   1.004609E-03   1.674010E+12    2.72751E+30   1.999959823E+00  -3.987717E-01   2.387253627E+00
   397   10804.451387   8.793804E-04   1.465560E+12    2.47232E+30   1.999963520E+00  -3.985911E-01   2.387259162E+00
   398   10807.767121   7.682123E-04   1.280354E+12    2.24119E+30   1.999966873E+00  -3.984041E-01   2.387264181E+00
   399   10811.210821   6.692802E-04   1.115467E+12    2.03190E+30   1.999969914E+00  -3.982101E-01   2.387268732E+00
   400   10814.797839   5.817615E-04   9.696349E+11    1.84245E+30   1.999972671E+00  -3.980082E-01   2.387272857E+00
   401   10818.543265   4.600822E-04   7.668003E+11    1.67318E+30   1.999975139E+00  -3.977976E-01   2.387276548E+00
   402   10822.847741   4.220636E-04   7.034188E+11    1.51297E+30   1.999977478E+00  -3.975559E-01   2.387280047E+00
   403   10827.096337   3.871863E-04   6.452756E+11    1.36809E+30   1.999979598E+00  -3.973177E-01   2.387283217E+00
   404   10831.289705   3.551907E-04   5.919379E+11    1.23709E+30   1.999981519E+00  -3.970828E-01   2.387286089E+00
   405   10835.428487   3.258389E-04   5.430086E+11    1.11863E+30   1.999983260E+00  -3.968513E-01   2.387288690E+00
   406   10839.513323   2.989124E-04   4.981233E+11    1.01151E+30   1.999984837E+00  -3.966230E-01   2.387291047E+00
   407   10843.544845   2.745461E-04   4.575293E+11    9.14621E+29   1.999986266E+00  -3.963981E-01   2.387293182E+00
   408   10847.518494   2.523635E-04   4.205865E+11    8.26946E+29   1.999987562E+00  -3.961766E-01   2.387295118E+00
   409   10851.431548   2.319730E-04   3.866262E+11    7.47676E+29   1.999988736E+00  -3.959587E-01   2.387296871E+00
   410   10855.284855   2.132298E-04   3.554078E+11    6.76003E+29   1.999989799E+00  -3.957444E-01   2.387298458E+00
   411   10859.079255   1.960008E-04   3.267098E+11    6.11201E+29   1.999990763E+00  -3.955336E-01   2.387299896E+00
   412   10862.815580   1.801639E-04   3.003289E+11    5.52610E+29   1.999991635E+00  -3.953263E-01   2.387301198E+00
   413   10866.494648   1.656236E-04   2.761052E+11    4.99634E+29   1.999992426E+00  -3.951224E-01   2.387302377E+00
   414   10870.116907   1.525129E-04   2.542410E+11    4.51697E+29   1.999993142E+00  -3.949218E-01   2.387303445E+00
   415   10873.677177   1.404399E-04   2.341080E+11    4.08358E+29   1.999993791E+00  -3.947249E-01   2.387304413E+00
   416   10877.176449   1.293225E-04   2.155691E+11    3.69178E+29   1.999994379E+00  -3.945316E-01   2.387305289E+00
   417   10880.615701   1.190851E-04   1.984982E+11    3.33756E+29   1.999994911E+00  -3.943418E-01   2.387306082E+00
   418   10883.995899   1.096580E-04   1.827789E+11    3.01732E+29   1.999995393E+00  -3.941554E-01   2.387306800E+00
   419   10887.317993   1.009771E-04   1.683043E+11    2.72781E+29   1.999995829E+00  -3.939724E-01   2.387307451E+00
   420   10890.582924   9.298337E-05   1.549759E+11    2.46608E+29   1.999996224E+00  -3.937927E-01   2.387308039E+00
   421   10893.791616   8.565375E-05   1.427566E+11    2.22944E+29   1.999996582E+00  -3.936163E-01   2.387308572E+00
   422   10896.943778   7.899243E-05   1.316557E+11    2.01536E+29   1.999996907E+00  -3.934432E-01   2.387309055E+00
   423   10900.036474   7.284910E-05   1.214180E+11    1.82183E+29   1.999997200E+00  -3.932734E-01   2.387309492E+00
   424   10903.070770   6.718350E-05   1.119763E+11    1.64688E+29   1.999997466E+00  -3.931071E-01   2.387309888E+00
   425   10906.047714   6.195848E-05   1.032687E+11    1.48873E+29   1.999997706E+00  -3.929440E-01   2.387310246E+00
   426   10908.968335   5.713978E-05   9.523813E+10    1.34577E+29   1.999997924E+00  -3.927841E-01   2.387310570E+00
   427   10911.833651   5.269580E-05   8.783201E+10    1.21654E+29   1.999998121E+00  -3.926275E-01   2.387310864E+00
   428   10914.644658   4.859742E-05   8.100177E+10    1.09971E+29   1.999998300E+00  -3.924739E-01   2.387311129E+00
   429   10917.402339   4.481775E-05   7.470263E+10    9.94104E+28   1.999998461E+00  -3.923233E-01   2.387311370E+00
   430   10920.107661   4.133202E-05   6.889330E+10    8.98637E+28   1.999998608E+00  -3.921757E-01   2.387311587E+00
   431   10922.761573   3.814823E-05   6.358611E+10    8.12324E+28   1.999998740E+00  -3.920310E-01   2.387311784E+00
   432   10925.362904   3.523247E-05   5.872498E+10    7.34257E+28   1.999998860E+00  -3.918894E-01   2.387311962E+00
   433   10927.910891   3.253955E-05   5.423544E+10    6.63693E+28   1.999998968E+00  -3.917507E-01   2.387312124E+00
   434   10930.406586   3.005244E-05   5.008910E+10    5.99909E+28   1.999999067E+00  -3.916149E-01   2.387312270E+00
   435   10932.851022   2.775540E-05   4.625971E+10    5.42255E+28   1.999999156E+00  -3.914821E-01   2.387312402E+00
   436   10935.245214   2.563393E-05   4.272307E+10    4.90141E+28   1.999999236E+00  -3.913521E-01   2.387312521E+00
   437   10937.590158   2.367459E-05   3.945678E+10    4.43036E+28   1.999999309E+00  -3.912248E-01   2.387312629E+00
   438   10939.886831   2.186500E-05   3.644018E+10    4.00457E+28   1.999999375E+00  -3.911002E-01   2.387312727E+00
   439   10942.136193   2.019372E-05   3.365420E+10    3.61970E+28   1.999999434E+00  -3.909783E-01   2.387312816E+00
   440   10944.339186   1.865018E-05   3.108119E+10    3.27182E+28   1.999999488E+00  -3.908590E-01   2.387312896E+00
   441   10946.496736   1.722461E-05   2.870489E+10    2.95737E+28   1.999999537E+00  -3.907422E-01   2.387312968E+00
   442   10948.609748   1.590799E-05   2.651025E+10    2.67314E+28   1.999999581E+00  -3.906279E-01   2.387313034E+00
   443   10950.679115   1.469201E-05   2.448339E+10    2.41622E+28   1.999999621E+00  -3.905160E-01   2.387313093E+00
   444   10952.705710   1.358394E-05   2.263680E+10    2.18389E+28   1.999999657E+00  -3.904065E-01   2.387313147E+00
   445   10954.688075   1.256243E-05   2.093453E+10    1.97385E+28   1.999999690E+00  -3.902995E-01   2.387313196E+00
   446   10956.626637   1.161773E-05   1.936026E+10    1.78401E+28   1.999999720E+00  -3.901948E-01   2.387313240E+00
   447   10958.522337   1.074406E-05   1.790437E+10    1.61243E+28   1.999999746E+00  -3.900926E-01   2.387313279E+00
   448   10960.376100   9.936094E-06   1.655795E+10    1.45735E+28   1.999999771E+00  -3.899926E-01   2.387313315E+00
   449   10962.188829   9.188881E-06   1.531278E+10    1.31718E+28   1.999999792E+00  -3.898950E-01   2.387313348E+00
   450   10963.961410   8.497855E-06   1.416124E+10    1.19049E+28   1.999999812E+00  -3.897995E-01   2.387313377E+00
   451   10965.694711   7.858792E-06   1.309629E+10    1.07599E+28   1.999999830E+00  -3.897062E-01   2.387313404E+00
   452   10967.389581   7.267786E-06   1.211142E+10    9.72503E+27   1.999999846E+00  -3.896150E-01   2.387313428E+00
   453   10969.046853   6.721221E-06   1.120060E+10    8.78967E+27   1.999999861E+00  -3.895259E-01   2.387313450E+00
   454   10970.667342   6.215758E-06   1.035828E+10    7.94426E+27   1.999999874E+00  -3.894388E-01   2.387313469E+00
   455   10972.251846   5.748305E-06   9.579304E+09    7.18017E+27   1.999999886E+00  -3.893537E-01   2.387313487E+00
   456   10973.801147   5.316005E-06   8.858903E+09    6.48956E+27   1.999999897E+00  -3.892705E-01   2.387313503E+00
   457   10975.316011   4.916213E-06   8.192676E+09    5.86537E+27   1.999999907E+00  -3.891892E-01   2.387313518E+00
   458   10976.797188   4.546486E-06   7.576548E+09    5.30122E+27   1.999999916E+00  -3.891097E-01   2.387313531E+00
   459   10978.245411   4.204563E-06   7.006754E+09    4.79133E+27   1.999999924E+00  -3.890320E-01   2.387313543E+00
   460   10979.661399   3.888353E-06   6.479808E+09    4.33048E+27   1.999999931E+00  -3.889561E-01   2.387313554E+00
   461   10981.045857   3.595923E-06   5.992489E+09    3.91395E+27   1.999999938E+00  -3.888820E-01   2.387313564E+00
   462   10982.399473   3.326486E-06   5.543492E+09    3.53747E+27   1.999999944E+00  -3.888095E-01   2.387313572E+00
   463   10983.722514   3.081287E-06   5.134905E+09    3.19694E+27   1.999999949E+00  -3.887386E-01   2.387313580E+00
   464   10985.013853   2.854161E-06   4.756431E+09    2.88919E+27   1.999999954E+00  -3.886695E-01   2.387313588E+00
   465   10986.274235   2.643775E-06   4.405852E+09    2.61106E+27   1.999999958E+00  -3.886021E-01   2.387313594E+00
   466   10987.504391   2.448897E-06   4.081111E+09    2.35971E+27   1.999999962E+00  -3.885363E-01   2.387313600E+00
   467   10988.705035   2.268383E-06   3.780305E+09    2.13255E+27   1.999999966E+00  -3.884721E-01   2.387313605E+00
   468   10989.876864   2.101174E-06   3.501669E+09    1.92726E+27   1.999999969E+00  -3.884094E-01   2.387313610E+00
   469   10991.020560   1.946290E-06   3.243569E+09    1.74173E+27   1.999999972E+00  -3.883483E-01   2.387313615E+00
   470   10992.136788   1.802822E-06   3.004492E+09    1.57406E+27   1.999999975E+00  -3.882887E-01   2.387313618E+00
   471   10993.226199   1.669929E-06   2.783036E+09    1.42253E+27   1.999999977E+00  -3.882306E-01   2.387313622E+00
   472   10994.289428   1.546832E-06   2.577903E+09    1.28559E+27   1.999999980E+00  -3.881738E-01   2.387313625E+00
   473   10995.327096   1.432809E-06   2.387889E+09    1.16183E+27   1.999999981E+00  -3.881184E-01   2.387313628E+00
   474   10996.339810   1.327190E-06   2.211880E+09    1.04998E+27   1.999999983E+00  -3.880644E-01   2.387313631E+00
   475   10997.328163   1.229356E-06   2.048843E+09    9.48900E+26   1.999999985E+00  -3.880117E-01   2.387313633E+00
   476   10998.292732   1.138734E-06   1.897824E+09    8.57550E+26   1.999999986E+00  -3.879603E-01   2.387313635E+00
   477   10999.234084   1.054792E-06   1.757936E+09    7.74995E+26   1.999999988E+00  -3.879101E-01   2.387313637E+00
   478   11000.152770   9.770375E-07   1.628358E+09    7.00387E+26   1.999999989E+00  -3.878611E-01   2.387313639E+00
   479   11001.049331   9.050144E-07   1.508331E+09    6.32961E+26   1.999999990E+00  -3.878134E-01   2.387313641E+00
   480   11001.924293   8.383004E-07   1.397151E+09    5.72026E+26   1.999999991E+00  -3.877668E-01   2.387313642E+00
   481   11002.778170   7.765040E-07   1.294166E+09    5.16957E+26   1.999999992E+00  -3.877213E-01   2.387313643E+00
   482   11003.611466   7.192629E-07   1.198772E+09    4.67189E+26   1.999999993E+00  -3.876770E-01   2.387313645E+00
   483   11004.424672   6.662412E-07   1.110409E+09    4.22213E+26   1.999999993E+00  -3.876337E-01   2.387313646E+00
   484   11005.218267   6.171279E-07   1.028559E+09    3.81566E+26   1.999999994E+00  -3.875915E-01   2.387313647E+00
   485   11005.992719   5.716350E-07   9.527423E+08    3.44832E+26   1.999999994E+00  -3.875503E-01   2.387313647E+00
   486   11006.748485   5.294956E-07   8.825139E+08    3.11634E+26   1.999999995E+00  -3.875101E-01   2.387313648E+00
   487   11007.486013   4.904625E-07   8.174619E+08    2.81633E+26   1.999999996E+00  -3.874708E-01   2.387313649E+00
   488   11008.205738   4.543067E-07   7.572050E+08    2.54519E+26   1.999999996E+00  -3.874326E-01   2.387313650E+00
   489   11008.908086   4.208162E-07   7.013895E+08    2.30016E+26   1.999999996E+00  -3.873953E-01   2.387313650E+00
   490   11009.593473   3.897944E-07   6.496883E+08    2.07872E+26   1.999999997E+00  -3.873588E-01   2.387313651E+00
   491   11010.262305   3.610595E-07   6.017979E+08    1.87860E+26   1.999999997E+00  -3.873233E-01   2.387313651E+00
   492   11010.914979   3.344427E-07   5.574376E+08    1.69774E+26   1.999999997E+00  -3.872886E-01   2.387313652E+00
   493   11011.551882   3.097881E-07   5.163471E+08    1.53429E+26   1.999999998E+00  -3.872548E-01   2.387313652E+00
   494   11012.173392   2.869509E-07   4.782855E+08    1.38658E+26   1.999999998E+00  -3.872218E-01   2.387313652E+00
   495   11012.779879   2.657971E-07   4.430294E+08    1.25309E+26   1.999999998E+00  -3.871896E-01   2.387313653E+00
   496   11013.371702   2.462028E-07   4.103721E+08    1.13245E+26   1.999999998E+00  -3.871582E-01   2.387313653E+00
   497   11013.949213   2.280529E-07   3.801220E+08    1.02342E+26   1.999999998E+00  -3.871275E-01   2.387313653E+00
   498   11014.512757   2.112410E-07   3.521017E+08    9.24895E+25   1.999999999E+00  -3.870976E-01   2.387313653E+00
   499   11015.062669   1.964959E-07   3.268253E+08    8.35760E+25   1.999999999E+00  -3.870685E-01   2.387313654E+00
   500   11015.598104   1.827820E-07   3.033721E+08    7.55213E+25   1.999999999E+00  -3.870401E-01   2.387313654E+00
   501   11016.119424   1.696564E-07   2.815838E+08    6.82431E+25   1.999999999E+00  -3.870124E-01   2.387313654E+00
   502   11016.627034   1.574733E-07   2.613602E+08    6.16663E+25   1.999999999E+00  -3.869855E-01   2.387313654E+00
   503   11017.121292   1.461650E-07   2.425891E+08    5.57233E+25   1.999999999E+00  -3.869593E-01   2.387313654E+00
   504   11017.602548   1.356688E-07   2.251661E+08    5.03531E+25   1.999999999E+00  -3.869338E-01   2.387313654E+00
   505   11018.071142   1.259263E-07   2.089944E+08    4.55004E+25   1.999999999E+00  -3.869089E-01   2.387313655E+00
   506   11018.527405   1.168834E-07   1.939841E+08    4.11153E+25   1.999999999E+00  -3.868847E-01   2.387313655E+00
   507   11018.971660   1.085170E-07   1.801027E+08    3.71526E+25   1.999999999E+00  -3.868612E-01   2.387313655E+00
   508   11019.404095   1.007636E-07   1.672412E+08    3.35712E+25   1.999999999E+00  -3.868383E-01   2.387313655E+00
   509   11019.824951   9.356413E-08   1.552982E+08    3.03351E+25   2.000000000E+00  -3.868160E-01   2.387313655E+00
   510   11020.234536   8.687904E-08   1.442080E+08    2.74109E+25   2.000000000E+00  -3.867943E-01   2.387313655E+00
   511   11020.633151   8.067159E-08   1.339098E+08    2.47686E+25   2.000000000E+00  -3.867732E-01   2.387313655E+00
   512   11021.021087   7.490765E-08   1.243470E+08    2.23811E+25   2.000000000E+00  -3.867526E-01   2.387313655E+00
   513   11021.398630   6.956404E-08   1.154809E+08    2.02236E+25   2.000000000E+00  -3.867326E-01   2.387313655E+00
   514   11021.766013   6.463205E-08   1.072965E+08    1.82735E+25   2.000000000E+00  -3.867132E-01   2.387313655E+00
   515   11022.123332   6.004973E-08   9.969205E+07    1.65115E+25   2.000000000E+00  -3.866943E-01   2.387313655E+00
   516   11022.470862   5.579228E-08   9.262659E+07    1.49194E+25   2.000000000E+00  -3.866759E-01   2.387313655E+00
   517   11022.808870   5.183667E-08   8.606186E+07    1.34808E+25   2.000000000E+00  -3.866580E-01   2.387313655E+00
   518   11023.137616   4.816150E-08   7.996239E+07    1.21809E+25   2.000000000E+00  -3.866406E-01   2.387313655E+00
   519   11023.457354   4.474690E-08   7.429520E+07    1.10064E+25   2.000000000E+00  -3.866236E-01   2.387313655E+00
   520   11023.768328   4.159664E-08   6.906329E+07    9.94491E+24   2.000000000E+00  -3.866072E-01   2.387313655E+00
   521   11024.070626   3.867590E-08   6.421146E+07    8.98565E+24   2.000000000E+00  -3.865912E-01   2.387313655E+00
   522   11024.364431   3.596023E-08   5.970047E+07    8.11892E+24   2.000000000E+00  -3.865756E-01   2.387313655E+00
   523   11024.649980   3.343525E-08   5.550638E+07    7.33579E+24   2.000000000E+00  -3.865605E-01   2.387313655E+00
   524   11024.927504   3.108755E-08   5.160693E+07    6.62820E+24   2.000000000E+00  -3.865459E-01   2.387313655E+00
   525   11025.197229   2.890470E-08   4.798142E+07    5.98886E+24   2.000000000E+00  -3.865316E-01   2.387313656E+00
   526   11025.459373   2.687873E-08   4.461694E+07    5.41118E+24   2.000000000E+00  -3.865177E-01   2.387313656E+00
   527   11025.714112   2.500957E-08   4.151437E+07    4.88903E+24   2.000000000E+00  -3.865043E-01   2.387313656E+00
   528   11025.961490   2.327039E-08   3.862754E+07    4.41726E+24   2.000000000E+00  -3.864912E-01   2.387313656E+00
   529   11026.201719   2.165215E-08   3.594145E+07    3.99102E+24   2.000000000E+00  -3.864785E-01   2.387313656E+00
   530   11026.435006   2.014644E-08   3.344215E+07    3.60591E+24   2.000000000E+00  -3.864661E-01   2.387313656E+00
   531   11026.661549   1.874544E-08   3.111664E+07    3.25795E+24   2.000000000E+00  -3.864541E-01   2.387313656E+00
   532   11026.881545   1.744186E-08   2.895284E+07    2.94358E+24   2.000000000E+00  -3.864425E-01   2.387313656E+00
   533   11027.095181   1.623816E-08   2.695482E+07    2.65950E+24   2.000000000E+00  -3.864312E-01   2.387313656E+00
   534   11027.302520   1.512372E-08   2.510496E+07    2.40274E+24   2.000000000E+00  -3.864203E-01   2.387313656E+00
   535   11027.503658   1.408576E-08   2.338205E+07    2.17078E+24   2.000000000E+00  -3.864096E-01   2.387313656E+00
   536   11027.698779   1.311903E-08   2.177738E+07    1.96121E+24   2.000000000E+00  -3.863993E-01   2.387313656E+00
   537   11027.888064   1.221866E-08   2.028283E+07    1.77187E+24   2.000000000E+00  -3.863893E-01   2.387313656E+00
   538   11028.071686   1.138007E-08   1.889085E+07    1.60081E+24   2.000000000E+00  -3.863796E-01   2.387313656E+00
   539   11028.249815   1.059904E-08   1.759440E+07    1.44626E+24   2.000000000E+00  -3.863702E-01   2.387313656E+00
   540   11028.422614   9.880512E-09   1.640264E+07    1.30657E+24   2.000000000E+00  -3.863611E-01   2.387313656E+00
   541   11028.590075   9.211916E-09   1.529378E+07    1.18036E+24   2.000000000E+00  -3.863522E-01   2.387313656E+00
   542   11028.752336   8.588562E-09   1.425987E+07    1.06635E+24   2.000000000E+00  -3.863436E-01   2.387313656E+00
   543   11028.909561   8.007389E-09   1.329586E+07    9.63341E+23   2.000000000E+00  -3.863353E-01   2.387313656E+00
   544   11029.061903   7.465543E-09   1.239702E+07    8.70287E+23   2.000000000E+00  -3.863273E-01   2.387313656E+00
   545   11029.209515   6.960362E-09   1.155894E+07    7.86220E+23   2.000000000E+00  -3.863195E-01   2.387313656E+00
   546   11029.352544   6.489895E-09   1.077832E+07    7.10274E+23   2.000000000E+00  -3.863119E-01   2.387313656E+00
   547   11029.491121   6.057692E-09   1.006019E+07    6.41628E+23   2.000000000E+00  -3.863046E-01   2.387313656E+00
   548   11029.625246   5.654272E-09   9.389909E+06    5.79617E+23   2.000000000E+00  -3.862975E-01   2.387313656E+00
   549   11029.755063   5.277719E-09   8.764287E+06    5.23599E+23   2.000000000E+00  -3.862907E-01   2.387313656E+00
   550   11029.880710   4.926242E-09   8.180348E+06    4.72995E+23   2.000000000E+00  -3.862840E-01   2.387313656E+00
   551   11030.002320   4.598172E-09   7.635314E+06    4.27282E+23   2.000000000E+00  -3.862776E-01   2.387313656E+00
   552   11030.120023   4.291950E-09   7.126595E+06    3.85986E+23   2.000000000E+00  -3.862714E-01   2.387313656E+00
   553   11030.233945   4.006893E-09   6.653053E+06    3.48681E+23   2.000000000E+00  -3.862654E-01   2.387313656E+00
   554   11030.344185   3.744611E-09   6.217363E+06    3.14961E+23   2.000000000E+00  -3.862595E-01   2.387313656E+00
   555   11030.450746   3.499497E-09   5.810204E+06    2.84503E+23   2.000000000E+00  -3.862539E-01   2.387313656E+00
   556   11030.553750   3.270428E-09   5.429708E+06    2.56990E+23   2.000000000E+00  -3.862485E-01   2.387313656E+00
   557   11030.653317   3.056353E-09   5.074131E+06    2.32137E+23   2.000000000E+00  -3.862432E-01   2.387313656E+00
   558   11030.749560   2.856291E-09   4.741839E+06    2.09688E+23   2.000000000E+00  -3.862381E-01   2.387313656E+00
   559   11030.842591   2.669324E-09   4.431307E+06    1.89410E+23   2.000000000E+00  -3.862332E-01   2.387313656E+00
   560   11030.932517   2.494978E-09   4.141764E+06    1.71093E+23   2.000000000E+00  -3.862285E-01   2.387313656E+00
   561   11031.019427   2.334569E-09   3.875481E+06    1.54537E+23   2.000000000E+00  -3.862239E-01   2.387313656E+00
   562   11031.103323   2.184472E-09   3.626318E+06    1.39582E+23   2.000000000E+00  -3.862194E-01   2.387313656E+00
   563   11031.184310   2.044026E-09   3.393174E+06    1.26075E+23   2.000000000E+00  -3.862152E-01   2.387313656E+00
   564   11031.262487   1.912609E-09   3.175020E+06    1.13875E+23   2.000000000E+00  -3.862110E-01   2.387313656E+00
   565   11031.337953   1.789641E-09   2.970890E+06    1.02856E+23   2.000000000E+00  -3.862071E-01   2.387313656E+00
   566   11031.410802   1.674580E-09   2.779885E+06    9.29028E+22   2.000000000E+00  -3.862032E-01   2.387313656E+00
   567   11031.481123   1.566916E-09   2.601160E+06    8.39128E+22   2.000000000E+00  -3.861995E-01   2.387313656E+00
   568   11031.549006   1.467782E-09   2.436576E+06    7.57885E+22   2.000000000E+00  -3.861959E-01   2.387313656E+00
   569   11031.614459   1.374993E-09   2.282527E+06    6.84505E+22   2.000000000E+00  -3.861925E-01   2.387313656E+00
   570   11031.677566   1.288070E-09   2.138217E+06    6.18229E+22   2.000000000E+00  -3.861891E-01   2.387313656E+00
   571   11031.738410   1.206641E-09   2.003030E+06    5.58371E+22   2.000000000E+00  -3.861859E-01   2.387313656E+00
   572   11031.797073   1.130361E-09   1.876391E+06    5.04308E+22   2.000000000E+00  -3.861828E-01   2.387313656E+00
   573   11031.853634   1.058903E-09   1.757758E+06    4.55479E+22   2.000000000E+00  -3.861798E-01   2.387313656E+00
   574   11031.908166   9.919616E-10   1.646626E+06    4.11378E+22   2.000000000E+00  -3.861769E-01   2.387313656E+00
   575   11031.960744   9.299513E-10   1.543714E+06    3.71538E+22   2.000000000E+00  -3.861742E-01   2.387313656E+00
