       6     152      52      67
 
     EOS file :  /Users/dany/Work/NStar/EOS/v14/APR_EOS_Cat.dat              
 
  step        radius       baryon#       density        pressure       encl. mass            phi     encl. bar. mass 
                (m)        (#/fm3)       (g/cm3)        (dyn/cm2)      (sol. mass)                     (sol. mass)   
 
     0       0.000000   6.066176E-01   1.127215E+15    2.10067E+35   0.000000000E+00  -5.730708E-01   0.000000000E+00
     1      10.000000   6.066173E-01   1.127214E+15    2.10067E+35   2.373888039E-09  -5.730705E-01   2.139515995E-09
     2      11.666665   6.066172E-01   1.127214E+15    2.10067E+35   3.769644337E-09  -5.730704E-01   3.397470702E-09
     3      13.611106   6.066170E-01   1.127214E+15    2.10066E+35   5.986051444E-09  -5.730702E-01   5.395054591E-09
     4      15.879620   6.066168E-01   1.127213E+15    2.10066E+35   9.505619088E-09  -5.730701E-01   8.567140375E-09
     5      18.526217   6.066165E-01   1.127213E+15    2.10066E+35   1.509455188E-08  -5.730698E-01   1.360428767E-08
     6      21.613911   6.066162E-01   1.127212E+15    2.10065E+35   2.396954795E-08  -5.730694E-01   2.160307490E-08
     7      25.216214   6.066157E-01   1.127211E+15    2.10065E+35   3.806266500E-08  -5.730690E-01   3.430481798E-08
     8      29.418893   6.066150E-01   1.127209E+15    2.10064E+35   6.044190918E-08  -5.730683E-01   5.447464032E-08
     9      34.322005   6.066141E-01   1.127207E+15    2.10063E+35   9.597909587E-08  -5.730674E-01   8.650340859E-08
    10      40.042280   6.066128E-01   1.127204E+15    2.10061E+35   1.524103475E-07  -5.730662E-01   1.373635549E-07
    11      46.715900   6.066111E-01   1.127200E+15    2.10059E+35   2.420200377E-07  -5.730645E-01   2.181268241E-07
    12      54.501735   6.066087E-01   1.127195E+15    2.10057E+35   3.843146429E-07  -5.730623E-01   3.463742628E-07
    13      63.585122   6.066056E-01   1.127188E+15    2.10053E+35   6.102683128E-07  -5.730592E-01   5.500228973E-07
    14      74.182267   6.066012E-01   1.127178E+15    2.10048E+35   9.690637967E-07  -5.730551E-01   8.734017178E-07
    15      86.545384   6.065953E-01   1.127165E+15    2.10041E+35   1.538794880E-06  -5.730494E-01   1.386898733E-06
    16     100.968671   6.065873E-01   1.127147E+15    2.10031E+35   2.443457340E-06  -5.730417E-01   2.202277154E-06
    17     117.795283   6.065764E-01   1.127123E+15    2.10019E+35   3.879921059E-06  -5.730312E-01   3.496990466E-06
    18     137.425450   6.065615E-01   1.127089E+15    2.10001E+35   6.160741514E-06  -5.730168E-01   5.552779932E-06
    19     160.325912   6.065413E-01   1.127044E+15    2.09977E+35   9.782101301E-06  -5.729974E-01   8.816935857E-06
    20     187.040896   6.065137E-01   1.126982E+15    2.09945E+35   1.553160902E-05  -5.729709E-01   1.399951313E-05
    21     218.204849   6.064763E-01   1.126898E+15    2.09901E+35   2.465928609E-05  -5.729348E-01   2.222756524E-05
    22     254.557194   6.064253E-01   1.126784E+15    2.09841E+35   3.914866885E-05  -5.728857E-01   3.528975851E-05
    23     296.959371   6.063559E-01   1.126628E+15    2.09759E+35   6.214640501E-05  -5.728190E-01   5.602415448E-05
    24     346.414464   6.062614E-01   1.126417E+15    2.09648E+35   9.864248680E-05  -5.727281E-01   8.893257808E-05
    25     404.089671   6.061329E-01   1.126129E+15    2.09496E+35   1.565462301E-04  -5.726045E-01   1.411531566E-04
    26     471.341864   6.059582E-01   1.125737E+15    2.09291E+35   2.483858262E-04  -5.724365E-01   2.239980877E-04
    27     549.746360   6.057204E-01   1.125204E+15    2.09012E+35   3.939876547E-04  -5.722079E-01   3.553813642E-04
    28     641.128833   6.053972E-01   1.124480E+15    2.08632E+35   6.246889937E-04  -5.718973E-01   5.636433653E-04
    29     747.599936   6.049580E-01   1.123496E+15    2.08118E+35   9.899376678E-04  -5.714754E-01   8.935585302E-04
    30     871.591611   6.043613E-01   1.122160E+15    2.07420E+35   1.567579537E-03  -5.709027E-01   1.415734589E-03
    31    1015.893034   6.035512E-01   1.120346E+15    2.06475E+35   2.479784284E-03  -5.701259E-01   2.241237312E-03
    32    1183.682583   6.024528E-01   1.117887E+15    2.05199E+35   3.917464627E-03  -5.690740E-01   3.544173365E-03
    33    1378.549726   6.009650E-01   1.114558E+15    2.03480E+35   6.177219846E-03  -5.676518E-01   5.596193993E-03
    34    1604.496978   5.989556E-01   1.110089E+15    2.01172E+35   9.716193630E-03  -5.657336E-01   8.818434733E-03
    35    1865.900606   5.962477E-01   1.104099E+15    1.98088E+35   1.523138018E-02  -5.631551E-01   1.385794752E-02
    36    2167.421919   5.926072E-01   1.096055E+15    1.93994E+35   2.376926598E-02  -5.597041E-01   2.169689805E-02
    37    2513.830192   5.877341E-01   1.085309E+15    1.88609E+35   3.686903047E-02  -5.551128E-01   3.380160195E-02
    38    2909.677774   5.812488E-01   1.071043E+15    1.81607E+35   5.672970285E-02  -5.490527E-01   5.231062959E-02
    39    3358.795563   5.726832E-01   1.052416E+15    1.72643E+35   8.636855428E-02  -5.411382E-01   8.024272789E-02
    40    3863.484191   5.614919E-01   1.028218E+15    1.61399E+35   1.296839930E-01  -5.309474E-01   1.216587866E-01
    41    4423.573967   5.470656E-01   9.974754E+14    1.47666E+35   1.912909625E-01  -5.180653E-01   1.816617006E-01
    42    5035.006710   5.287619E-01   9.589504E+14    1.31454E+35   2.758904413E-01  -5.021700E-01   2.659774596E-01
    43    5688.666444   5.060389E-01   9.119790E+14    1.13116E+35   3.870401469E-01  -4.831508E-01   3.798880983E-01
    44    6369.201804   4.785184E-01   8.562267E+14    9.34352E+34   5.252834374E-01  -4.612584E-01   5.262527654E-01
    45    7055.095255   4.461860E-01   7.922384E+14    7.35958E+34   6.862621532E-01  -4.372228E-01   7.029725479E-01
    46    7720.199432   4.094613E-01   7.212938E+14    5.49896E+34   8.598717179E-01  -4.122684E-01   9.009299238E-01
    47    8337.476673   3.691970E-01   6.454169E+14    3.88734E+34   1.031737454E+00  -3.879380E-01   1.104287923E+00
    48    8884.042716   3.265613E-01   5.669150E+14    2.60279E+34   1.187046108E+00  -3.657396E-01   1.294263113E+00
    49    9345.959699   2.767717E-01   4.768551E+14    1.67980E+34   1.312266044E+00  -3.467731E-01   1.451796944E+00
    50    9733.618171   2.360493E-01   4.045843E+14    1.02878E+34   1.410630390E+00  -3.309355E-01   1.578065284E+00
    51   10036.760431   1.755431E-01   2.988359E+14    6.17080E+33   1.478912570E+00  -3.187225E-01   1.666960569E+00
    52   10299.081946   1.458613E-01   2.475095E+14    3.57716E+33   1.525783654E+00  -3.084022E-01   1.728603126E+00
    53   10494.192449   1.200181E-01   2.031710E+14    2.03587E+33   1.555860016E+00  -3.009252E-01   1.768314134E+00
    54   10635.949207   9.751214E-02   1.647544E+14    1.14494E+33   1.574307786E+00  -2.956154E-01   1.792720217E+00
    55   10737.751053   7.908877E-02   1.337160E+14    6.39293E+32   1.585258170E+00  -2.918735E-01   1.807211921E+00
    56   10809.607008   5.688522E-02   9.602368E+13    3.69773E+32   1.591289666E+00  -2.892717E-01   1.815184501E+00
    57   10868.526151   4.040679E-02   6.811481E+13    2.13744E+32   1.594872429E+00  -2.871651E-01   1.819922179E+00
    58   10917.258115   2.841762E-02   4.785494E+13    1.24003E+32   1.596978797E+00  -2.854422E-01   1.822707247E+00
    59   10958.002397   1.996548E-02   3.358725E+13    7.18582E+31   1.598225893E+00  -2.840159E-01   1.824355932E+00
    60   10991.997016   1.397063E-02   2.348219E+13    4.16567E+31   1.598959784E+00  -2.828361E-01   1.825326026E+00
    61   11020.432645   9.771751E-03   1.641053E+13    2.41334E+31   1.599391367E+00  -2.818564E-01   1.825896464E+00
    62   11044.179491   6.771677E-03   1.136758E+13    1.40052E+31   1.599643658E+00  -2.810434E-01   1.826229887E+00
    63   11064.196238   4.589422E-03   7.700908E+12    8.16184E+30   1.599790605E+00  -2.803617E-01   1.826424016E+00
    64   11081.504418   2.900538E-03   4.864413E+12    4.81426E+30   1.599875471E+00  -2.797749E-01   1.826536123E+00
    65   11097.737336   1.762834E-03   2.954982E+12    2.92403E+30   1.599923734E+00  -2.792268E-01   1.826599875E+00
    66   11114.032840   9.685849E-04   1.622255E+12    1.82221E+30   1.599952059E+00  -2.786788E-01   1.826637293E+00
    67   11132.602446   5.387697E-04   9.014936E+11    1.14406E+30   1.599969619E+00  -2.780570E-01   1.826660498E+00
    68   11153.675559   2.415328E-04   4.035805E+11    7.18294E+29   1.599980733E+00  -2.773548E-01   1.826675187E+00
    69   11183.366107   1.536048E-04   2.564964E+11    4.32961E+29   1.599988260E+00  -2.763715E-01   1.826685139E+00
    70   11211.733581   1.015842E-04   1.695678E+11    2.56962E+29   1.599992960E+00  -2.754388E-01   1.826691351E+00
    71   11237.382623   6.580594E-05   1.097012E+11    1.53012E+29   1.599995769E+00  -2.746009E-01   1.826695063E+00
    72   11261.141686   4.330993E-05   7.217197E+10    9.08052E+28   1.599997468E+00  -2.738294E-01   1.826697309E+00
    73   11282.700700   2.858738E-05   4.760989E+10    5.34311E+28   1.599998499E+00  -2.731333E-01   1.826698671E+00
    74   11302.034422   1.888037E-05   3.143685E+10    3.17296E+28   1.599999102E+00  -2.725120E-01   1.826699468E+00
    75   11319.505691   1.236534E-05   2.057522E+10    1.86892E+28   1.599999468E+00  -2.719531E-01   1.826699951E+00
    76   11335.297106   8.013067E-06   1.332860E+10    1.10526E+28   1.599999683E+00  -2.714499E-01   1.826700236E+00
    77   11349.769491   5.355155E-06   8.905790E+09    6.50466E+27   1.599999813E+00  -2.709904E-01   1.826700407E+00
    78   11362.562364   3.578492E-06   5.948620E+09    3.81889E+27   1.599999889E+00  -2.705856E-01   1.826700508E+00
    79   11373.842369   2.370391E-06   3.938367E+09    2.25166E+27   1.599999935E+00  -2.702297E-01   1.826700568E+00
    80   11383.915858   1.591029E-06   2.643166E+09    1.32068E+27   1.599999961E+00  -2.699127E-01   1.826700603E+00
    81   11392.741486   1.068497E-06   1.774567E+09    7.74446E+26   1.599999977E+00  -2.696355E-01   1.826700624E+00
    82   11400.466795   6.977897E-07   1.158887E+09    4.55527E+26   1.599999986E+00  -2.693934E-01   1.826700636E+00
    83   11407.438038   4.600860E-07   7.638103E+08    2.70787E+26   1.599999992E+00  -2.691753E-01   1.826700643E+00
    84   11413.736264   3.094130E-07   5.136014E+08    1.58667E+26   1.599999995E+00  -2.689786E-01   1.826700648E+00
    85   11419.233041   2.082641E-07   3.457730E+08    9.29224E+25   1.599999997E+00  -2.688071E-01   1.826700650E+00
    86   11424.021154   1.372122E-07   2.277269E+08    5.50351E+25   1.599999998E+00  -2.686580E-01   1.826700652E+00
    87   11428.332049   9.259941E-08   1.536742E+08    3.22007E+25   1.599999999E+00  -2.685238E-01   1.826700653E+00
    88   11432.073719   6.262623E-08   1.039152E+08    1.88329E+25   1.599999999E+00  -2.684075E-01   1.826700653E+00
    89   11435.312921   4.239883E-08   7.033642E+07    1.10061E+25   1.599999999E+00  -2.683068E-01   1.826700653E+00
    90   11438.111884   2.880743E-08   4.779337E+07    6.42437E+24   1.600000000E+00  -2.682200E-01   1.826700654E+00
    91   11440.517948   1.958871E-08   3.250334E+07    3.74798E+24   1.600000000E+00  -2.681453E-01   1.826700654E+00
    92   11442.583186   1.339406E-08   2.222230E+07    2.18225E+24   1.600000000E+00  -2.680813E-01   1.826700654E+00
    93   11444.342882   9.173444E-09   1.521815E+07    1.27034E+24   1.600000000E+00  -2.680267E-01   1.826700654E+00
    94   11445.839351   6.312491E-09   1.047071E+07    7.37929E+23   1.600000000E+00  -2.679804E-01   1.826700654E+00
    95   11447.103239   4.271549E-09   7.084821E+06    4.29453E+23   1.600000000E+00  -2.679412E-01   1.826700654E+00
    96   11448.190644   2.950131E-09   4.892960E+06    2.49796E+23   1.600000000E+00  -2.679076E-01   1.826700654E+00
    97   11449.106727   2.052069E-09   3.403339E+06    1.44528E+23   1.600000000E+00  -2.678792E-01   1.826700654E+00
    98   11449.868921   1.431989E-09   2.374917E+06    8.35888E+22   1.600000000E+00  -2.678556E-01   1.826700654E+00
    99   11450.500752   1.006030E-09   1.668582E+06    4.81853E+22   1.600000000E+00  -2.678361E-01   1.826700654E+00
   100   11451.019237   7.067727E-10   1.172315E+06    2.77765E+22   1.600000000E+00  -2.678200E-01   1.826700654E+00
   101   11451.444697   4.997039E-10   8.288323E+05    1.59897E+22   1.600000000E+00  -2.678069E-01   1.826700654E+00
   102   11451.791149   3.541568E-10   5.873810E+05    9.18800E+21   1.600000000E+00  -2.677961E-01   1.826700654E+00
   103   11452.072086   2.509896E-10   4.162463E+05    5.27952E+21   1.600000000E+00  -2.677874E-01   1.826700654E+00
   104   11452.299901   1.791518E-10   2.970802E+05    3.02583E+21   1.600000000E+00  -2.677804E-01   1.826700654E+00
   105   11452.482852   1.278751E-10   2.120294E+05    1.73417E+21   1.600000000E+00  -2.677747E-01   1.826700654E+00
   106   11452.629771   9.144292E-11   1.516137E+05    9.93668E+20   1.600000000E+00  -2.677702E-01   1.826700654E+00
   107   11452.747505   6.567066E-11   1.088919E+05    5.68170E+20   1.600000000E+00  -2.677666E-01   1.826700654E+00
   108   11452.841238   4.716200E-11   7.820817E+04    3.24874E+20   1.600000000E+00  -2.677637E-01   1.826700654E+00
   109   11452.915863   3.397337E-11   5.634052E+04    1.85694E+20   1.600000000E+00  -2.677613E-01   1.826700654E+00
   110   11452.975075   2.453482E-11   4.068863E+04    1.05961E+20   1.600000000E+00  -2.677595E-01   1.826700654E+00
   111   11453.021860   1.771850E-11   2.938495E+04    6.04637E+19   1.600000000E+00  -2.677581E-01   1.826700654E+00
   112   11453.058827   1.285797E-11   2.132427E+04    3.44673E+19   1.600000000E+00  -2.677569E-01   1.826700654E+00
   113   11453.087866   9.349836E-12   1.550626E+04    1.96177E+19   1.600000000E+00  -2.677560E-01   1.826700654E+00
   114   11453.110595   6.798848E-12   1.127560E+04    1.11658E+19   1.600000000E+00  -2.677553E-01   1.826700654E+00
   115   11453.128386   4.952876E-12   8.214676E+03    6.35194E+18   1.600000000E+00  -2.677548E-01   1.826700654E+00
   116   11453.142278   3.609785E-12   5.987584E+03    3.61213E+18   1.600000000E+00  -2.677543E-01   1.826700654E+00
   117   11453.153117   2.630905E-12   4.364281E+03    2.05410E+18   1.600000000E+00  -2.677540E-01   1.826700654E+00
   118   11453.161573   1.917472E-12   3.181074E+03    1.16810E+18   1.600000000E+00  -2.677538E-01   1.826700654E+00
   119   11453.168170   1.397503E-12   2.318648E+03    6.64256E+17   1.600000000E+00  -2.677535E-01   1.826700654E+00
   120   11453.173317   1.018536E-12   1.690035E+03    3.77740E+17   1.600000000E+00  -2.677534E-01   1.826700654E+00
   121   11453.177333   7.423354E-13   1.231847E+03    2.14808E+17   1.600000000E+00  -2.677533E-01   1.826700654E+00
   122   11453.180466   5.566437E-13   9.244287E+02    1.21138E+17   1.600000000E+00  -2.677532E-01   1.826700654E+00
   123   11453.182820   4.201359E-13   6.984119E+02    6.79638E+16   1.600000000E+00  -2.677531E-01   1.826700654E+00
   124   11453.184568   3.171044E-13   5.276547E+02    3.81307E+16   1.600000000E+00  -2.677530E-01   1.826700654E+00
   125   11453.185867   2.393397E-13   3.986465E+02    2.13930E+16   1.600000000E+00  -2.677530E-01   1.826700654E+00
   126   11453.186831   1.806455E-13   3.011800E+02    1.20025E+16   1.600000000E+00  -2.677530E-01   1.826700654E+00
   127   11453.187547   1.363451E-13   2.275434E+02    6.73391E+15   1.600000000E+00  -2.677529E-01   1.826700654E+00
   128   11453.188078   1.049595E-13   1.750622E+02    3.75936E+15   1.600000000E+00  -2.677529E-01   1.826700654E+00
   129   11453.188464   8.125759E-14   1.353782E+02    2.09046E+15   1.600000000E+00  -2.677529E-01   1.826700654E+00
   130   11453.188742   6.290802E-14   1.046899E+02    1.16244E+15   1.600000000E+00  -2.677529E-01   1.826700654E+00
   131   11453.188941   4.870214E-14   8.095826E+01    6.46397E+14   1.600000000E+00  -2.677529E-01   1.826700654E+00
   132   11453.189085   3.770423E-14   6.260621E+01    3.59441E+14   1.600000000E+00  -2.677529E-01   1.826700654E+00
   133   11453.189188   2.918986E-14   4.841431E+01    1.99874E+14   1.600000000E+00  -2.677529E-01   1.826700654E+00
   134   11453.189262   2.287051E-14   3.791535E+01    1.10777E+14   1.600000000E+00  -2.677529E-01   1.826700654E+00
   135   11453.189314   1.798747E-14   2.981360E+01    6.12035E+13   1.600000000E+00  -2.677529E-01   1.826700654E+00
   136   11453.189351   1.414699E-14   2.344303E+01    3.38146E+13   1.600000000E+00  -2.677529E-01   1.826700654E+00
   137   11453.189377   1.112649E-14   1.843372E+01    1.86824E+13   1.600000000E+00  -2.677529E-01   1.826700654E+00
   138   11453.189395   9.466491E-15   1.568545E+01    1.02172E+13   1.600000000E+00  -2.677529E-01   1.826700654E+00
   139   11453.189407   8.627044E-15   1.430132E+01    5.31674E+12   1.600000000E+00  -2.677529E-01   1.826700654E+00
   140   11453.189414   7.862036E-15   1.303932E+01    2.76668E+12   1.600000000E+00  -2.677529E-01   1.826700654E+00
   141   11453.189418   7.164865E-15   1.188869E+01    1.43970E+12   1.600000000E+00  -2.677529E-01   1.826700654E+00
   142   11453.189420   6.529349E-15   1.083600E+01    7.49253E+11   1.600000000E+00  -2.677529E-01   1.826700654E+00
   143   11453.189421   5.950196E-15   9.875419E+00    3.89963E+11   1.600000000E+00  -2.677529E-01   1.826700654E+00
   144   11453.189422   5.422413E-15   8.999988E+00    2.02964E+11   1.600000000E+00  -2.677529E-01   1.826700654E+00
   145   11453.189422   4.941445E-15   8.202162E+00    1.05636E+11   1.600000000E+00  -2.677529E-01   1.826700654E+00
   146   11453.189422   4.867878E-15   8.079793E+00    5.32874E+10   1.600000000E+00  -2.677529E-01   1.826700654E+00
   147   11453.189422   4.822892E-15   8.004816E+00    2.67538E+10   1.600000000E+00  -2.677529E-01   1.826700654E+00
   148   11453.189422   4.778322E-15   7.930535E+00    1.34321E+10   1.600000000E+00  -2.677529E-01   1.826700654E+00
   149   11453.189423   4.754714E-15   7.892955E+00    6.73863E+09   1.600000000E+00  -2.677529E-01   1.826700654E+00
   150   11453.189423   4.745682E-15   7.880915E+00    3.37160E+09   1.600000000E+00  -2.677529E-01   1.826700654E+00
   151   11453.189423   4.736667E-15   7.868894E+00    1.68694E+09   1.600000000E+00  -2.677529E-01   1.826700654E+00
   152   11453.189423   4.727655E-15   7.855307E+00    8.44069E+08   1.600000000E+00  -2.677529E-01   1.826700654E+00
