       6     152      52      67
 
     EOS file :  /Users/dany/Work/NStar/EOS/v14/APR_EOS_Cat.dat              
 
  step        radius       baryon#       density        pressure       encl. mass            phi     encl. bar. mass 
                (m)        (#/fm3)       (g/cm3)        (dyn/cm2)      (sol. mass)                     (sol. mass)   
 
     0       0.000000   5.743321E-01   1.055992E+15    1.74343E+35   0.000000000E+00  -5.193295E-01   0.000000000E+00
     1      10.000000   5.743318E-01   1.055992E+15    1.74343E+35   2.223894975E-09  -5.193292E-01   2.025646277E-09
     2      11.666665   5.743317E-01   1.055991E+15    1.74343E+35   3.531461047E-09  -5.193291E-01   3.216649880E-09
     3      13.611106   5.743315E-01   1.055991E+15    1.74343E+35   5.607825501E-09  -5.193290E-01   5.107917968E-09
     4      15.879620   5.743314E-01   1.055991E+15    1.74343E+35   8.905010943E-09  -5.193288E-01   8.111178360E-09
     5      18.526217   5.743311E-01   1.055990E+15    1.74342E+35   1.414080977E-08  -5.193286E-01   1.288023753E-08
     6      21.613911   5.743308E-01   1.055989E+15    1.74342E+35   2.245504380E-08  -5.193283E-01   2.045331150E-08
     7      25.216214   5.743303E-01   1.055988E+15    1.74341E+35   3.565769498E-08  -5.193278E-01   3.247903929E-08
     8      29.418893   5.743297E-01   1.055987E+15    1.74341E+35   5.662291984E-08  -5.193272E-01   5.157537791E-08
     9      34.322005   5.743288E-01   1.055985E+15    1.74340E+35   8.991471243E-08  -5.193264E-01   8.189950134E-08
    10      40.042281   5.743276E-01   1.055983E+15    1.74339E+35   1.427803965E-07  -5.193253E-01   1.300527512E-07
    11      46.715901   5.743260E-01   1.055979E+15    1.74337E+35   2.267281732E-07  -5.193239E-01   2.065176042E-07
    12      54.501736   5.743238E-01   1.055974E+15    1.74335E+35   3.600320333E-07  -5.193219E-01   3.279393936E-07
    13      63.585123   5.743208E-01   1.055968E+15    1.74332E+35   5.717090872E-07  -5.193191E-01   5.207493148E-07
    14      74.182270   5.743168E-01   1.055959E+15    1.74327E+35   9.078345989E-07  -5.193154E-01   8.269170166E-07
    15      86.545389   5.743112E-01   1.055947E+15    1.74322E+35   1.441568260E-06  -5.193103E-01   1.313084184E-06
    16     100.968679   5.743037E-01   1.055931E+15    1.74314E+35   2.289071721E-06  -5.193034E-01   2.085065483E-06
    17     117.795296   5.742935E-01   1.055909E+15    1.74303E+35   3.634776793E-06  -5.192940E-01   3.310869373E-06
    18     137.425470   5.742796E-01   1.055878E+15    1.74289E+35   5.771492574E-06  -5.192811E-01   5.257241008E-06
    19     160.325944   5.742606E-01   1.055837E+15    1.74269E+35   9.164055554E-06  -5.192637E-01   8.347662283E-06
    20     187.040946   5.742348E-01   1.055781E+15    1.74243E+35   1.455032038E-05  -5.192400E-01   1.325439169E-05
    21     218.204929   5.741997E-01   1.055705E+15    1.74206E+35   2.310134963E-05  -5.192076E-01   2.104448613E-05
    22     254.557321   5.741519E-01   1.055601E+15    1.74157E+35   3.667540093E-05  -5.191637E-01   3.341138845E-05
    23     296.959573   5.740869E-01   1.055460E+15    1.74090E+35   5.822041068E-05  -5.191039E-01   5.304205459E-05
    24     346.414785   5.739984E-01   1.055268E+15    1.73998E+35   9.241131421E-05  -5.190225E-01   8.419858764E-05
    25     404.090179   5.738780E-01   1.055007E+15    1.73874E+35   1.466581844E-04  -5.189118E-01   1.336389382E-04
    26     471.342668   5.737143E-01   1.054652E+15    1.73705E+35   2.326987091E-04  -5.187612E-01   2.120726603E-04
    27     549.747632   5.734915E-01   1.054169E+15    1.73475E+35   3.691088813E-04  -5.185565E-01   3.364590635E-04
    28     641.130839   5.731887E-01   1.053512E+15    1.73163E+35   5.852509614E-04  -5.182782E-01   5.336274626E-04
    29     747.603092   5.727771E-01   1.052619E+15    1.72739E+35   9.274591822E-04  -5.179002E-01   8.459634069E-04
    30     871.596561   5.722179E-01   1.051407E+15    1.72165E+35   1.468683711E-03  -5.173871E-01   1.340303982E-03
    31    1015.900761   5.714588E-01   1.049761E+15    1.71387E+35   2.323423857E-03  -5.166912E-01   2.121776240E-03
    32    1183.694565   5.704293E-01   1.047530E+15    1.70337E+35   3.670632986E-03  -5.157487E-01   3.355160939E-03
    33    1378.568138   5.690356E-01   1.044514E+15    1.68921E+35   5.788390692E-03  -5.144744E-01   5.297523905E-03
    34    1604.523935   5.671517E-01   1.040441E+15    1.67020E+35   9.105398931E-03  -5.127557E-01   8.347299732E-03
    35    1865.944308   5.646102E-01   1.034949E+15    1.64479E+35   1.427541454E-02  -5.104452E-01   1.311657707E-02
    36    2167.499830   5.611922E-01   1.027571E+15    1.61105E+35   2.228061460E-02  -5.073526E-01   2.053425475E-02
    37    2513.965773   5.566184E-01   1.017790E+15    1.56664E+35   3.456676166E-02  -5.032377E-01   3.198643548E-02
    38    2909.874325   5.505292E-01   1.004826E+15    1.50885E+35   5.320094654E-02  -4.978061E-01   4.949202234E-02
    39    3359.039186   5.424811E-01   9.877616E+14    1.43480E+35   8.102034321E-02  -4.907121E-01   7.589682982E-02
    40    3863.786502   5.319481E-01   9.656123E+14    1.34182E+35   1.216973567E-01  -4.815768E-01   1.150248670E-01
    41    4423.883890   5.183528E-01   9.373179E+14    1.22810E+35   1.795807776E-01  -4.700292E-01   1.716594324E-01
    42    5035.248668   5.010679E-01   9.018124E+14    1.09364E+35   2.591109969E-01  -4.557816E-01   2.511419607E-01
    43    5688.616117   4.795607E-01   8.583113E+14    9.41322E+34   3.636378566E-01  -4.387398E-01   3.583205951E-01
    44    6368.492354   4.534525E-01   8.064894E+14    7.77600E+34   4.936588285E-01  -4.191361E-01   4.956821934E-01
    45    7053.130096   4.226912E-01   7.466520E+14    6.12375E+34   6.449967038E-01  -3.976376E-01   6.609514431E-01
    46    7716.276934   3.876294E-01   6.799301E+14    4.57326E+34   8.080311435E-01  -3.753515E-01   8.452615137E-01
    47    8330.924581   3.490440E-01   6.080916E+14    3.23052E+34   9.691130041E-01  -3.536632E-01   1.033587177E+00
    48    8874.536804   2.998161E-01   5.182980E+14    2.16585E+34   1.113596479E+00  -3.339096E-01   1.207684407E+00
    49    9347.551014   2.599005E-01   4.467733E+14    1.38037E+34   1.233417858E+00  -3.165620E-01   1.355794673E+00
    50    9730.987197   2.209952E-01   3.781356E+14    8.44352E+33   1.324457562E+00  -3.025720E-01   1.470372045E+00
    51   10030.643101   1.668595E-01   2.837686E+14    5.31124E+33   1.382748666E+00  -2.918148E-01   1.544737123E+00
    52   10297.900469   1.385878E-01   2.350056E+14    3.08253E+33   1.428062782E+00  -2.824593E-01   1.602940690E+00
    53   10496.813500   1.139352E-01   1.927673E+14    1.75601E+33   1.457172023E+00  -2.756714E-01   1.640469453E+00
    54   10641.497841   9.221492E-02   1.557386E+14    9.89188E+32   1.475021529E+00  -2.708429E-01   1.663526557E+00
    55   10745.919273   7.257040E-02   1.226477E+14    5.52960E+32   1.485639805E+00  -2.674222E-01   1.677239589E+00
    56   10821.941253   5.214295E-02   8.798087E+13    3.20234E+32   1.491496757E+00  -2.649692E-01   1.684799738E+00
    57   10884.451473   3.687872E-02   6.215080E+13    1.85574E+32   1.494977721E+00  -2.629784E-01   1.689294537E+00
    58   10936.520814   2.593961E-02   4.367033E+13    1.07682E+32   1.497037976E+00  -2.613393E-01   1.691954532E+00
    59   10980.077180   1.820605E-02   3.062064E+13    6.24160E+31   1.498259000E+00  -2.599822E-01   1.693530831E+00
    60   11016.475372   1.274044E-02   2.140972E+13    3.61871E+31   1.498978426E+00  -2.588583E-01   1.694459472E+00
    61   11046.931975   8.912071E-03   1.496348E+13    2.09672E+31   1.499401825E+00  -2.579249E-01   1.695005973E+00
    62   11072.373801   6.161017E-03   1.034179E+13    1.21895E+31   1.499648924E+00  -2.571503E-01   1.695324851E+00
    63   11093.910724   4.149804E-03   6.962258E+12    7.13785E+30   1.499792559E+00  -2.564981E-01   1.695510151E+00
    64   11112.743940   2.574275E-03   4.316751E+12    4.27207E+30   1.499874738E+00  -2.559305E-01   1.695616163E+00
    65   11131.006596   1.558278E-03   2.611754E+12    2.59767E+30   1.499923126E+00  -2.553826E-01   1.695678581E+00
    66   11149.440987   8.419343E-04   1.409805E+12    1.63937E+30   1.499951027E+00  -2.548318E-01   1.695714578E+00
    67   11171.084427   4.786824E-04   8.009063E+11    1.02806E+30   1.499968971E+00  -2.541883E-01   1.695737740E+00
    68   11195.096521   2.163666E-04   3.615289E+11    6.41645E+29   1.499980419E+00  -2.534783E-01   1.695752514E+00
    69   11228.468929   1.391473E-04   2.323599E+11    3.84184E+29   1.499988136E+00  -2.524981E-01   1.695762478E+00
    70   11259.809594   9.158361E-05   1.528378E+11    2.27356E+29   1.499992901E+00  -2.515846E-01   1.695768630E+00
    71   11288.221503   5.940230E-05   9.901159E+10    1.35281E+29   1.499995734E+00  -2.507623E-01   1.695772287E+00
    72   11314.496157   3.942101E-05   6.568789E+10    8.01051E+28   1.499997451E+00  -2.500067E-01   1.695774503E+00
    73   11338.095883   2.552959E-05   4.250397E+10    4.72270E+28   1.499998485E+00  -2.493320E-01   1.695775838E+00
    74   11359.720109   1.709081E-05   2.844832E+10    2.77760E+28   1.499999102E+00  -2.487171E-01   1.695776634E+00
    75   11378.820728   1.117899E-05   1.859708E+10    1.64489E+28   1.499999465E+00  -2.481764E-01   1.695777102E+00
    76   11396.202691   7.255859E-06   1.206982E+10    9.76000E+27   1.499999680E+00  -2.476865E-01   1.695777381E+00
    77   11412.159434   4.868970E-06   8.094770E+09    5.72788E+27   1.499999811E+00  -2.472385E-01   1.695777550E+00
    78   11426.175867   3.239717E-06   5.384764E+09    3.36319E+27   1.499999889E+00  -2.468463E-01   1.695777649E+00
    79   11438.588967   2.155063E-06   3.580506E+09    1.98223E+27   1.499999934E+00  -2.465001E-01   1.695777708E+00
    80   11449.624201   1.446718E-06   2.403279E+09    1.16268E+27   1.499999961E+00  -2.461931E-01   1.695777743E+00
    81   11459.292866   9.716450E-07   1.613613E+09    6.81801E+26   1.499999977E+00  -2.459248E-01   1.695777763E+00
    82   11467.756659   6.168727E-07   1.024195E+09    4.01876E+26   1.499999986E+00  -2.456904E-01   1.695777775E+00
    83   11475.632117   4.148118E-07   6.886210E+08    2.35518E+26   1.499999992E+00  -2.454727E-01   1.695777782E+00
    84   11482.509456   2.790573E-07   4.632381E+08    1.37999E+26   1.499999995E+00  -2.452829E-01   1.695777787E+00
    85   11488.509481   1.863196E-07   3.093151E+08    8.09021E+25   1.499999997E+00  -2.451176E-01   1.695777789E+00
    86   11493.784887   1.238604E-07   2.055637E+08    4.78676E+25   1.499999998E+00  -2.449724E-01   1.695777791E+00
    87   11498.487411   8.358968E-08   1.387196E+08    2.80074E+25   1.499999999E+00  -2.448431E-01   1.695777791E+00
    88   11502.569229   5.657280E-08   9.386539E+07    1.63727E+25   1.499999999E+00  -2.447310E-01   1.695777792E+00
    89   11506.099038   3.831809E-08   6.356529E+07    9.56777E+24   1.500000000E+00  -2.446342E-01   1.695777792E+00
    90   11509.147565   2.604956E-08   4.321954E+07    5.58230E+24   1.500000000E+00  -2.445506E-01   1.695777792E+00
    91   11511.765421   1.774472E-08   2.944283E+07    3.25617E+24   1.500000000E+00  -2.444789E-01   1.695777792E+00
    92   11514.008316   1.213326E-08   2.012994E+07    1.89591E+24   1.500000000E+00  -2.444175E-01   1.695777793E+00
    93   11515.919433   8.326714E-09   1.381303E+07    1.10357E+24   1.500000000E+00  -2.443652E-01   1.695777793E+00
    94   11517.541309   5.729852E-09   9.503964E+06    6.41055E+23   1.500000000E+00  -2.443208E-01   1.695777793E+00
    95   11518.911137   3.856286E-09   6.396055E+06    3.74053E+23   1.500000000E+00  -2.442833E-01   1.695777793E+00
    96   11520.099191   2.682407E-09   4.448878E+06    2.16424E+23   1.500000000E+00  -2.442508E-01   1.695777793E+00
    97   11521.087729   1.865848E-09   3.094460E+06    1.25220E+23   1.500000000E+00  -2.442238E-01   1.695777793E+00
    98   11521.910214   1.305897E-09   2.165832E+06    7.23918E+22   1.500000000E+00  -2.442013E-01   1.695777793E+00
    99   11522.589714   9.174460E-10   1.521684E+06    4.17308E+22   1.500000000E+00  -2.441828E-01   1.695777793E+00
   100   11523.147320   6.445397E-10   1.069108E+06    2.40558E+22   1.500000000E+00  -2.441675E-01   1.695777793E+00
   101   11523.604883   4.565823E-10   7.572951E+05    1.38282E+22   1.500000000E+00  -2.441550E-01   1.695777793E+00
   102   11523.976246   3.235952E-10   5.366840E+05    7.94597E+21   1.500000000E+00  -2.441449E-01   1.695777793E+00
   103   11524.277385   2.298208E-10   3.811299E+05    4.56478E+21   1.500000000E+00  -2.441367E-01   1.695777793E+00
   104   11524.521007   1.640420E-10   2.720172E+05    2.61619E+21   1.500000000E+00  -2.441300E-01   1.695777793E+00
   105   11524.716652   1.170900E-10   1.941417E+05    1.49940E+21   1.500000000E+00  -2.441247E-01   1.695777793E+00
   106   11524.873766   8.388509E-11   1.390857E+05    8.58980E+20   1.500000000E+00  -2.441204E-01   1.695777793E+00
   107   11524.999407   6.024294E-11   9.989406E+04    4.91157E+20   1.500000000E+00  -2.441169E-01   1.695777793E+00
   108   11525.099436   4.326404E-11   7.174576E+04    2.80838E+20   1.500000000E+00  -2.441142E-01   1.695777793E+00
   109   11525.179073   3.120633E-11   5.175198E+04    1.60399E+20   1.500000000E+00  -2.441120E-01   1.695777793E+00
   110   11525.242130   2.253652E-11   3.737482E+04    9.15272E+19   1.500000000E+00  -2.441103E-01   1.695777793E+00
   111   11525.291955   1.627537E-11   2.699175E+04    5.22274E+19   1.500000000E+00  -2.441090E-01   1.695777793E+00
   112   11525.331323   1.182870E-11   1.961730E+04    2.97379E+19   1.500000000E+00  -2.441079E-01   1.695777793E+00
   113   11525.362165   8.601390E-12   1.426501E+04    1.69259E+19   1.500000000E+00  -2.441070E-01   1.695777793E+00
   114   11525.386306   6.254916E-12   1.037354E+04    9.63356E+18   1.500000000E+00  -2.441064E-01   1.695777793E+00
   115   11525.405201   4.558747E-12   7.561157E+03    5.47828E+18   1.500000000E+00  -2.441059E-01   1.695777793E+00
   116   11525.419943   3.322534E-12   5.511241E+03    3.11531E+18   1.500000000E+00  -2.441055E-01   1.695777793E+00
   117   11525.431444   2.421549E-12   4.017081E+03    1.77157E+18   1.500000000E+00  -2.441051E-01   1.695777793E+00
   118   11525.440417   1.764888E-12   2.928004E+03    1.00743E+18   1.500000000E+00  -2.441049E-01   1.695777793E+00
   119   11525.447418   1.286296E-12   2.134188E+03    5.72893E+17   1.500000000E+00  -2.441047E-01   1.695777793E+00
   120   11525.452879   9.374855E-13   1.555584E+03    3.25785E+17   1.500000000E+00  -2.441046E-01   1.695777793E+00
   121   11525.457141   6.844392E-13   1.135843E+03    1.85210E+17   1.500000000E+00  -2.441044E-01   1.695777793E+00
   122   11525.460458   5.165917E-13   8.581368E+02    1.03911E+17   1.500000000E+00  -2.441044E-01   1.695777793E+00
   123   11525.462922   3.899060E-13   6.483279E+02    5.82987E+16   1.500000000E+00  -2.441043E-01   1.695777793E+00
   124   11525.464752   2.942879E-13   4.898159E+02    3.27082E+16   1.500000000E+00  -2.441042E-01   1.695777793E+00
   125   11525.466110   2.221185E-13   3.700591E+02    1.83507E+16   1.500000000E+00  -2.441042E-01   1.695777793E+00
   126   11525.467119   1.676476E-13   2.795820E+02    1.02956E+16   1.500000000E+00  -2.441042E-01   1.695777793E+00
   127   11525.467869   1.265783E-13   2.112930E+02    5.77578E+15   1.500000000E+00  -2.441042E-01   1.695777793E+00
   128   11525.468425   9.799440E-14   1.633960E+02    3.21173E+15   1.500000000E+00  -2.441041E-01   1.695777793E+00
   129   11525.468825   7.586532E-14   1.263565E+02    1.78594E+15   1.500000000E+00  -2.441041E-01   1.695777793E+00
   130   11525.469112   5.873343E-14   9.771335E+01    9.93107E+14   1.500000000E+00  -2.441041E-01   1.695777793E+00
   131   11525.469319   4.547025E-14   7.556317E+01    5.52235E+14   1.500000000E+00  -2.441041E-01   1.695777793E+00
   132   11525.469468   3.520217E-14   5.843411E+01    3.07081E+14   1.500000000E+00  -2.441041E-01   1.695777793E+00
   133   11525.469575   2.724887E-14   4.518111E+01    1.70756E+14   1.500000000E+00  -2.441041E-01   1.695777793E+00
   134   11525.469652   2.143101E-14   3.552681E+01    9.43415E+13   1.500000000E+00  -2.441041E-01   1.695777793E+00
   135   11525.469706   1.685531E-14   2.793544E+01    5.21231E+13   1.500000000E+00  -2.441041E-01   1.695777793E+00
   136   11525.469744   1.325657E-14   2.196620E+01    2.87977E+13   1.500000000E+00  -2.441041E-01   1.695777793E+00
   137   11525.469770   1.042618E-14   1.727246E+01    1.59106E+13   1.500000000E+00  -2.441041E-01   1.695777793E+00
   138   11525.469789   9.219026E-15   1.527748E+01    8.48017E+12   1.500000000E+00  -2.441041E-01   1.695777793E+00
   139   11525.469800   8.401523E-15   1.392935E+01    4.41284E+12   1.500000000E+00  -2.441041E-01   1.695777793E+00
   140   11525.469807   7.656513E-15   1.270018E+01    2.29632E+12   1.500000000E+00  -2.441041E-01   1.695777793E+00
   141   11525.469810   6.977561E-15   1.157937E+01    1.19494E+12   1.500000000E+00  -2.441041E-01   1.695777793E+00
   142   11525.469813   6.358652E-15   1.055289E+01    6.21931E+11   1.500000000E+00  -2.441041E-01   1.695777793E+00
   143   11525.469814   5.794639E-15   9.617403E+00    3.23696E+11   1.500000000E+00  -2.441041E-01   1.695777793E+00
   144   11525.469814   5.280654E-15   8.764845E+00    1.68474E+11   1.500000000E+00  -2.441041E-01   1.695777793E+00
   145   11525.469815   4.900476E-15   8.134126E+00    8.74464E+10   1.500000000E+00  -2.441041E-01   1.695777793E+00
   146   11525.469815   4.855189E-15   8.058645E+00    4.39038E+10   1.500000000E+00  -2.441041E-01   1.695777793E+00
   147   11525.469815   4.810321E-15   7.983864E+00    2.20426E+10   1.500000000E+00  -2.441041E-01   1.695777793E+00
   148   11525.469815   4.765867E-15   7.909778E+00    1.10668E+10   1.500000000E+00  -2.441041E-01   1.695777793E+00
   149   11525.469815   4.752162E-15   7.889554E+00    5.54193E+09   1.500000000E+00  -2.441041E-01   1.695777793E+00
   150   11525.469815   4.743135E-15   7.877519E+00    2.77284E+09   1.500000000E+00  -2.441041E-01   1.695777793E+00
   151   11525.469815   4.734125E-15   7.865503E+00    1.38736E+09   1.500000000E+00  -2.441041E-01   1.695777793E+00
   152   11525.469815   4.725102E-15   7.850198E+00    6.94197E+08   1.500000000E+00  -2.441041E-01   1.695777793E+00
