       6     135      34      50

     EOS file :  Prof_BSk22_1.0.dat                                          

  step        radius       baryon#       density        pressure       encl. mass            phi     encl. bar. mass 
                (m)        (#/fm3)       (g/cm3)        (dyn/cm2)      (sol. mass)                     (sol. mass)   

     0       0.000000   3.054686E-01   5.358309E+14    4.00974E+34   0.000000000E+00  -2.655331E-01   0.000000000E+00
     1     100.000001   3.054519E-01   5.357993E+14    4.00908E+34   1.128374623E-06  -2.655206E-01   1.077321298E-06
     2     116.665051   3.054469E-01   5.357898E+14    4.00888E+34   1.791740652E-06  -2.655168E-01   1.710680068E-06
     3     136.107027   3.054401E-01   5.357768E+14    4.00862E+34   2.845055685E-06  -2.655116E-01   2.716357381E-06
     4     158.788307   3.054308E-01   5.357592E+14    4.00825E+34   4.517495838E-06  -2.655046E-01   4.313178034E-06
     5     185.248105   3.054182E-01   5.357352E+14    4.00775E+34   7.172868834E-06  -2.654951E-01   6.848529347E-06
     6     216.115122   3.054010E-01   5.357025E+14    4.00708E+34   1.138863838E-05  -2.654822E-01   1.087383699E-05
     7     252.122242   3.053776E-01   5.356581E+14    4.00616E+34   1.808125648E-05  -2.654645E-01   1.726428533E-05
     8     294.123535   3.053457E-01   5.355976E+14    4.00490E+34   2.870485073E-05  -2.654405E-01   2.740864280E-05
     9     343.113889   3.053024E-01   5.355153E+14    4.00320E+34   4.556600760E-05  -2.654079E-01   4.351007987E-05
    10     400.251581   3.052434E-01   5.354033E+14    4.00088E+34   7.232207286E-05  -2.653634E-01   6.906252370E-05
    11     466.884083   3.051632E-01   5.352510E+14    3.99773E+34   1.147690618E-04  -2.653030E-01   1.096042162E-04
    12     544.577344   3.050540E-01   5.350437E+14    3.99344E+34   1.820855660E-04  -2.652208E-01   1.739081382E-04
    13     635.148632   3.049056E-01   5.347619E+14    3.98762E+34   2.887923958E-04  -2.651091E-01   2.758590135E-04
    14     740.702771   3.047038E-01   5.343788E+14    3.97971E+34   4.578308224E-04  -2.649573E-01   4.374052240E-04
    15     863.671159   3.044297E-01   5.338583E+14    3.96898E+34   7.253786802E-04  -2.647512E-01   6.931847467E-04
    16    1006.852149   3.040573E-01   5.331514E+14    3.95444E+34   1.148344162E-03  -2.644714E-01   1.097739105E-03
    17    1173.450131   3.035520E-01   5.321923E+14    3.93476E+34   1.815937774E-03  -2.640922E-01   1.736687528E-03
    18    1367.108648   3.028670E-01   5.308924E+14    3.90819E+34   2.867353730E-03  -2.635789E-01   2.743873730E-03
    19    1591.929766   3.019399E-01   5.291333E+14    3.87243E+34   4.518387586E-03  -2.628856E-01   4.327334155E-03
    20    1852.467269   3.006904E-01   5.267679E+14    3.82446E+34   7.100687525E-03  -2.619517E-01   6.807909362E-03
    21    2153.669622   2.990079E-01   5.235859E+14    3.76046E+34   1.111780538E-02  -2.606983E-01   1.067505588E-02
    22    2500.759918   2.967495E-01   5.193169E+14    3.67568E+34   1.732169009E-02  -2.590245E-01   1.666448701E-02
    23    2898.994849   2.937397E-01   5.136436E+14    3.56444E+34   2.680985864E-02  -2.568042E-01   2.585962734E-02
    24    3353.238047   2.897505E-01   5.061395E+14    3.42030E+34   4.113287070E-02  -2.538854E-01   3.981003388E-02
    25    3867.340753   2.845151E-01   4.963253E+14    3.23666E+34   6.238381734E-02  -2.500942E-01   6.064350232E-02
    26    4443.191518   2.777266E-01   4.836544E+14    3.00780E+34   9.320367480E-02  -2.452476E-01   9.111123779E-02
    27    5079.478359   2.690606E-01   4.675654E+14    2.73063E+34   1.365964847E-01  -2.391794E-01   1.344597280E-01
    28    5770.218175   2.582182E-01   4.475702E+14    2.40707E+34   1.954142682E-01  -2.317838E-01   1.939733525E-01
    29    6503.301697   2.449878E-01   4.233656E+14    2.04628E+34   2.714205874E-01  -2.230738E-01   2.720464841E-01
    30    7259.598092   2.293230E-01   3.949710E+14    1.66589E+34   3.640450449E-01  -2.132417E-01   3.688189122E-01
    31    8013.351727   2.114184E-01   3.628466E+14    1.29051E+34   4.693026703E-01  -2.026948E-01   4.808002719E-01
    32    8734.550727   1.917360E-01   3.279073E+14    9.46823E+33   5.796828005E-01  -1.920282E-01   6.003732593E-01
    33    9393.420986   1.709645E-01   2.914215E+14    6.56672E+33   6.856220948E-01  -1.819178E-01   7.170676986E-01
    34    9966.040821   1.498975E-01   2.547743E+14    4.31269E+33   7.782550555E-01  -1.729584E-01   8.205586121E-01
    35   10439.121832   1.292855E-01   2.192185E+14    2.69680E+33   8.520715643E-01  -1.655197E-01   9.039334160E-01
    36   10811.854943   1.097367E-01   1.857243E+14    1.61941E+33   9.059917345E-01  -1.596913E-01   9.653049170E-01
    37   11093.994795   9.180197E-02   1.551514E+14    9.43088E+32   9.425103750E-01  -1.553308E-01   1.007074745E+00
    38   11301.043226   7.160813E-02   1.210135E+14    5.40897E+32   9.655863230E-01  -1.521761E-01   1.033540833E+00
    39   11459.263684   5.190772E-02   8.758201E+13    3.17851E+32   9.790276048E-01  -1.498027E-01   1.048970856E+00
    40   11591.623471   3.693787E-02   6.225079E+13    1.86035E+32   9.873199414E-01  -1.478501E-01   1.058501332E+00
    41   11703.424975   2.609552E-02   4.393357E+13    1.08684E+32   9.923773359E-01  -1.462282E-01   1.064316194E+00
    42   11798.009884   1.837477E-02   3.090510E+13    6.33015E+31   9.954476634E-01  -1.448777E-01   1.067847127E+00
    43   11877.789386   1.288796E-02   2.165822E+13    3.68289E+31   9.972926772E-01  -1.437549E-01   1.069969081E+00
    44   11945.070098   9.030359E-03   1.516257E+13    2.13939E+31   9.983963060E-01  -1.428200E-01   1.071238449E+00
    45   12001.641420   6.253314E-03   1.049683E+13    1.24587E+31   9.990492740E-01  -1.420425E-01   1.071989389E+00
    46   12049.761195   4.220793E-03   7.081527E+12    7.30087E+30   9.994332592E-01  -1.413875E-01   1.072430861E+00
    47   12091.954372   2.629527E-03   4.409492E+12    4.36389E+30   9.996554242E-01  -1.408180E-01   1.072686279E+00
    48   12132.787354   1.604077E-03   2.688630E+12    2.65439E+30   9.997866434E-01  -1.402710E-01   1.072837133E+00
    49   12173.841126   8.666952E-04   1.451352E+12    1.67659E+30   9.998627736E-01  -1.397254E-01   1.072924669E+00
    50   12222.246605   4.920826E-04   8.233380E+11    1.05405E+30   9.999120041E-01  -1.390874E-01   1.072981302E+00
    51   12276.379172   2.222306E-04   3.713275E+11    6.59485E+29   9.999437602E-01  -1.383809E-01   1.073017828E+00
    52   12352.208127   1.427374E-04   2.383535E+11    3.96201E+29   9.999654340E-01  -1.374032E-01   1.073042772E+00
    53   12424.208045   9.419801E-05   1.572110E+11    2.35042E+29   9.999790516E-01  -1.364876E-01   1.073058438E+00
    54   12489.856190   6.115524E-05   1.019361E+11    1.40096E+29   9.999872699E-01  -1.356635E-01   1.073067892E+00
    55   12550.951681   4.055232E-05   6.757433E+10    8.31842E+28   9.999923063E-01  -1.349054E-01   1.073073687E+00
    56   12606.303999   2.644512E-05   4.403256E+10    4.90778E+28   9.999953861E-01  -1.342259E-01   1.073077229E+00
    57   12656.939629   1.764555E-05   2.937463E+10    2.89874E+28   9.999972339E-01  -1.336103E-01   1.073079354E+00
    58   12702.193858   1.155636E-05   1.922626E+10    1.71550E+28   9.999983402E-01  -1.330649E-01   1.073080626E+00
    59   12743.454611   7.487750E-06   1.245530E+10    1.01788E+28   9.999990022E-01  -1.325716E-01   1.073081387E+00
    60   12781.532077   5.027744E-06   8.359744E+09    5.97881E+27   9.999994062E-01  -1.321195E-01   1.073081851E+00
    61   12815.088731   3.352699E-06   5.572803E+09    3.51377E+27   9.999996462E-01  -1.317237E-01   1.073082127E+00
    62   12844.854565   2.228160E-06   3.701987E+09    2.07271E+27   9.999997880E-01  -1.313746E-01   1.073082290E+00
    63   12871.429709   1.496400E-06   2.485875E+09    1.21653E+27   9.999998731E-01  -1.310645E-01   1.073082388E+00
    64   12894.770329   1.005427E-06   1.669741E+09    7.13777E+26   9.999999235E-01  -1.307933E-01   1.073082446E+00
    65   12915.245244   6.384873E-07   1.060092E+09    4.20944E+26   9.999999530E-01  -1.305564E-01   1.073082480E+00
    66   12934.334481   4.294785E-07   7.129784E+08    2.46804E+26   9.999999707E-01  -1.303362E-01   1.073082500E+00
    67   12951.033184   2.889787E-07   4.796990E+08    1.44671E+26   9.999999812E-01  -1.301443E-01   1.073082512E+00
    68   12965.625616   1.939647E-07   3.220270E+08    8.47990E+25   9.999999873E-01  -1.299770E-01   1.073082519E+00
    69   12978.400452   1.284901E-07   2.132487E+08    5.03227E+25   9.999999909E-01  -1.298309E-01   1.073082524E+00
    70   12989.874845   8.673157E-08   1.439346E+08    2.94520E+25   9.999999931E-01  -1.297000E-01   1.073082526E+00
    71   12999.844909   5.869463E-08   9.738798E+07    1.72243E+25   9.999999943E-01  -1.295864E-01   1.073082527E+00
    72   13008.477921   3.974267E-08   6.592760E+07    1.00680E+25   9.999999951E-01  -1.294883E-01   1.073082528E+00
    73   13015.943741   2.702152E-08   4.483151E+07    5.87523E+24   9.999999955E-01  -1.294035E-01   1.073082529E+00
    74   13022.359156   1.839702E-08   3.052545E+07    3.42779E+24   9.999999958E-01  -1.293308E-01   1.073082529E+00
    75   13027.862611   1.258046E-08   2.087209E+07    1.99610E+24   9.999999959E-01  -1.292684E-01   1.073082529E+00
    76   13032.554307   8.627500E-09   1.431217E+07    1.16197E+24   9.999999960E-01  -1.292153E-01   1.073082529E+00
    77   13036.540586   5.937232E-09   9.848056E+06    6.75047E+23   9.999999961E-01  -1.291702E-01   1.073082529E+00
    78   13039.908595   3.986545E-09   6.612128E+06    3.93261E+23   9.999999961E-01  -1.291322E-01   1.073082529E+00
    79   13042.832685   2.773150E-09   4.599395E+06    2.27555E+23   9.999999961E-01  -1.290991E-01   1.073082530E+00
    80   13045.266369   1.929044E-09   3.199282E+06    1.31668E+23   9.999999961E-01  -1.290716E-01   1.073082530E+00
    81   13047.291699   1.348827E-09   2.237020E+06    7.61390E+22   9.999999961E-01  -1.290488E-01   1.073082530E+00
    82   13048.967279   9.476323E-10   1.571742E+06    4.38928E+22   9.999999961E-01  -1.290299E-01   1.073082530E+00
    83   13050.342493   6.657615E-10   1.104302E+06    2.53030E+22   9.999999961E-01  -1.290144E-01   1.073082530E+00
    84   13051.471117   4.713051E-10   7.817197E+05    1.45528E+22   9.999999961E-01  -1.290016E-01   1.073082530E+00
    85   13052.388285   3.340347E-10   5.540014E+05    8.36255E+21   9.999999961E-01  -1.289913E-01   1.073082530E+00
    86   13053.132080   2.370597E-10   3.931382E+05    4.80458E+21   9.999999961E-01  -1.289829E-01   1.073082530E+00
    87   13053.734354   1.692106E-10   2.805904E+05    2.75367E+21   9.999999961E-01  -1.289761E-01   1.073082530E+00
    88   13054.218048   1.207801E-10   2.002620E+05    1.57821E+21   9.999999961E-01  -1.289707E-01   1.073082530E+00
    89   13054.606498   8.647270E-11   1.433750E+05    9.04192E+20   9.999999961E-01  -1.289663E-01   1.073082530E+00
    90   13054.917374   6.210156E-11   1.029752E+05    5.17013E+20   9.999999961E-01  -1.289628E-01   1.073082530E+00
    91   13055.164884   4.459899E-11   7.395899E+04    2.95625E+20   9.999999961E-01  -1.289600E-01   1.073082530E+00
    92   13055.361941   3.215539E-11   5.332579E+04    1.68899E+20   9.999999961E-01  -1.289578E-01   1.073082530E+00
    93   13055.518094   2.322197E-11   3.851151E+04    9.63782E+19   9.999999961E-01  -1.289560E-01   1.073082530E+00
    94   13055.641478   1.677042E-11   2.781271E+04    5.49957E+19   9.999999961E-01  -1.289546E-01   1.073082530E+00
    95   13055.738970   1.218198E-11   2.020318E+04    3.13269E+19   9.999999961E-01  -1.289535E-01   1.073082530E+00
    96   13055.815421   8.858289E-12   1.469106E+04    1.78303E+19   9.999999961E-01  -1.289527E-01   1.073082530E+00
    97   13055.875262   6.441420E-12   1.068283E+04    1.01485E+19   9.999999961E-01  -1.289520E-01   1.073082530E+00
    98   13055.922102   4.694027E-12   7.785472E+03    5.77175E+18   9.999999961E-01  -1.289515E-01   1.073082530E+00
    99   13055.958655   3.421131E-12   5.674745E+03    3.28220E+18   9.999999961E-01  -1.289511E-01   1.073082530E+00
   100   13055.987174   2.493411E-12   4.136258E+03    1.86648E+18   9.999999961E-01  -1.289507E-01   1.073082530E+00
   101   13056.009423   1.817263E-12   3.014872E+03    1.06140E+18   9.999999961E-01  -1.289505E-01   1.073082530E+00
   102   13056.026782   1.324469E-12   2.197505E+03    6.03584E+17   9.999999961E-01  -1.289503E-01   1.073082530E+00
   103   13056.040325   9.653070E-13   1.601736E+03    3.43238E+17   9.999999961E-01  -1.289501E-01   1.073082530E+00
   104   13056.050891   7.035407E-13   1.167487E+03    1.95188E+17   9.999999961E-01  -1.289500E-01   1.073082530E+00
   105   13056.059135   5.302498E-13   8.807449E+02    1.09633E+17   9.999999961E-01  -1.289499E-01   1.073082530E+00
   106   13056.065273   4.002147E-13   6.654086E+02    6.15092E+16   9.999999961E-01  -1.289499E-01   1.073082530E+00
   107   13056.069830   3.020686E-13   5.027205E+02    3.45094E+16   9.999999961E-01  -1.289498E-01   1.073082530E+00
   108   13056.073215   2.279912E-13   3.798086E+02    1.93613E+16   9.999999961E-01  -1.289498E-01   1.073082530E+00
   109   13056.075729   1.720800E-13   2.869479E+02    1.08626E+16   9.999999961E-01  -1.289497E-01   1.073082530E+00
   110   13056.077595   1.298802E-13   2.167910E+02    6.09438E+15   9.999999961E-01  -1.289497E-01   1.073082530E+00
   111   13056.078981   1.003711E-13   1.673765E+02    3.39315E+15   9.999999961E-01  -1.289497E-01   1.073082530E+00
   112   13056.079981   7.770534E-14   1.294347E+02    1.88682E+15   9.999999961E-01  -1.289497E-01   1.073082530E+00
   113   13056.080700   6.015794E-14   1.000938E+02    1.04920E+15   9.999999961E-01  -1.289497E-01   1.073082530E+00
   114   13056.081217   4.657308E-14   7.740398E+01    5.83428E+14   9.999999961E-01  -1.289497E-01   1.073082530E+00
   115   13056.081588   3.605595E-14   5.985763E+01    3.24426E+14   9.999999961E-01  -1.289497E-01   1.073082530E+00
   116   13056.081855   2.791380E-14   4.628879E+01    1.80403E+14   9.999999961E-01  -1.289497E-01   1.073082530E+00
   117   13056.082048   2.192341E-14   3.634382E+01    9.97870E+13   9.999999961E-01  -1.289497E-01   1.073082530E+00
   118   13056.082183   1.724258E-14   2.857788E+01    5.51317E+13   9.999999961E-01  -1.289497E-01   1.073082530E+00
   119   13056.082278   1.356115E-14   2.247136E+01    3.04600E+13   9.999999961E-01  -1.289497E-01   1.073082530E+00
   120   13056.082345   1.066573E-14   1.766968E+01    1.68290E+13   9.999999961E-01  -1.289497E-01   1.073082530E+00
   121   13056.082392   9.306226E-15   1.542125E+01    9.06079E+12   9.999999961E-01  -1.289497E-01   1.073082530E+00
   122   13056.082421   8.480990E-15   1.406043E+01    4.71498E+12   9.999999961E-01  -1.289497E-01   1.073082530E+00
   123   13056.082437   7.728933E-15   1.281969E+01    2.45354E+12   9.999999961E-01  -1.289497E-01   1.073082530E+00
   124   13056.082447   7.043565E-15   1.168844E+01    1.27676E+12   9.999999961E-01  -1.289497E-01   1.073082530E+00
   125   13056.082452   6.418803E-15   1.065266E+01    6.64493E+11   9.999999961E-01  -1.289497E-01   1.073082530E+00
   126   13056.082455   5.849455E-15   9.708325E+00    3.45848E+11   9.999999961E-01  -1.289497E-01   1.073082530E+00
   127   13056.082457   5.330609E-15   8.847707E+00    1.80003E+11   9.999999961E-01  -1.289497E-01   1.073082530E+00
   128   13056.082458   4.904932E-15   8.141554E+00    9.35489E+10   9.999999961E-01  -1.289497E-01   1.073082530E+00
   129   13056.082459   4.859604E-15   8.066004E+00    4.69677E+10   9.999999961E-01  -1.289497E-01   1.073082530E+00
   130   13056.082459   4.814695E-15   7.991155E+00    2.35809E+10   9.999999961E-01  -1.289497E-01   1.073082530E+00
   131   13056.082459   4.770201E-15   7.917001E+00    1.18391E+10   9.999999961E-01  -1.289497E-01   1.073082530E+00
   132   13056.082459   4.753050E-15   7.890739E+00    5.93243E+09   9.999999961E-01  -1.289497E-01   1.073082530E+00
   133   13056.082459   4.744022E-15   7.878702E+00    2.96822E+09   9.999999961E-01  -1.289497E-01   1.073082530E+00
   134   13056.082459   4.735010E-15   7.866684E+00    1.48512E+09   9.999999961E-01  -1.289497E-01   1.073082530E+00
   135   13056.082459   4.725991E-15   7.851977E+00    7.43103E+08   9.999999961E-01  -1.289497E-01   1.073082530E+00
