       6     567     319     400

     EOS file :  /Users/dany/Work/NStar/eos/v14/APR_EOS_Acc_Pd.dat           

  step        radius       baryon#       density        pressure       encl. mass            phi     encl. bar. mass 
                (m)        (#/fm3)       (g/cm3)        (dyn/cm2)      (sol. mass)                     (sol. mass)   

     0       0.000000   6.065713E-01   1.127111E+15    2.10013E+35   0.000000000E+00  -5.730159E-01   0.000000000E+00
     1       1.000000   6.065713E-01   1.127111E+15    2.10013E+35   2.373671255E-12  -5.730158E-01   2.139353609E-12
     2       1.033333   6.065713E-01   1.127111E+15    2.10013E+35   2.619038529E-12  -5.730158E-01   2.360499382E-12
     3       1.067778   6.065713E-01   1.127111E+15    2.10013E+35   2.889769508E-12  -5.730158E-01   2.604505075E-12
     4       1.103370   6.065713E-01   1.127111E+15    2.10013E+35   3.188486049E-12  -5.730158E-01   2.873733726E-12
     5       1.140149   6.065713E-01   1.127111E+15    2.10013E+35   3.518081028E-12  -5.730158E-01   3.170792642E-12
     6       1.178154   6.065713E-01   1.127111E+15    2.10013E+35   3.881746361E-12  -5.730158E-01   3.498558648E-12
     7       1.217426   6.065713E-01   1.127111E+15    2.10013E+35   4.283003914E-12  -5.730158E-01   3.860205946E-12
     8       1.258007   6.065713E-01   1.127111E+15    2.10013E+35   4.725739607E-12  -5.730158E-01   4.259236859E-12
     9       1.299941   6.065713E-01   1.127111E+15    2.10013E+35   5.214241052E-12  -5.730158E-01   4.699515743E-12
    10       1.343272   6.065713E-01   1.127111E+15    2.10013E+35   5.753239070E-12  -5.730158E-01   5.185306418E-12
    11       1.388048   6.065713E-01   1.127111E+15    2.10013E+35   6.347953511E-12  -5.730158E-01   5.721313454E-12
    12       1.434316   6.065713E-01   1.127111E+15    2.10013E+35   7.004143802E-12  -5.730158E-01   6.312727733E-12
    13       1.482126   6.065713E-01   1.127111E+15    2.10013E+35   7.728164723E-12  -5.730158E-01   6.965276724E-12
    14       1.531531   6.065713E-01   1.127111E+15    2.10013E+35   8.527027953E-12  -5.730158E-01   7.685279944E-12
    15       1.582582   6.065713E-01   1.127111E+15    2.10013E+35   9.408469966E-12  -5.730158E-01   8.479710160E-12
    16       1.635334   6.065713E-01   1.127111E+15    2.10013E+35   1.038102696E-11  -5.730158E-01   9.356260919E-12
    17       1.689846   6.065713E-01   1.127111E+15    2.10013E+35   1.145411753E-11  -5.730158E-01   1.032342105E-11
    18       1.746174   6.065713E-01   1.127111E+15    2.10013E+35   1.263813386E-11  -5.730158E-01   1.139055688E-11
    19       1.804380   6.065713E-01   1.127111E+15    2.10013E+35   1.394454240E-11  -5.730158E-01   1.256800293E-11
    20       1.864526   6.065713E-01   1.127111E+15    2.10013E+35   1.538599485E-11  -5.730158E-01   1.386716200E-11
    21       1.926676   6.065713E-01   1.127111E+15    2.10013E+35   1.697645078E-11  -5.730158E-01   1.530061563E-11
    22       1.990899   6.065713E-01   1.127111E+15    2.10013E+35   1.873131271E-11  -5.730158E-01   1.688224588E-11
    23       2.057262   6.065713E-01   1.127111E+15    2.10013E+35   2.066757535E-11  -5.730158E-01   1.862736982E-11
    24       2.125838   6.065713E-01   1.127111E+15    2.10013E+35   2.280399016E-11  -5.730158E-01   2.055288786E-11
    25       2.196699   6.065713E-01   1.127111E+15    2.10013E+35   2.516124695E-11  -5.730158E-01   2.267744739E-11
    26       2.269922   6.065713E-01   1.127111E+15    2.10013E+35   2.776217422E-11  -5.730158E-01   2.502162342E-11
    27       2.345586   6.065713E-01   1.127111E+15    2.10013E+35   3.063196028E-11  -5.730158E-01   2.760811777E-11
    28       2.423772   6.065713E-01   1.127111E+15    2.10013E+35   3.379839715E-11  -5.730158E-01   3.046197898E-11
    29       2.504565   6.065713E-01   1.127111E+15    2.10013E+35   3.729214975E-11  -5.730158E-01   3.361084485E-11
    30       2.588050   6.065713E-01   1.127111E+15    2.10013E+35   4.114705280E-11  -5.730158E-01   3.708521012E-11
    31       2.674319   6.065713E-01   1.127111E+15    2.10013E+35   4.540043856E-11  -5.730158E-01   4.091872178E-11
    32       2.763463   6.065713E-01   1.127111E+15    2.10013E+35   5.009349832E-11  -5.730158E-01   4.514850492E-11
    33       2.855578   6.065713E-01   1.127111E+15    2.10013E+35   5.527168133E-11  -5.730158E-01   4.981552225E-11
    34       2.950764   6.065713E-01   1.127111E+15    2.10013E+35   6.098513496E-11  -5.730158E-01   5.496497083E-11
    35       3.049123   6.065713E-01   1.127111E+15    2.10012E+35   6.728919032E-11  -5.730158E-01   6.064671975E-11
    36       3.150760   6.065713E-01   1.127111E+15    2.10012E+35   7.424489809E-11  -5.730158E-01   6.691579307E-11
    37       3.255786   6.065713E-01   1.127111E+15    2.10012E+35   8.191961982E-11  -5.730158E-01   7.383290272E-11
    38       3.364312   6.065713E-01   1.127111E+15    2.10012E+35   9.038768022E-11  -5.730158E-01   8.146503644E-11
    39       3.476455   6.065713E-01   1.127111E+15    2.10012E+35   9.973108698E-11  -5.730158E-01   8.988610651E-11
    40       3.592337   6.065713E-01   1.127111E+15    2.10012E+35   1.100403249E-10  -5.730158E-01   9.917766555E-11
    41       3.712082   6.065713E-01   1.127111E+15    2.10012E+35   1.214152324E-10  -5.730158E-01   1.094296963E-10
    42       3.835818   6.065713E-01   1.127111E+15    2.10012E+35   1.339659679E-10  -5.730158E-01   1.207414830E-10
    43       3.963678   6.065713E-01   1.127111E+15    2.10012E+35   1.478140773E-10  -5.730158E-01   1.332225731E-10
    44       4.095801   6.065713E-01   1.127111E+15    2.10012E+35   1.630936704E-10  -5.730158E-01   1.469938377E-10
    45       4.232328   6.065712E-01   1.127111E+15    2.10012E+35   1.799527202E-10  -5.730158E-01   1.621886427E-10
    46       4.373405   6.065712E-01   1.127111E+15    2.10012E+35   1.985544957E-10  -5.730158E-01   1.789541399E-10
    47       4.519185   6.065712E-01   1.127111E+15    2.10012E+35   2.190791429E-10  -5.730158E-01   1.974526922E-10
    48       4.669825   6.065712E-01   1.127111E+15    2.10012E+35   2.417254297E-10  -5.730158E-01   2.178634461E-10
    49       4.825486   6.065712E-01   1.127111E+15    2.10012E+35   2.667126706E-10  -5.730158E-01   2.403840665E-10
    50       4.986335   6.065712E-01   1.127111E+15    2.10012E+35   2.942828507E-10  -5.730158E-01   2.652326510E-10
    51       5.152546   6.065712E-01   1.127111E+15    2.10012E+35   3.247029692E-10  -5.730158E-01   2.926498418E-10
    52       5.324298   6.065712E-01   1.127111E+15    2.10012E+35   3.582676251E-10  -5.730158E-01   3.229011566E-10
    53       5.501774   6.065712E-01   1.127111E+15    2.10012E+35   3.953018700E-10  -5.730158E-01   3.562795596E-10
    54       5.685167   6.065712E-01   1.127111E+15    2.10012E+35   4.361643564E-10  -5.730158E-01   3.931082989E-10
    55       5.874672   6.065712E-01   1.127111E+15    2.10012E+35   4.812508106E-10  -5.730158E-01   4.337440368E-10
    56       6.070495   6.065712E-01   1.127111E+15    2.10012E+35   5.309978652E-10  -5.730157E-01   4.785803036E-10
    57       6.272844   6.065712E-01   1.127111E+15    2.10012E+35   5.858872878E-10  -5.730157E-01   5.280513093E-10
    58       6.481939   6.065712E-01   1.127111E+15    2.10012E+35   6.464506461E-10  -5.730157E-01   5.826361480E-10
    59       6.698004   6.065712E-01   1.127111E+15    2.10012E+35   7.132744563E-10  -5.730157E-01   6.428634381E-10
    60       6.921270   6.065712E-01   1.127111E+15    2.10012E+35   7.870058627E-10  -5.730157E-01   7.093164411E-10
    61       7.151979   6.065711E-01   1.127111E+15    2.10012E+35   8.683589050E-10  -5.730157E-01   7.826387106E-10
    62       7.390379   6.065711E-01   1.127111E+15    2.10012E+35   9.581214335E-10  -5.730157E-01   8.635403241E-10
    63       7.636724   6.065711E-01   1.127111E+15    2.10012E+35   1.057162738E-09  -5.730157E-01   9.528047604E-10
    64       7.891282   6.065711E-01   1.127111E+15    2.10012E+35   1.166441968E-09  -5.730157E-01   1.051296486E-09
    65       8.154324   6.065711E-01   1.127111E+15    2.10012E+35   1.287017419E-09  -5.730157E-01   1.159969328E-09
    66       8.426135   6.065711E-01   1.127111E+15    2.10012E+35   1.420056784E-09  -5.730156E-01   1.279875710E-09
    67       8.707006   6.065711E-01   1.127111E+15    2.10012E+35   1.566848459E-09  -5.730156E-01   1.412176846E-09
    68       8.997239   6.065711E-01   1.127111E+15    2.10012E+35   1.728814023E-09  -5.730156E-01   1.558153984E-09
    69       9.297147   6.065710E-01   1.127111E+15    2.10012E+35   1.907522001E-09  -5.730156E-01   1.719220812E-09
    70       9.607052   6.065710E-01   1.127111E+15    2.10012E+35   2.104703059E-09  -5.730156E-01   1.896937157E-09
    71       9.927287   6.065710E-01   1.127110E+15    2.10012E+35   2.322266761E-09  -5.730156E-01   2.093024079E-09
    72      10.258196   6.065710E-01   1.127110E+15    2.10012E+35   2.562320062E-09  -5.730156E-01   2.309380548E-09
    73      10.600135   6.065710E-01   1.127110E+15    2.10012E+35   2.827187713E-09  -5.730155E-01   2.548101829E-09
    74      10.953473   6.065709E-01   1.127110E+15    2.10012E+35   3.119434773E-09  -5.730155E-01   2.811499774E-09
    75      11.318588   6.065709E-01   1.127110E+15    2.10012E+35   3.441891453E-09  -5.730155E-01   3.102125212E-09
    76      11.695874   6.065709E-01   1.127110E+15    2.10012E+35   3.797680519E-09  -5.730155E-01   3.422792649E-09
    77      12.085736   6.065709E-01   1.127110E+15    2.10012E+35   4.190247539E-09  -5.730154E-01   3.776607527E-09
    78      12.488594   6.065708E-01   1.127110E+15    2.10012E+35   4.623394246E-09  -5.730154E-01   4.166996297E-09
    79      12.904879   6.065708E-01   1.127110E+15    2.10012E+35   5.101315358E-09  -5.730154E-01   4.597739602E-09
    80      13.335041   6.065708E-01   1.127110E+15    2.10012E+35   5.628639198E-09  -5.730153E-01   5.073008886E-09
    81      13.779542   6.065707E-01   1.127110E+15    2.10012E+35   6.210472518E-09  -5.730153E-01   5.597406796E-09
    82      14.238859   6.065707E-01   1.127110E+15    2.10012E+35   6.852449950E-09  -5.730153E-01   6.176011753E-09
    83      14.713487   6.065707E-01   1.127110E+15    2.10012E+35   7.560788575E-09  -5.730152E-01   6.814427130E-09
    84      15.203936   6.065706E-01   1.127110E+15    2.10012E+35   8.342348130E-09  -5.730152E-01   7.518835519E-09
    85      15.710733   6.065706E-01   1.127110E+15    2.10012E+35   9.204697437E-09  -5.730151E-01   8.296058603E-09
    86      16.234423   6.065705E-01   1.127109E+15    2.10012E+35   1.015618770E-08  -5.730151E-01   9.153623218E-09
    87      16.775569   6.065705E-01   1.127109E+15    2.10012E+35   1.120603338E-08  -5.730150E-01   1.009983424E-08
    88      17.334753   6.065704E-01   1.127109E+15    2.10011E+35   1.236440142E-08  -5.730150E-01   1.114385502E-08
    89      17.912577   6.065703E-01   1.127109E+15    2.10011E+35   1.364250972E-08  -5.730149E-01   1.229579611E-08
    90      18.509661   6.065703E-01   1.127109E+15    2.10011E+35   1.505273576E-08  -5.730149E-01   1.356681319E-08
    91      19.126648   6.065702E-01   1.127109E+15    2.10011E+35   1.660873646E-08  -5.730148E-01   1.496921507E-08
    92      19.764201   6.065701E-01   1.127109E+15    2.10011E+35   1.832558042E-08  -5.730147E-01   1.651658293E-08
    93      20.423005   6.065701E-01   1.127108E+15    2.10011E+35   2.021989388E-08  -5.730147E-01   1.822390181E-08
    94      21.103769   6.065700E-01   1.127108E+15    2.10011E+35   2.231002170E-08  -5.730146E-01   2.010770573E-08
    95      21.807226   6.065699E-01   1.127108E+15    2.10011E+35   2.461620501E-08  -5.730145E-01   2.218623781E-08
    96      22.534130   6.065698E-01   1.127108E+15    2.10011E+35   2.716077721E-08  -5.730144E-01   2.447962694E-08
    97      23.285265   6.065697E-01   1.127108E+15    2.10011E+35   2.996838030E-08  -5.730143E-01   2.701008268E-08
    98      24.061436   6.065696E-01   1.127107E+15    2.10011E+35   3.306620341E-08  -5.730142E-01   2.980211037E-08
    99      24.863480   6.065695E-01   1.127107E+15    2.10010E+35   3.648424617E-08  -5.730141E-01   3.288274840E-08
   100      25.692258   6.065693E-01   1.127107E+15    2.10010E+35   4.025560920E-08  -5.730140E-01   3.628183007E-08
   101      26.548662   6.065692E-01   1.127106E+15    2.10010E+35   4.441681460E-08  -5.730138E-01   4.003227246E-08
   102      27.433612   6.065691E-01   1.127106E+15    2.10010E+35   4.900815968E-08  -5.730137E-01   4.417039523E-08
   103      28.348060   6.065689E-01   1.127106E+15    2.10010E+35   5.407410712E-08  -5.730136E-01   4.873627229E-08
   104      29.292988   6.065688E-01   1.127105E+15    2.10010E+35   5.966371556E-08  -5.730134E-01   5.377411986E-08
   105      30.269414   6.065686E-01   1.127105E+15    2.10009E+35   6.583111462E-08  -5.730132E-01   5.933272467E-08
   106      31.278386   6.065684E-01   1.127105E+15    2.10009E+35   7.263602907E-08  -5.730131E-01   6.546591633E-08
   107      32.320990   6.065682E-01   1.127104E+15    2.10009E+35   8.014435719E-08  -5.730129E-01   7.223308866E-08
   108      33.398347   6.065680E-01   1.127104E+15    2.10009E+35   8.842880880E-08  -5.730127E-01   7.969977475E-08
   109      34.511614   6.065678E-01   1.127103E+15    2.10008E+35   9.756960938E-08  -5.730125E-01   8.793828158E-08
   110      35.661990   6.065675E-01   1.127103E+15    2.10008E+35   1.076552769E-07  -5.730122E-01   9.702839017E-08
   111      36.850709   6.065673E-01   1.127102E+15    2.10008E+35   1.187834787E-07  -5.730120E-01   1.070581281E-07
   112      38.079052   6.065670E-01   1.127102E+15    2.10007E+35   1.310619777E-07  -5.730117E-01   1.181246219E-07
   113      39.348337   6.065667E-01   1.127101E+15    2.10007E+35   1.446096753E-07  -5.730114E-01   1.303350375E-07
   114      40.659931   6.065664E-01   1.127100E+15    2.10007E+35   1.595577628E-07  -5.730111E-01   1.438076179E-07
   115      42.015242   6.065661E-01   1.127099E+15    2.10006E+35   1.760509919E-07  -5.730108E-01   1.586728282E-07
   116      43.415729   6.065657E-01   1.127099E+15    2.10006E+35   1.942490759E-07  -5.730105E-01   1.750746187E-07
   117      44.862896   6.065653E-01   1.127098E+15    2.10005E+35   2.143282363E-07  -5.730101E-01   1.931718187E-07
   118      46.358299   6.065649E-01   1.127097E+15    2.10005E+35   2.364829088E-07  -5.730097E-01   2.131396745E-07
   119      47.903547   6.065645E-01   1.127096E+15    2.10005E+35   2.609276260E-07  -5.730093E-01   2.351715461E-07
   120      49.500300   6.065640E-01   1.127095E+15    2.10004E+35   2.878990942E-07  -5.730089E-01   2.594807793E-07
   121      51.150275   6.065635E-01   1.127094E+15    2.10003E+35   3.176584853E-07  -5.730084E-01   2.863027713E-07
   122      52.855245   6.065630E-01   1.127093E+15    2.10003E+35   3.504939652E-07  -5.730079E-01   3.158972500E-07
   123      54.617043   6.065624E-01   1.127091E+15    2.10002E+35   3.867234834E-07  -5.730073E-01   3.485507881E-07
   124      56.437564   6.065619E-01   1.127090E+15    2.10001E+35   4.266978515E-07  -5.730068E-01   3.845795783E-07
   125      58.318764   6.065612E-01   1.127089E+15    2.10001E+35   4.708041386E-07  -5.730061E-01   4.243324936E-07
   126      60.262665   6.065605E-01   1.127087E+15    2.10000E+35   5.194694190E-07  -5.730055E-01   4.681944655E-07
   127      62.271357   6.065598E-01   1.127085E+15    2.09999E+35   5.731649057E-07  -5.730048E-01   5.165902101E-07
   128      64.346998   6.065590E-01   1.127084E+15    2.09998E+35   6.324105124E-07  -5.730040E-01   5.699883394E-07
   129      66.491820   6.065582E-01   1.127082E+15    2.09997E+35   6.977798851E-07  -5.730032E-01   6.289058983E-07
   130      68.708129   6.065573E-01   1.127080E+15    2.09996E+35   7.699059554E-07  -5.730024E-01   6.939133691E-07
   131      70.998305   6.065563E-01   1.127078E+15    2.09995E+35   8.494870660E-07  -5.730015E-01   7.656401935E-07
   132      73.364811   6.065553E-01   1.127075E+15    2.09994E+35   9.372937301E-07  -5.730005E-01   8.447808661E-07
   133      75.810190   6.065542E-01   1.127073E+15    2.09992E+35   1.034176088E-06  -5.729994E-01   9.321016556E-07
   134      78.337069   6.065531E-01   1.127070E+15    2.09991E+35   1.141072135E-06  -5.729983E-01   1.028448022E-06
   135      80.948165   6.065519E-01   1.127068E+15    2.09990E+35   1.259016797E-06  -5.729971E-01   1.134752799E-06
   136      83.646283   6.065505E-01   1.127065E+15    2.09988E+35   1.389151949E-06  -5.729959E-01   1.252045222E-06
   137      86.434322   6.065491E-01   1.127061E+15    2.09986E+35   1.532737459E-06  -5.729945E-01   1.381460889E-06
   138      89.315278   6.065476E-01   1.127058E+15    2.09985E+35   1.691163384E-06  -5.729931E-01   1.524252750E-06
   139      92.292246   6.065460E-01   1.127055E+15    2.09983E+35   1.865963411E-06  -5.729915E-01   1.681803230E-06
   140      95.368425   6.065443E-01   1.127051E+15    2.09981E+35   2.058829704E-06  -5.729899E-01   1.855637608E-06
   141      98.547120   6.065425E-01   1.127047E+15    2.09979E+35   2.271629266E-06  -5.729881E-01   2.047438772E-06
   142     101.831745   6.065405E-01   1.127042E+15    2.09976E+35   2.506422003E-06  -5.729862E-01   2.259063504E-06
   143     105.225829   6.065384E-01   1.127038E+15    2.09974E+35   2.765480645E-06  -5.729842E-01   2.492560440E-06
   144     108.733018   6.065362E-01   1.127033E+15    2.09971E+35   3.051312730E-06  -5.729821E-01   2.750189892E-06
   145     112.357077   6.065338E-01   1.127027E+15    2.09968E+35   3.366684850E-06  -5.729798E-01   3.034445706E-06
   146     116.101900   6.065313E-01   1.127022E+15    2.09965E+35   3.714649407E-06  -5.729774E-01   3.348079390E-06
   147     119.971508   6.065286E-01   1.127015E+15    2.09962E+35   4.098574122E-06  -5.729748E-01   3.694126719E-06
   148     123.970055   6.065257E-01   1.127009E+15    2.09959E+35   4.522174595E-06  -5.729720E-01   4.075937093E-06
   149     128.101835   6.065226E-01   1.127002E+15    2.09955E+35   4.989550220E-06  -5.729690E-01   4.497205930E-06
   150     132.371284   6.065193E-01   1.126995E+15    2.09951E+35   5.505223811E-06  -5.729658E-01   4.962010386E-06
   151     136.782985   6.065158E-01   1.126987E+15    2.09947E+35   6.074185304E-06  -5.729624E-01   5.474848780E-06
   152     141.341672   6.065120E-01   1.126978E+15    2.09943E+35   6.701939980E-06  -5.729588E-01   6.040684067E-06
   153     146.052239   6.065080E-01   1.126969E+15    2.09938E+35   7.394561646E-06  -5.729549E-01   6.664991815E-06
   154     150.919739   6.065037E-01   1.126960E+15    2.09933E+35   8.158751309E-06  -5.729508E-01   7.353813111E-06
   155     155.949396   6.064991E-01   1.126949E+15    2.09928E+35   9.001901894E-06  -5.729464E-01   8.113812939E-06
   156     161.146605   6.064943E-01   1.126938E+15    2.09922E+35   9.932169628E-06  -5.729417E-01   8.952344563E-06
   157     166.516939   6.064890E-01   1.126927E+15    2.09916E+35   1.095855278E-05  -5.729367E-01   9.877520562E-06
   158     172.066159   6.064835E-01   1.126914E+15    2.09909E+35   1.209097853E-05  -5.729313E-01   1.089829117E-05
   159     177.800214   6.064775E-01   1.126901E+15    2.09902E+35   1.334039873E-05  -5.729256E-01   1.202453071E-05
   160     183.725251   6.064711E-01   1.126887E+15    2.09895E+35   1.471889562E-05  -5.729195E-01   1.326713291E-05
   161     189.847620   6.064644E-01   1.126871E+15    2.09887E+35   1.623979828E-05  -5.729129E-01   1.463811603E-05
   162     196.173881   6.064571E-01   1.126855E+15    2.09878E+35   1.791781126E-05  -5.729060E-01   1.615073887E-05
   163     202.710812   6.064494E-01   1.126838E+15    2.09869E+35   1.976915622E-05  -5.728985E-01   1.781962867E-05
   164     209.465413   6.064411E-01   1.126819E+15    2.09859E+35   2.181172834E-05  -5.728906E-01   1.966092215E-05
   165     216.444916   6.064323E-01   1.126800E+15    2.09849E+35   2.406526866E-05  -5.728821E-01   2.169242115E-05
   166     223.656794   6.064229E-01   1.126779E+15    2.09838E+35   2.655155420E-05  -5.728730E-01   2.393376420E-05
   167     231.108762   6.064128E-01   1.126756E+15    2.09826E+35   2.929460758E-05  -5.728634E-01   2.640661577E-05
   168     238.808792   6.064021E-01   1.126732E+15    2.09813E+35   3.232092820E-05  -5.728530E-01   2.913487492E-05
   169     246.765119   6.063906E-01   1.126706E+15    2.09800E+35   3.565974708E-05  -5.728420E-01   3.214490550E-05
   170     254.986246   6.063784E-01   1.126679E+15    2.09785E+35   3.934330790E-05  -5.728302E-01   3.546578987E-05
   171     263.480959   6.063653E-01   1.126649E+15    2.09770E+35   4.340717682E-05  -5.728177E-01   3.912960873E-05
   172     272.258331   6.063514E-01   1.126618E+15    2.09753E+35   4.789058404E-05  -5.728042E-01   4.317174966E-05
   173     281.327731   6.063365E-01   1.126585E+15    2.09736E+35   5.283680033E-05  -5.727899E-01   4.763124729E-05
   174     290.698837   6.063205E-01   1.126549E+15    2.09717E+35   5.829355214E-05  -5.727746E-01   5.255115835E-05
   175     300.381644   6.063036E-01   1.126511E+15    2.09697E+35   6.431347906E-05  -5.727583E-01   5.797897511E-05
   176     310.386472   6.062854E-01   1.126470E+15    2.09676E+35   7.095463814E-05  -5.727408E-01   6.396708124E-05
   177     320.723979   6.062661E-01   1.126427E+15    2.09653E+35   7.828105960E-05  -5.727222E-01   7.057325418E-05
   178     331.405170   6.062454E-01   1.126381E+15    2.09629E+35   8.636335927E-05  -5.727023E-01   7.786121896E-05
   179     342.441409   6.062233E-01   1.126331E+15    2.09603E+35   9.527941347E-05  -5.726811E-01   8.590125863E-05
   180     353.844428   6.061998E-01   1.126279E+15    2.09575E+35   1.051151026E-04  -5.726584E-01   9.477088690E-05
   181     365.626339   6.061746E-01   1.126222E+15    2.09545E+35   1.159651303E-04  -5.726342E-01   1.045555895E-04
   182     377.799649   6.061477E-01   1.126162E+15    2.09514E+35   1.279339258E-04  -5.726084E-01   1.153496409E-04
   183     390.377267   6.061191E-01   1.126098E+15    2.09480E+35   1.411366383E-04  -5.725808E-01   1.272570045E-04
   184     403.372517   6.060884E-01   1.126029E+15    2.09444E+35   1.557002313E-04  -5.725513E-01   1.403923242E-04
   185     416.799153   6.060558E-01   1.125956E+15    2.09406E+35   1.717646883E-04  -5.725199E-01   1.548820163E-04
   186     430.671372   6.060209E-01   1.125878E+15    2.09365E+35   1.894843405E-04  -5.724864E-01   1.708654730E-04
   187     445.003821   6.059836E-01   1.125794E+15    2.09321E+35   2.090293277E-04  -5.724505E-01   1.884963872E-04
   188     459.811619   6.059438E-01   1.125705E+15    2.09274E+35   2.305872071E-04  -5.724123E-01   2.079442115E-04
   189     475.110362   6.059014E-01   1.125610E+15    2.09224E+35   2.543647237E-04  -5.723715E-01   2.293957649E-04
   190     490.916142   6.058560E-01   1.125508E+15    2.09171E+35   2.805897582E-04  -5.723279E-01   2.530570011E-04
   191     507.245560   6.058077E-01   1.125400E+15    2.09114E+35   3.095134700E-04  -5.722814E-01   2.791549554E-04
   192     524.115739   6.057560E-01   1.125284E+15    2.09053E+35   3.414126548E-04  -5.722317E-01   3.079398867E-04
   193     541.544338   6.057009E-01   1.125161E+15    2.08989E+35   3.765923365E-04  -5.721787E-01   3.396876354E-04
   194     559.549567   6.056420E-01   1.125029E+15    2.08920E+35   4.153886178E-04  -5.721221E-01   3.747022161E-04
   195     578.150204   6.055792E-01   1.124888E+15    2.08846E+35   4.581718125E-04  -5.720617E-01   4.133186703E-04
   196     597.365603   6.055121E-01   1.124738E+15    2.08767E+35   5.053498884E-04  -5.719973E-01   4.559062032E-04
   197     617.215718   6.054405E-01   1.124577E+15    2.08683E+35   5.573722490E-04  -5.719285E-01   5.028716320E-04
   198     637.721108   6.053641E-01   1.124406E+15    2.08593E+35   6.147338874E-04  -5.718550E-01   5.546631761E-04
   199     658.902959   6.052825E-01   1.124223E+15    2.08498E+35   6.779799458E-04  -5.717767E-01   6.117746226E-04
   200     680.783095   6.051954E-01   1.124028E+15    2.08396E+35   7.477107207E-04  -5.716930E-01   6.747499010E-04
   201     703.383994   6.051025E-01   1.123820E+15    2.08287E+35   8.245871533E-04  -5.716038E-01   7.441881082E-04
   202     726.728801   6.050033E-01   1.123598E+15    2.08171E+35   9.093368511E-04  -5.715085E-01   8.207490245E-04
   203     750.841344   6.048975E-01   1.123361E+15    2.08047E+35   1.002760689E-03  -5.714069E-01   9.051591674E-04
   204     775.746143   6.047845E-01   1.123108E+15    2.07915E+35   1.105740039E-03  -5.712984E-01   9.982184324E-04
   205     801.468431   6.046639E-01   1.122838E+15    2.07774E+35   1.219244696E-03  -5.711827E-01   1.100807376E-03
   206     828.034158   6.045353E-01   1.122550E+15    2.07623E+35   1.344341540E-03  -5.710592E-01   1.213895198E-03
   207     855.470010   6.043980E-01   1.122242E+15    2.07463E+35   1.482204028E-03  -5.709275E-01   1.338548486E-03
   208     883.803415   6.042515E-01   1.121914E+15    2.07292E+35   1.634122556E-03  -5.707870E-01   1.475940796E-03
   209     913.062557   6.040952E-01   1.121564E+15    2.07109E+35   1.801515791E-03  -5.706370E-01   1.627363130E-03
   210     943.276382   6.039284E-01   1.121191E+15    2.06915E+35   1.985943037E-03  -5.704771E-01   1.794235405E-03
   211     974.474609   6.037505E-01   1.120792E+15    2.06707E+35   2.189117730E-03  -5.703065E-01   1.978118983E-03
   212    1006.687733   6.035607E-01   1.120367E+15    2.06486E+35   2.412922148E-03  -5.701246E-01   2.180730369E-03
   213    1039.947034   6.033582E-01   1.119914E+15    2.06251E+35   2.659423426E-03  -5.699306E-01   2.403956156E-03
   214    1074.284575   6.031422E-01   1.119430E+15    2.05999E+35   2.930890988E-03  -5.697236E-01   2.649869327E-03
   215    1109.733207   6.029118E-01   1.118915E+15    2.05732E+35   3.229815497E-03  -5.695030E-01   2.920747035E-03
   216    1146.326565   6.026661E-01   1.118365E+15    2.05447E+35   3.558929416E-03  -5.692677E-01   3.219089947E-03
   217    1184.099064   6.024040E-01   1.117778E+15    2.05143E+35   3.921229325E-03  -5.690169E-01   3.547643304E-03
   218    1223.085892   6.021246E-01   1.117153E+15    2.04819E+35   4.320000074E-03  -5.687496E-01   3.909419801E-03
   219    1263.323000   6.018266E-01   1.116486E+15    2.04474E+35   4.758840912E-03  -5.684646E-01   4.307724421E-03
   220    1304.847084   6.015088E-01   1.115775E+15    2.04107E+35   5.241693705E-03  -5.681609E-01   4.746181372E-03
   221    1347.695571   6.011701E-01   1.115017E+15    2.03716E+35   5.772873350E-03  -5.678372E-01   5.228763245E-03
   222    1391.906595   6.008091E-01   1.114209E+15    2.03300E+35   6.357100508E-03  -5.674924E-01   5.759822543E-03
   223    1437.518962   6.004242E-01   1.113349E+15    2.02857E+35   6.999536754E-03  -5.671251E-01   6.344125727E-03
   224    1484.572128   6.000141E-01   1.112431E+15    2.02386E+35   7.705822251E-03  -5.667338E-01   6.986889897E-03
   225    1533.106145   5.995778E-01   1.111465E+15    2.01885E+35   8.482119875E-03  -5.663171E-01   7.693822709E-03
   226    1583.161145   5.991129E-01   1.110437E+15    2.01352E+35   9.335147657E-03  -5.658734E-01   8.471156793E-03
   227    1634.778189   5.986178E-01   1.109341E+15    2.00785E+35   1.027223382E-02  -5.654010E-01   9.325707626E-03
   228    1687.998788   5.980903E-01   1.108174E+15    2.00182E+35   1.130136267E-02  -5.648982E-01   1.026491691E-02
   229    1742.864816   5.975286E-01   1.106932E+15    1.99542E+35   1.243122549E-02  -5.643632E-01   1.129690400E-02
   230    1799.418430   5.969305E-01   1.105609E+15    1.98862E+35   1.367127430E-02  -5.637940E-01   1.243052076E-02
   231    1857.701974   5.962938E-01   1.104201E+15    1.98140E+35   1.503177817E-02  -5.631885E-01   1.367540970E-02
   232    1917.757882   5.956161E-01   1.102703E+15    1.97373E+35   1.652388186E-02  -5.625447E-01   1.504206531E-02
   233    1979.628556   5.948949E-01   1.101109E+15    1.96560E+35   1.815966665E-02  -5.618603E-01   1.654189854E-02
   234    2043.356246   5.941276E-01   1.099413E+15    1.95697E+35   1.995221287E-02  -5.611328E-01   1.818730424E-02
   235    2108.982904   5.933114E-01   1.097610E+15    1.94782E+35   2.191566385E-02  -5.603599E-01   1.999173141E-02
   236    2176.550031   5.924435E-01   1.095694E+15    1.93812E+35   2.406529060E-02  -5.595391E-01   2.196975589E-02
   237    2246.098501   5.915209E-01   1.093656E+15    1.92785E+35   2.641755670E-02  -5.586675E-01   2.413715506E-02
   238    2317.668376   5.905402E-01   1.091492E+15    1.91697E+35   2.899018241E-02  -5.577424E-01   2.651098407E-02
   239    2391.298704   5.894983E-01   1.089195E+15    1.90546E+35   3.180220779E-02  -5.567609E-01   2.910965291E-02
   240    2467.027186   5.883917E-01   1.086757E+15    1.89330E+35   3.487405425E-02  -5.557201E-01   3.195299986E-02
   241    2544.890025   5.872166E-01   1.084169E+15    1.88044E+35   3.822757093E-02  -5.546167E-01   3.506236904E-02
   242    2624.921785   5.859694E-01   1.081424E+15    1.86685E+35   4.188609363E-02  -5.534477E-01   3.846068938E-02
   243    2707.155001   5.846461E-01   1.078512E+15    1.85252E+35   4.587448361E-02  -5.522096E-01   4.217254104E-02
   244    2791.619880   5.832425E-01   1.075426E+15    1.83740E+35   5.021915969E-02  -5.508991E-01   4.622422005E-02
   245    2878.343978   5.817546E-01   1.072155E+15    1.82146E+35   5.494811836E-02  -5.495128E-01   5.064379565E-02
   246    2967.351860   5.801778E-01   1.068691E+15    1.80469E+35   6.009093942E-02  -5.480471E-01   5.546115814E-02
   247    3058.664735   5.785078E-01   1.065058E+15    1.78703E+35   6.567885718E-02  -5.464985E-01   6.070805492E-02
   248    3152.297207   5.767398E-01   1.061218E+15    1.76848E+35   7.174451608E-02  -5.448632E-01   6.641793129E-02
   249    3248.262071   5.748692E-01   1.057158E+15    1.74900E+35   7.832207456E-02  -5.431379E-01   7.262622460E-02
   250    3346.567885   5.728910E-01   1.052866E+15    1.72856E+35   8.544710765E-02  -5.413187E-01   7.937024496E-02
   251    3447.218193   5.708003E-01   1.048334E+15    1.70715E+35   9.315647638E-02  -5.394020E-01   8.668911175E-02
   252    3550.211086   5.685935E-01   1.043558E+15    1.68473E+35   1.014881984E-01  -5.373845E-01   9.462368621E-02
   253    3655.538009   5.662649E-01   1.038524E+15    1.66130E+35   1.104812424E-01  -5.352624E-01   1.032164182E-01
   254    3763.184293   5.638088E-01   1.033219E+15    1.63683E+35   1.201752586E-01  -5.330326E-01   1.125112338E-01
   255    3873.128832   5.612200E-01   1.027631E+15    1.61132E+35   1.306103780E-01  -5.306916E-01   1.225533852E-01
   256    3985.343216   5.584949E-01   1.021790E+15    1.58476E+35   1.418269650E-01  -5.282366E-01   1.333891970E-01
   257    4099.787114   5.556284E-01   1.015681E+15    1.55714E+35   1.538653025E-01  -5.256648E-01   1.450653866E-01
   258    4216.412447   5.526141E-01   1.009262E+15    1.52846E+35   1.667645120E-01  -5.229736E-01   1.576290374E-01
   259    4335.165799   5.494474E-01   1.002527E+15    1.49874E+35   1.805628713E-01  -5.201608E-01   1.711275736E-01
   260    4455.984411   5.461236E-01   9.954783E+14    1.46799E+35   1.952971228E-01  -5.172246E-01   1.856079661E-01
   261    4578.794911   5.426380E-01   9.880939E+14    1.43622E+35   2.110016152E-01  -5.141635E-01   2.011160863E-01
   262    4703.515684   5.389866E-01   9.803811E+14    1.40346E+35   2.277080269E-01  -5.109764E-01   2.176964560E-01
   263    4830.053327   5.351653E-01   9.723591E+14    1.36975E+35   2.454449772E-01  -5.076629E-01   2.353911929E-01
   264    4958.301057   5.311705E-01   9.639826E+14    1.33513E+35   2.642361507E-01  -5.042232E-01   2.542390452E-01
   265    5088.146668   5.270027E-01   9.552864E+14    1.29964E+35   2.841011163E-01  -5.006578E-01   2.742758556E-01
   266    5219.462436   5.226570E-01   9.462435E+14    1.26334E+35   3.050536782E-01  -4.969682E-01   2.955323382E-01
   267    5352.113360   5.181301E-01   9.368581E+14    1.22629E+35   3.271012309E-01  -4.931565E-01   3.180342807E-01
   268    5485.953349   5.134202E-01   9.271394E+14    1.18857E+35   3.502450207E-01  -4.892254E-01   3.418012069E-01
   269    5620.825002   5.085242E-01   9.170670E+14    1.15025E+35   3.744778013E-01  -4.851785E-01   3.668453875E-01
   270    5756.564235   5.034388E-01   9.066596E+14    1.11143E+35   3.997852515E-01  -4.810201E-01   3.931715842E-01
   271    5892.995613   4.981713E-01   8.959138E+14    1.07218E+35   4.261436913E-01  -4.767555E-01   4.207756817E-01
   272    6029.936253   4.927248E-01   8.848560E+14    1.03260E+35   4.535217629E-01  -4.723906E-01   4.496447668E-01
   273    6167.192562   4.870937E-01   8.734714E+14    9.92812E+34   4.818773964E-01  -4.679322E-01   4.797550842E-01
   274    6304.567384   4.812807E-01   8.617664E+14    9.52907E+34   5.111604849E-01  -4.633879E-01   5.110726342E-01
   275    6441.858204   4.752904E-01   8.497741E+14    9.12998E+34   5.413112238E-01  -4.587660E-01   5.435528295E-01
   276    6578.854438   4.691281E-01   8.374791E+14    8.73198E+34   5.722605462E-01  -4.540758E-01   5.771390564E-01
   277    6715.346374   4.627964E-01   8.249204E+14    8.33619E+34   6.039314498E-01  -4.493269E-01   6.117644134E-01
   278    6851.118325   4.563003E-01   8.120936E+14    7.94376E+34   6.362375884E-01  -4.445298E-01   6.473498830E-01
   279    6985.957128   4.496471E-01   7.990094E+14    7.55579E+34   6.690863627E-01  -4.396953E-01   6.838061707E-01
   280    7119.651451   4.428406E-01   7.856989E+14    7.17338E+34   7.023782473E-01  -4.348348E-01   7.210341822E-01
   281    7251.990300   4.358899E-01   7.721672E+14    6.79757E+34   7.360076480E-01  -4.299599E-01   7.589248253E-01
   282    7382.768963   4.288039E-01   7.584330E+14    6.42937E+34   7.698655814E-01  -4.250824E-01   7.973609311E-01
   283    7511.788426   4.215880E-01   7.445273E+14    6.06970E+34   8.038398236E-01  -4.202145E-01   8.362182998E-01
   284    7638.855053   4.142493E-01   7.304526E+14    5.71945E+34   8.378156986E-01  -4.153680E-01   8.753663502E-01
   285    7763.786825   4.068012E-01   7.162286E+14    5.37939E+34   8.716787602E-01  -4.105548E-01   9.146710532E-01
   286    7886.411916   3.992540E-01   7.018789E+14    5.05022E+34   9.053159442E-01  -4.057864E-01   9.539957372E-01
   287    8006.569343   3.916095E-01   6.874295E+14    4.73255E+34   9.386165322E-01  -4.010739E-01   9.932028855E-01
   288    8124.109646   3.838787E-01   6.728778E+14    4.42688E+34   9.714730746E-01  -3.964283E-01   1.032155499E+00
   289    8238.900630   3.760762E-01   6.582563E+14    4.13363E+34   1.003783936E+00  -3.918593E-01   1.070720665E+00
   290    8350.822294   3.682118E-01   6.435852E+14    3.85311E+34   1.035453696E+00  -3.873765E-01   1.108768690E+00
   291    8459.769320   3.602923E-01   6.288726E+14    3.58552E+34   1.066393506E+00  -3.829885E-01   1.146176265E+00
   292    8565.653500   3.523166E-01   6.141283E+14    3.33099E+34   1.096523004E+00  -3.787031E-01   1.182828000E+00
   293    8668.403516   3.443070E-01   5.993826E+14    3.08953E+34   1.125771093E+00  -3.745271E-01   1.218617908E+00
   294    8767.961398   3.362723E-01   5.846488E+14    2.86108E+34   1.154075409E+00  -3.704666E-01   1.253449288E+00
   295    8864.285093   3.282219E-01   5.699401E+14    2.64552E+34   1.181382484E+00  -3.665266E-01   1.287235402E+00
   296    8957.348150   3.201639E-01   5.552682E+14    2.44261E+34   1.207648857E+00  -3.627112E-01   1.319901890E+00
   297    9047.139268   3.036561E-01   5.252553E+14    2.25650E+34   1.232234665E+00  -3.590246E-01   1.350663309E+00
   298    9136.272650   2.959495E-01   5.113197E+14    2.07777E+34   1.256361204E+00  -3.553633E-01   1.380994877E+00
   299    9222.067907   2.882808E-01   4.975005E+14    1.91074E+34   1.279399213E+00  -3.518390E-01   1.410083567E+00
   300    9304.544577   2.806514E-01   4.837991E+14    1.75498E+34   1.301338437E+00  -3.484525E-01   1.437898118E+00
   301    9383.735353   2.730571E-01   4.702136E+14    1.61003E+34   1.322176952E+00  -3.452035E-01   1.464418584E+00
   302    9459.685424   2.655247E-01   4.567812E+14    1.47539E+34   1.341920893E+00  -3.420912E-01   1.489636249E+00
   303    9532.445068   2.580641E-01   4.435140E+14    1.35056E+34   1.360581677E+00  -3.391143E-01   1.513549998E+00
   304    9602.072981   2.506778E-01   4.304117E+14    1.23505E+34   1.378176782E+00  -3.362707E-01   1.536168298E+00
   305    9668.637075   2.433569E-01   4.174692E+14    1.12834E+34   1.394729643E+00  -3.335581E-01   1.557508353E+00
   306    9732.213840   2.361352E-01   4.047355E+14    1.02991E+34   1.410269056E+00  -3.309734E-01   1.577595426E+00
   307    9792.878964   2.290219E-01   3.922225E+14    9.39262E+33   1.424825884E+00  -3.285135E-01   1.596458385E+00
   308    9850.712546   2.220033E-01   3.799042E+14    8.55905E+33   1.438434430E+00  -3.261750E-01   1.614132379E+00
   309    9905.803473   2.150972E-01   3.678126E+14    7.79353E+33   1.451132864E+00  -3.239540E-01   1.630658650E+00
   310    9958.239603   2.017486E-01   3.444920E+14    7.09515E+33   1.462895506E+00  -3.218467E-01   1.645997752E+00
   311   10009.763210   1.785343E-01   3.040328E+14    6.48714E+33   1.473275478E+00  -3.197838E-01   1.659580793E+00
   312   10063.653693   1.728585E-01   2.941732E+14    5.89574E+33   1.483534509E+00  -3.176364E-01   1.673033661E+00
   313   10114.896781   1.673254E-01   2.845757E+14    5.35515E+33   1.493071424E+00  -3.156047E-01   1.685554878E+00
   314   10163.579148   1.619344E-01   2.752389E+14    4.86151E+33   1.501922367E+00  -3.136843E-01   1.697188137E+00
   315   10209.789099   1.566752E-01   2.661494E+14    4.41113E+33   1.510123576E+00  -3.118703E-01   1.707978113E+00
   316   10253.617916   1.515540E-01   2.573111E+14    4.00059E+33   1.517711174E+00  -3.101581E-01   1.717969405E+00
   317   10295.156398   1.465505E-01   2.486951E+14    3.62667E+33   1.524720765E+00  -3.085432E-01   1.727206734E+00
   318   10334.499533   1.416804E-01   2.403192E+14    3.28636E+33   1.531187436E+00  -3.070208E-01   1.735734217E+00
   319   10371.738536   1.369216E-01   2.321457E+14    2.97685E+33   1.537145343E+00  -3.055863E-01   1.743595465E+00
   320   10406.968910   1.322894E-01   2.241973E+14    2.69556E+33   1.542627523E+00  -3.042353E-01   1.750832726E+00
   321   10440.280936   1.277984E-01   2.164974E+14    2.44004E+33   1.547666515E+00  -3.029634E-01   1.757488026E+00
   322   10471.758991   1.234459E-01   2.090410E+14    2.20806E+33   1.552292974E+00  -3.017666E-01   1.763600951E+00
   323   10501.485940   1.192191E-01   2.018041E+14    1.99757E+33   1.556536059E+00  -3.006410E-01   1.769209404E+00
   324   10529.545545   1.150817E-01   1.947277E+14    1.80671E+33   1.560422846E+00  -2.995828E-01   1.774348588E+00
   325   10556.027220   1.110784E-01   1.878833E+14    1.63369E+33   1.563980671E+00  -2.985879E-01   1.779054198E+00
   326   10581.006918   1.071104E-01   1.811119E+14    1.47696E+33   1.567233442E+00  -2.976529E-01   1.783357446E+00
   327   10604.578893   1.032422E-01   1.745164E+14    1.33502E+33   1.570204991E+00  -2.967738E-01   1.787289419E+00
   328   10626.819999   9.948264E-02   1.681091E+14    1.20650E+33   1.572918164E+00  -2.959472E-01   1.790880138E+00
   329   10647.801505   9.570641E-02   1.616807E+14    1.09026E+33   1.575391624E+00  -2.951700E-01   1.794154102E+00
   330   10667.618433   9.206791E-02   1.554885E+14    9.85065E+32   1.577647020E+00  -2.944383E-01   1.797139817E+00
   331   10686.328541   8.788160E-02   1.483596E+14    8.90007E+32   1.579699598E+00  -2.937496E-01   1.799857415E+00
   332   10704.127728   8.300064E-02   1.400440E+14    8.04689E+32   1.581554333E+00  -2.930964E-01   1.802313849E+00
   333   10721.250691   7.838564E-02   1.321857E+14    7.27465E+32   1.583244044E+00  -2.924699E-01   1.804552488E+00
   334   10737.719942   7.402279E-02   1.247609E+14    6.57583E+32   1.584782822E+00  -2.918691E-01   1.806591828E+00
   335   10753.557483   6.989893E-02   1.177465E+14    5.94356E+32   1.586183631E+00  -2.912929E-01   1.808448906E+00
   336   10768.784798   6.600148E-02   1.111209E+14    5.37160E+32   1.587458391E+00  -2.907406E-01   1.810139400E+00
   337   10783.422854   6.231846E-02   1.048631E+14    4.85429E+32   1.588618051E+00  -2.902111E-01   1.811677721E+00
   338   10797.492090   5.883846E-02   9.895358E+13    4.38647E+32   1.589672663E+00  -2.897035E-01   1.813077107E+00
   339   10811.012419   5.555063E-02   9.337338E+13    3.96347E+32   1.590631445E+00  -2.892171E-01   1.814349707E+00
   340   10824.003228   5.244465E-02   8.810469E+13    3.58103E+32   1.591502846E+00  -2.887509E-01   1.815506664E+00
   341   10836.483377   4.951071E-02   8.313055E+13    3.23530E+32   1.592294605E+00  -2.883042E-01   1.816558185E+00
   342   10848.471200   4.673950E-02   7.843485E+13    2.92280E+32   1.593013805E+00  -2.878761E-01   1.817513620E+00
   343   10859.984510   4.412219E-02   7.400234E+13    2.64035E+32   1.593666925E+00  -2.874660E-01   1.818381525E+00
   344   10871.040604   4.165040E-02   6.981854E+13    2.38510E+32   1.594259890E+00  -2.870731E-01   1.819169723E+00
   345   10881.656265   3.931616E-02   6.586974E+13    2.15443E+32   1.594798111E+00  -2.866967E-01   1.819885366E+00
   346   10891.847768   3.711196E-02   6.214294E+13    1.94600E+32   1.595286530E+00  -2.863361E-01   1.820534986E+00
   347   10901.630890   3.503065E-02   5.862585E+13    1.75767E+32   1.595729660E+00  -2.859907E-01   1.821124549E+00
   348   10911.020913   3.306547E-02   5.530681E+13    1.58752E+32   1.596131615E+00  -2.856599E-01   1.821659497E+00
   349   10920.032636   3.121003E-02   5.217481E+13    1.43379E+32   1.596496148E+00  -2.853431E-01   1.822144794E+00
   350   10928.680378   2.945826E-02   4.921943E+13    1.29492E+32   1.596826681E+00  -2.850396E-01   1.822584967E+00
   351   10936.977993   2.780443E-02   4.643081E+13    1.16947E+32   1.597126328E+00  -2.847489E-01   1.822984140E+00
   352   10944.938875   2.624311E-02   4.379962E+13    1.05615E+32   1.597397930E+00  -2.844706E-01   1.823346071E+00
   353   10952.575969   2.476918E-02   4.131704E+13    9.53796E+31   1.597644068E+00  -2.842040E-01   1.823674180E+00
   354   10959.901781   2.337778E-02   3.897476E+13    8.61341E+31   1.597867095E+00  -2.839488E-01   1.823971584E+00
   355   10966.928389   2.186033E-02   3.644059E+13    7.78122E+31   1.598068452E+00  -2.837043E-01   1.824240139E+00
   356   10973.729789   2.038418E-02   3.398035E+13    7.03103E+31   1.598250498E+00  -2.834681E-01   1.824482894E+00
   357   10980.331887   1.900754E-02   3.168593E+13    6.35308E+31   1.598415479E+00  -2.832391E-01   1.824702848E+00
   358   10986.740181   1.771142E-02   2.952446E+13    5.74050E+31   1.598564963E+00  -2.830172E-01   1.824902102E+00
   359   10992.964680   1.648884E-02   2.748416E+13    5.18733E+31   1.598700313E+00  -2.828020E-01   1.825082496E+00
   360   10999.016540   1.535053E-02   2.558467E+13    4.68741E+31   1.598822952E+00  -2.825931E-01   1.825245931E+00
   361   11004.900279   1.425444E-02   2.375639E+13    4.23609E+31   1.598933950E+00  -2.823902E-01   1.825393839E+00
   362   11010.635328   1.322781E-02   2.204421E+13    3.82842E+31   1.599034461E+00  -2.821927E-01   1.825527756E+00
   363   11016.229203   1.227505E-02   2.045532E+13    3.45996E+31   1.599125525E+00  -2.820004E-01   1.825649073E+00
   364   11021.685174   1.138230E-02   1.896814E+13    3.12702E+31   1.599208006E+00  -2.818130E-01   1.825758937E+00
   365   11027.010147   1.055145E-02   1.758456E+13    2.82616E+31   1.599282709E+00  -2.816304E-01   1.825858422E+00
   366   11032.208511   9.781194E-03   1.630183E+13    2.55423E+31   1.599350382E+00  -2.814523E-01   1.825948523E+00
   367   11037.283109   9.054405E-03   1.509068E+13    2.30861E+31   1.599411644E+00  -2.812787E-01   1.826030073E+00
   368   11042.244237   8.379215E-03   1.396536E+13    2.08665E+31   1.599467122E+00  -2.811091E-01   1.826103912E+00
   369   11047.095835   7.751592E-03   1.291932E+13    1.88603E+31   1.599517372E+00  -2.809435E-01   1.826170781E+00
   370   11051.841898   7.163323E-03   1.193887E+13    1.70481E+31   1.599562856E+00  -2.807817E-01   1.826231300E+00
   371   11056.489850   6.619677E-03   1.103280E+13    1.54100E+31   1.599604055E+00  -2.806235E-01   1.826286109E+00
   372   11061.041604   6.108172E-03   1.018045E+13    1.39303E+31   1.599641344E+00  -2.804686E-01   1.826335708E+00
   373   11065.505925   5.635432E-03   9.392693E+12    1.25927E+31   1.599675115E+00  -2.803169E-01   1.826380622E+00
   374   11069.885015   5.027647E-03   8.379724E+12    1.14021E+31   1.599705233E+00  -2.801683E-01   1.826420670E+00
   375   11074.334080   4.606426E-03   7.677554E+12    1.03110E+31   1.599732884E+00  -2.800175E-01   1.826457433E+00
   376   11078.730299   4.220487E-03   7.034208E+12    9.32436E+30   1.599757937E+00  -2.798686E-01   1.826490737E+00
   377   11083.074239   3.861812E-03   6.436354E+12    8.43228E+30   1.599780630E+00  -2.797216E-01   1.826520901E+00
   378   11087.372159   3.526014E-03   5.876690E+12    7.62675E+30   1.599801160E+00  -2.795763E-01   1.826548185E+00
   379   11091.634286   3.219410E-03   5.365683E+12    6.89816E+30   1.599819763E+00  -2.794324E-01   1.826572905E+00
   380   11095.860879   2.929843E-03   4.883418E+12    6.24020E+30   1.599836593E+00  -2.792899E-01   1.826595265E+00
   381   11100.066338   2.666128E-03   4.444185E+12    5.64502E+30   1.599851844E+00  -2.791482E-01   1.826615524E+00
   382   11104.251061   2.362943E-03   3.938733E+12    5.11309E+30   1.599865499E+00  -2.790073E-01   1.826633658E+00
   383   11108.532160   2.087847E-03   3.480081E+12    4.63258E+30   1.599877856E+00  -2.788634E-01   1.826650067E+00
   384   11112.926605   1.731970E-03   2.886281E+12    4.22129E+30   1.599888450E+00  -2.787158E-01   1.826664137E+00
   385   11117.759244   1.540640E-03   2.567399E+12    3.82326E+30   1.599898723E+00  -2.785537E-01   1.826677777E+00
   386   11122.685569   1.364433E-03   2.273558E+12    3.46337E+30   1.599908030E+00  -2.783886E-01   1.826690135E+00
   387   11127.730854   1.206383E-03   2.009978E+12    3.13780E+30   1.599916468E+00  -2.782197E-01   1.826701336E+00
   388   11132.907502   1.060833E-03   1.767632E+12    2.84363E+30   1.599924107E+00  -2.780467E-01   1.826711477E+00
   389   11138.248551   9.303735E-04   1.550444E+12    2.57720E+30   1.599931042E+00  -2.778684E-01   1.826720680E+00
   390   11143.774184   8.137354E-04   1.356226E+12    2.33618E+30   1.599937329E+00  -2.776842E-01   1.826729021E+00
   391   11149.507757   7.100662E-04   1.183444E+12    2.11801E+30   1.599943033E+00  -2.774933E-01   1.826736586E+00
   392   11155.472760   6.176036E-04   1.029341E+12    1.92055E+30   1.599948208E+00  -2.772950E-01   1.826743449E+00
   393   11161.700033   5.292705E-04   8.821744E+11    1.74206E+30   1.599952898E+00  -2.770882E-01   1.826749667E+00
   394   11168.300115   4.400860E-04   7.334641E+11    1.58863E+30   1.599956940E+00  -2.768695E-01   1.826755023E+00
   395   11175.549404   4.037289E-04   6.728533E+11    1.43655E+30   1.599960957E+00  -2.766296E-01   1.826760347E+00
   396   11182.708176   3.703750E-04   6.172505E+11    1.29903E+30   1.599964601E+00  -2.763932E-01   1.826765176E+00
   397   11189.777390   3.397762E-04   5.662418E+11    1.17467E+30   1.599967906E+00  -2.761601E-01   1.826769554E+00
   398   11196.757997   3.117049E-04   5.194477E+11    1.06221E+30   1.599970904E+00  -2.759303E-01   1.826773525E+00
   399   11203.650943   2.860181E-04   4.766338E+11    9.60517E+29   1.599973623E+00  -2.757038E-01   1.826777125E+00
   400   11210.455523   2.629141E-04   4.381577E+11    8.68466E+29   1.599976092E+00  -2.754806E-01   1.826780393E+00
   401   11217.159618   2.416762E-04   4.027871E+11    7.85235E+29   1.599978330E+00  -2.752610E-01   1.826783356E+00
   402   11223.764534   2.221536E-04   3.702714E+11    7.09979E+29   1.599980360E+00  -2.750451E-01   1.826786041E+00
   403   11230.271567   2.042077E-04   3.403801E+11    6.41935E+29   1.599982200E+00  -2.748327E-01   1.826788475E+00
   404   11236.682002   1.877114E-04   3.129016E+11    5.80412E+29   1.599983869E+00  -2.746237E-01   1.826790682E+00
   405   11242.997110   1.725474E-04   2.876410E+11    5.24784E+29   1.599985382E+00  -2.744182E-01   1.826792682E+00
   406   11249.218153   1.587729E-04   2.646805E+11    4.74475E+29   1.599986754E+00  -2.742160E-01   1.826794495E+00
   407   11255.340193   1.462071E-04   2.437253E+11    4.28961E+29   1.599987998E+00  -2.740174E-01   1.826796139E+00
   408   11261.359999   1.346356E-04   2.244289E+11    3.87812E+29   1.599989126E+00  -2.738224E-01   1.826797629E+00
   409   11267.279118   1.239798E-04   2.066600E+11    3.50610E+29   1.599990148E+00  -2.736309E-01   1.826798980E+00
   410   11273.099082   1.141672E-04   1.902978E+11    3.16977E+29   1.599991075E+00  -2.734429E-01   1.826800204E+00
   411   11278.821402   1.051312E-04   1.752308E+11    2.86569E+29   1.599991914E+00  -2.732582E-01   1.826801313E+00
   412   11284.447573   9.681022E-05   1.613566E+11    2.59078E+29   1.599992675E+00  -2.730770E-01   1.826802318E+00
   413   11289.979073   8.914774E-05   1.485807E+11    2.34224E+29   1.599993365E+00  -2.728990E-01   1.826803228E+00
   414   11295.417359   8.218534E-05   1.369766E+11    2.11744E+29   1.599993990E+00  -2.727243E-01   1.826804053E+00
   415   11300.757375   7.579489E-05   1.263271E+11    1.91414E+29   1.599994557E+00  -2.725529E-01   1.826804801E+00
   416   11305.998572   6.990127E-05   1.165054E+11    1.73037E+29   1.599995071E+00  -2.723850E-01   1.826805479E+00
   417   11311.142647   6.446586E-05   1.074473E+11    1.56423E+29   1.599995536E+00  -2.722203E-01   1.826806093E+00
   418   11316.191272   5.945303E-05   9.909326E+10    1.41404E+29   1.599995957E+00  -2.720589E-01   1.826806649E+00
   419   11321.146097   5.482994E-05   9.138868E+10    1.27828E+29   1.599996339E+00  -2.719007E-01   1.826807152E+00
   420   11326.008746   5.056630E-05   8.428306E+10    1.15554E+29   1.599996685E+00  -2.717456E-01   1.826807608E+00
   421   11330.780821   4.663416E-05   7.772984E+10    1.04459E+29   1.599996998E+00  -2.715936E-01   1.826808021E+00
   422   11335.463899   4.300775E-05   7.168607E+10    9.44293E+28   1.599997282E+00  -2.714446E-01   1.826808395E+00
   423   11340.059536   3.966637E-05   6.611720E+10    8.53623E+28   1.599997539E+00  -2.712985E-01   1.826808734E+00
   424   11344.568914   3.663506E-05   6.106336E+10    7.71600E+28   1.599997772E+00  -2.711554E-01   1.826809041E+00
   425   11348.987260   3.383537E-05   5.639577E+10    6.97458E+28   1.599997983E+00  -2.710152E-01   1.826809319E+00
   426   11353.316309   3.124960E-05   5.208492E+10    6.30440E+28   1.599998174E+00  -2.708781E-01   1.826809571E+00
   427   11357.557771   2.886142E-05   4.810354E+10    5.69860E+28   1.599998347E+00  -2.707438E-01   1.826809799E+00
   428   11361.713323   2.665572E-05   4.442646E+10    5.15102E+28   1.599998504E+00  -2.706125E-01   1.826810005E+00
   429   11365.784617   2.461857E-05   4.103042E+10    4.65604E+28   1.599998646E+00  -2.704839E-01   1.826810192E+00
   430   11369.773275   2.273709E-05   3.789395E+10    4.20862E+28   1.599998774E+00  -2.703580E-01   1.826810361E+00
   431   11373.680892   2.099939E-05   3.499721E+10    3.80420E+28   1.599998890E+00  -2.702348E-01   1.826810514E+00
   432   11377.509036   1.939447E-05   3.232189E+10    3.43863E+28   1.599998996E+00  -2.701142E-01   1.826810653E+00
   433   11381.259247   1.791220E-05   2.985105E+10    3.10819E+28   1.599999091E+00  -2.699962E-01   1.826810778E+00
   434   11384.933040   1.654321E-05   2.756907E+10    2.80950E+28   1.599999177E+00  -2.698807E-01   1.826810892E+00
   435   11388.531900   1.527883E-05   2.546152E+10    2.53951E+28   1.599999255E+00  -2.697676E-01   1.826810995E+00
   436   11392.057291   1.411739E-05   2.352574E+10    2.29545E+28   1.599999326E+00  -2.696570E-01   1.826811088E+00
   437   11395.509055   1.305589E-05   2.175684E+10    2.07471E+28   1.599999390E+00  -2.695487E-01   1.826811172E+00
   438   11398.885391   1.207419E-05   2.012092E+10    1.87519E+28   1.599999448E+00  -2.694429E-01   1.826811249E+00
   439   11402.187882   1.116631E-05   1.860800E+10    1.69486E+28   1.599999501E+00  -2.693395E-01   1.826811318E+00
   440   11405.418084   1.032668E-05   1.720883E+10    1.53187E+28   1.599999548E+00  -2.692385E-01   1.826811380E+00
   441   11408.577522   9.550177E-06   1.591485E+10    1.38455E+28   1.599999591E+00  -2.691397E-01   1.826811437E+00
   442   11411.667691   8.832058E-06   1.471816E+10    1.25140E+28   1.599999630E+00  -2.690432E-01   1.826811488E+00
   443   11414.690056   8.167932E-06   1.361144E+10    1.13105E+28   1.599999665E+00  -2.689488E-01   1.826811534E+00
   444   11417.646054   7.553740E-06   1.258794E+10    1.02228E+28   1.599999697E+00  -2.688566E-01   1.826811576E+00
   445   11420.537095   6.985728E-06   1.164139E+10    9.23965E+27   1.599999726E+00  -2.687665E-01   1.826811614E+00
   446   11423.364560   6.460424E-06   1.076600E+10    8.35105E+27   1.599999752E+00  -2.686784E-01   1.826811648E+00
   447   11426.129803   5.974618E-06   9.956440E+09    7.54791E+27   1.599999776E+00  -2.685923E-01   1.826811679E+00
   448   11428.834151   5.525340E-06   9.207747E+09    6.82200E+27   1.599999797E+00  -2.685082E-01   1.826811708E+00
   449   11431.478903   5.109843E-06   8.515349E+09    6.16590E+27   1.599999817E+00  -2.684260E-01   1.826811733E+00
   450   11434.065336   4.725589E-06   7.875012E+09    5.57289E+27   1.599999834E+00  -2.683456E-01   1.826811756E+00
   451   11436.594697   4.370227E-06   7.282824E+09    5.03691E+27   1.599999850E+00  -2.682670E-01   1.826811777E+00
   452   11439.068212   4.041587E-06   6.735163E+09    4.55248E+27   1.599999864E+00  -2.681903E-01   1.826811796E+00
   453   11441.487078   3.737658E-06   6.228683E+09    4.11464E+27   1.599999877E+00  -2.681153E-01   1.826811813E+00
   454   11443.852472   3.456583E-06   5.760286E+09    3.71890E+27   1.599999889E+00  -2.680419E-01   1.826811828E+00
   455   11446.165543   3.200238E-06   5.333120E+09    3.36109E+27   1.599999900E+00  -2.679703E-01   1.826811842E+00
   456   11448.424782   2.964363E-06   4.940068E+09    3.03756E+27   1.599999909E+00  -2.679003E-01   1.826811855E+00
   457   11450.630222   2.745871E-06   4.575981E+09    2.74517E+27   1.599999918E+00  -2.678320E-01   1.826811866E+00
   458   11452.783116   2.543482E-06   4.238726E+09    2.48093E+27   1.599999926E+00  -2.677655E-01   1.826811876E+00
   459   11454.884688   2.356009E-06   3.926325E+09    2.24212E+27   1.599999933E+00  -2.677005E-01   1.826811886E+00
   460   11456.936136   2.182354E-06   3.636947E+09    2.02630E+27   1.599999939E+00  -2.676371E-01   1.826811894E+00
   461   11458.938629   2.021497E-06   3.368895E+09    1.83125E+27   1.599999945E+00  -2.675752E-01   1.826811902E+00
   462   11460.893312   1.872496E-06   3.120597E+09    1.65497E+27   1.599999950E+00  -2.675149E-01   1.826811909E+00
   463   11462.801305   1.734476E-06   2.890599E+09    1.49566E+27   1.599999955E+00  -2.674560E-01   1.826811915E+00
   464   11464.663699   1.606629E-06   2.677551E+09    1.35169E+27   1.599999959E+00  -2.673986E-01   1.826811921E+00
   465   11466.481565   1.488205E-06   2.480204E+09    1.22157E+27   1.599999963E+00  -2.673425E-01   1.826811926E+00
   466   11468.255948   1.378510E-06   2.297402E+09    1.10398E+27   1.599999967E+00  -2.672878E-01   1.826811930E+00
   467   11469.987868   1.276899E-06   2.128072E+09    9.97709E+26   1.599999970E+00  -2.672345E-01   1.826811934E+00
   468   11471.678324   1.182778E-06   1.971222E+09    9.01667E+26   1.599999973E+00  -2.671824E-01   1.826811938E+00
   469   11473.328292   1.095594E-06   1.825932E+09    8.14869E+26   1.599999975E+00  -2.671316E-01   1.826811942E+00
   470   11474.938726   1.014836E-06   1.691350E+09    7.36426E+26   1.599999978E+00  -2.670821E-01   1.826811945E+00
   471   11476.510556   9.400311E-07   1.566687E+09    6.65535E+26   1.599999980E+00  -2.670337E-01   1.826811948E+00
   472   11478.044694   8.707394E-07   1.451212E+09    6.01467E+26   1.599999982E+00  -2.669866E-01   1.826811950E+00
   473   11479.542030   8.065551E-07   1.344247E+09    5.43567E+26   1.599999984E+00  -2.669405E-01   1.826811952E+00
   474   11481.003433   7.471017E-07   1.245166E+09    4.91240E+26   1.599999985E+00  -2.668956E-01   1.826811954E+00
   475   11482.429753   6.920306E-07   1.153388E+09    4.43950E+26   1.599999987E+00  -2.668518E-01   1.826811956E+00
   476   11483.821819   6.410187E-07   1.068374E+09    4.01213E+26   1.599999988E+00  -2.668091E-01   1.826811958E+00
   477   11485.180443   5.937669E-07   9.896264E+08    3.62589E+26   1.599999989E+00  -2.667674E-01   1.826811960E+00
   478   11486.506418   5.499980E-07   9.166826E+08    3.27684E+26   1.599999990E+00  -2.667267E-01   1.826811961E+00
   479   11487.800517   5.094553E-07   8.491150E+08    2.96139E+26   1.599999991E+00  -2.666870E-01   1.826811962E+00
   480   11489.063496   4.719011E-07   7.865276E+08    2.67630E+26   1.599999992E+00  -2.666483E-01   1.826811963E+00
   481   11490.296096   4.371150E-07   7.285532E+08    2.41866E+26   1.599999993E+00  -2.666105E-01   1.826811964E+00
   482   11491.499036   4.048931E-07   6.748519E+08    2.18582E+26   1.599999993E+00  -2.665736E-01   1.826811965E+00
   483   11492.673023   3.750463E-07   6.251087E+08    1.97539E+26   1.599999994E+00  -2.665376E-01   1.826811966E+00
   484   11493.818744   3.473995E-07   5.790319E+08    1.78522E+26   1.599999995E+00  -2.665026E-01   1.826811967E+00
   485   11494.936874   3.217907E-07   5.363513E+08    1.61336E+26   1.599999995E+00  -2.664683E-01   1.826811968E+00
   486   11496.028068   2.980696E-07   4.968166E+08    1.45804E+26   1.599999996E+00  -2.664349E-01   1.826811968E+00
   487   11497.092969   2.760970E-07   4.601958E+08    1.31768E+26   1.599999996E+00  -2.664023E-01   1.826811969E+00
   488   11498.132203   2.557441E-07   4.262743E+08    1.19082E+26   1.599999996E+00  -2.663705E-01   1.826811969E+00
   489   11499.146382   2.368915E-07   3.948531E+08    1.07618E+26   1.599999997E+00  -2.663395E-01   1.826811970E+00
   490   11500.136105   2.194286E-07   3.657480E+08    9.72576E+25   1.599999997E+00  -2.663092E-01   1.826811970E+00
   491   11501.101955   2.036840E-07   3.391463E+08    8.78929E+25   1.599999997E+00  -2.662797E-01   1.826811970E+00
   492   11502.043491   1.894787E-07   3.148103E+08    7.94224E+25   1.599999998E+00  -2.662509E-01   1.826811971E+00
   493   11502.960268   1.760578E-07   2.922101E+08    7.17683E+25   1.599999998E+00  -2.662229E-01   1.826811971E+00
   494   11503.852964   1.634154E-07   2.712240E+08    6.48520E+25   1.599999998E+00  -2.661956E-01   1.826811971E+00
   495   11504.722236   1.516808E-07   2.517450E+08    5.86022E+25   1.599999998E+00  -2.661690E-01   1.826811972E+00
   496   11505.568693   1.407889E-07   2.336650E+08    5.29547E+25   1.599999998E+00  -2.661432E-01   1.826811972E+00
   497   11506.392930   1.306790E-07   2.168834E+08    4.78514E+25   1.599999999E+00  -2.661180E-01   1.826811972E+00
   498   11507.195526   1.212951E-07   2.013069E+08    4.32399E+25   1.599999999E+00  -2.660935E-01   1.826811972E+00
   499   11507.977044   1.125909E-07   1.868604E+08    3.90728E+25   1.599999999E+00  -2.660696E-01   1.826811972E+00
   500   11508.737988   1.045467E-07   1.735167E+08    3.53064E+25   1.599999999E+00  -2.660464E-01   1.826811973E+00
   501   11509.478597   9.707708E-08   1.611258E+08    3.19032E+25   1.599999999E+00  -2.660238E-01   1.826811973E+00
   502   11510.199409   9.014117E-08   1.496198E+08    2.88279E+25   1.599999999E+00  -2.660018E-01   1.826811973E+00
   503   11510.900952   8.370081E-08   1.389353E+08    2.60491E+25   1.599999999E+00  -2.659804E-01   1.826811973E+00
   504   11511.583737   7.772057E-08   1.290139E+08    2.35381E+25   1.599999999E+00  -2.659596E-01   1.826811973E+00
   505   11512.248263   7.216760E-08   1.198009E+08    2.12692E+25   1.599999999E+00  -2.659393E-01   1.826811973E+00
   506   11512.895014   6.703965E-08   1.112918E+08    1.92187E+25   1.599999999E+00  -2.659196E-01   1.826811973E+00
   507   11513.524194   6.228674E-08   1.034044E+08    1.73656E+25   1.599999999E+00  -2.659004E-01   1.826811973E+00
   508   11514.136165   5.787078E-08   9.607600E+07    1.56911E+25   1.600000000E+00  -2.658818E-01   1.826811973E+00
   509   11514.731396   5.376789E-08   8.926695E+07    1.41782E+25   1.600000000E+00  -2.658636E-01   1.826811973E+00
   510   11515.310341   4.995588E-08   8.294045E+07    1.28111E+25   1.600000000E+00  -2.658460E-01   1.826811973E+00
   511   11515.873445   4.641413E-08   7.706231E+07    1.15758E+25   1.600000000E+00  -2.658288E-01   1.826811974E+00
   512   11516.421139   4.313074E-08   7.161175E+07    1.04596E+25   1.600000000E+00  -2.658121E-01   1.826811974E+00
   513   11516.953758   4.010233E-08   6.658098E+07    9.45071E+24   1.600000000E+00  -2.657959E-01   1.826811974E+00
   514   11517.471433   3.728656E-08   6.190361E+07    8.53913E+24   1.600000000E+00  -2.657801E-01   1.826811974E+00
   515   11517.974581   3.466849E-08   5.755482E+07    7.71549E+24   1.600000000E+00  -2.657648E-01   1.826811974E+00
   516   11518.463607   3.223425E-08   5.351154E+07    6.97128E+24   1.600000000E+00  -2.657499E-01   1.826811974E+00
   517   11518.938907   2.997092E-08   4.975229E+07    6.29886E+24   1.600000000E+00  -2.657355E-01   1.826811974E+00
   518   11519.400864   2.786650E-08   4.625713E+07    5.69130E+24   1.600000000E+00  -2.657214E-01   1.826811974E+00
   519   11519.849851   2.592286E-08   4.303033E+07    5.14224E+24   1.600000000E+00  -2.657077E-01   1.826811974E+00
   520   11520.285992   2.412020E-08   4.003813E+07    4.64605E+24   1.600000000E+00  -2.656945E-01   1.826811974E+00
   521   11520.709542   2.244289E-08   3.725399E+07    4.19773E+24   1.600000000E+00  -2.656816E-01   1.826811974E+00
   522   11521.120864   2.088221E-08   3.466345E+07    3.79268E+24   1.600000000E+00  -2.656690E-01   1.826811974E+00
   523   11521.520309   1.943007E-08   3.225305E+07    3.42671E+24   1.600000000E+00  -2.656569E-01   1.826811974E+00
   524   11521.908220   1.807890E-08   3.001025E+07    3.09605E+24   1.600000000E+00  -2.656451E-01   1.826811974E+00
   525   11522.284928   1.682292E-08   2.792545E+07    2.79730E+24   1.600000000E+00  -2.656336E-01   1.826811974E+00
   526   11522.650729   1.566835E-08   2.600900E+07    2.52725E+24   1.600000000E+00  -2.656225E-01   1.826811974E+00
   527   11523.005599   1.459303E-08   2.422407E+07    2.28326E+24   1.600000000E+00  -2.656117E-01   1.826811974E+00
   528   11523.349862   1.359150E-08   2.256163E+07    2.06283E+24   1.600000000E+00  -2.656012E-01   1.826811974E+00
   529   11523.683836   1.265871E-08   2.101328E+07    1.86368E+24   1.600000000E+00  -2.655911E-01   1.826811974E+00
   530   11524.007827   1.178994E-08   1.957119E+07    1.68376E+24   1.600000000E+00  -2.655812E-01   1.826811974E+00
   531   11524.322132   1.098078E-08   1.822806E+07    1.52121E+24   1.600000000E+00  -2.655717E-01   1.826811974E+00
   532   11524.627041   1.023118E-08   1.698420E+07    1.37434E+24   1.600000000E+00  -2.655624E-01   1.826811974E+00
   533   11524.922707   9.538864E-09   1.583603E+07    1.24158E+24   1.600000000E+00  -2.655534E-01   1.826811974E+00
   534   11525.209201   8.893393E-09   1.476548E+07    1.12165E+24   1.600000000E+00  -2.655447E-01   1.826811974E+00
   535   11525.486806   8.291599E-09   1.376729E+07    1.01331E+24   1.600000000E+00  -2.655363E-01   1.826811974E+00
   536   11525.755797   7.730526E-09   1.283659E+07    9.15427E+23   1.600000000E+00  -2.655281E-01   1.826811974E+00
   537   11526.016441   7.207419E-09   1.196880E+07    8.27002E+23   1.600000000E+00  -2.655202E-01   1.826811974E+00
   538   11526.268996   6.719709E-09   1.115968E+07    7.47117E+23   1.600000000E+00  -2.655125E-01   1.826811974E+00
   539   11526.513713   6.269186E-09   1.041160E+07    6.74939E+23   1.600000000E+00  -2.655050E-01   1.826811974E+00
   540   11526.750687   5.851685E-09   9.717907E+06    6.09709E+23   1.600000000E+00  -2.654978E-01   1.826811974E+00
   541   11526.980053   5.461988E-09   9.070437E+06    5.50783E+23   1.600000000E+00  -2.654909E-01   1.826811974E+00
   542   11527.202054   5.098242E-09   8.466104E+06    4.97552E+23   1.600000000E+00  -2.654841E-01   1.826811974E+00
   543   11527.416927   4.758720E-09   7.902036E+06    4.49466E+23   1.600000000E+00  -2.654776E-01   1.826811974E+00
   544   11527.624899   4.441808E-09   7.375549E+06    4.06026E+23   1.600000000E+00  -2.654713E-01   1.826811974E+00
   545   11527.826194   4.146002E-09   6.884141E+06    3.66786E+23   1.600000000E+00  -2.654652E-01   1.826811974E+00
   546   11528.021023   3.873032E-09   6.430687E+06    3.31328E+23   1.600000000E+00  -2.654592E-01   1.826811974E+00
   547   11528.209438   3.619514E-09   6.009561E+06    2.99287E+23   1.600000000E+00  -2.654535E-01   1.826811974E+00
   548   11528.391566   3.382590E-09   5.616013E+06    2.70344E+23   1.600000000E+00  -2.654480E-01   1.826811974E+00
   549   11528.567619   3.161174E-09   5.248237E+06    2.44201E+23   1.600000000E+00  -2.654426E-01   1.826811974E+00
   550   11528.737797   2.954252E-09   4.904545E+06    2.20585E+23   1.600000000E+00  -2.654375E-01   1.826811974E+00
   551   11528.902298   2.760874E-09   4.583361E+06    1.99253E+23   1.600000000E+00  -2.654325E-01   1.826811974E+00
   552   11529.061309   2.580154E-09   4.283209E+06    1.79985E+23   1.600000000E+00  -2.654276E-01   1.826811974E+00
   553   11529.215015   2.413160E-09   4.005944E+06    1.62575E+23   1.600000000E+00  -2.654230E-01   1.826811974E+00
   554   11529.363468   2.258012E-09   3.748395E+06    1.46843E+23   1.600000000E+00  -2.654185E-01   1.826811974E+00
   555   11529.506774   2.112838E-09   3.507404E+06    1.32634E+23   1.600000000E+00  -2.654141E-01   1.826811974E+00
   556   11529.645111   1.976998E-09   3.281906E+06    1.19799E+23   1.600000000E+00  -2.654099E-01   1.826811974E+00
   557   11529.778652   1.849891E-09   3.070906E+06    1.08206E+23   1.600000000E+00  -2.654058E-01   1.826811974E+00
   558   11529.907562   1.730956E-09   2.873472E+06    9.77356E+22   1.600000000E+00  -2.654019E-01   1.826811974E+00
   559   11530.032002   1.619668E-09   2.688730E+06    8.82780E+22   1.600000000E+00  -2.653981E-01   1.826811974E+00
   560   11530.152126   1.516344E-09   2.517201E+06    7.97348E+22   1.600000000E+00  -2.653945E-01   1.826811974E+00
   561   11530.268023   1.420486E-09   2.358055E+06    7.20147E+22   1.600000000E+00  -2.653910E-01   1.826811974E+00
   562   11530.379765   1.330687E-09   2.208970E+06    6.50421E+22   1.600000000E+00  -2.653876E-01   1.826811974E+00
   563   11530.487503   1.246565E-09   2.069311E+06    5.87446E+22   1.600000000E+00  -2.653843E-01   1.826811974E+00
   564   11530.591380   1.167761E-09   1.938482E+06    5.30568E+22   1.600000000E+00  -2.653812E-01   1.826811974E+00
   565   11530.691533   1.093939E-09   1.815924E+06    4.79197E+22   1.600000000E+00  -2.653781E-01   1.826811974E+00
   566   11530.788097   1.024783E-09   1.701114E+06    4.32800E+22   1.600000000E+00  -2.653752E-01   1.826811974E+00
   567   11530.881199   9.601740E-10   1.593862E+06    3.90894E+22   1.600000000E+00  -2.653724E-01   1.826811974E+00
