       6     121      52      68

     EOS file :  /Users/dany/Work/NStar/eos/v14/APR_EOS_Acc_Fe.dat           

  step        radius       baryon#       density        pressure       encl. mass            phi     encl. bar. mass 
                (m)        (#/fm3)       (g/cm3)        (dyn/cm2)      (sol. mass)                     (sol. mass)   

     0       0.000000   6.424274E-01   1.208924E+15    2.55287E+35   0.000000000E+00  -6.335327E-01   0.000000000E+00
     1      10.000000   6.424271E-01   1.208923E+15    2.55287E+35   2.545965367E-09  -6.335323E-01   2.265815837E-09
     2      11.666665   6.424269E-01   1.208923E+15    2.55287E+35   4.042896582E-09  -6.335322E-01   3.598030081E-09
     3      13.611106   6.424268E-01   1.208923E+15    2.55287E+35   6.419965506E-09  -6.335321E-01   5.713535268E-09
     4      15.879620   6.424266E-01   1.208922E+15    2.55286E+35   1.019465772E-08  -6.335319E-01   9.072875496E-09
     5      18.526217   6.424263E-01   1.208921E+15    2.55286E+35   1.618871794E-08  -6.335316E-01   1.440737546E-08
     6      21.613910   6.424259E-01   1.208920E+15    2.55285E+35   2.570703929E-08  -6.335312E-01   2.287834674E-08
     7      25.216214   6.424253E-01   1.208919E+15    2.55285E+35   4.082172862E-08  -6.335306E-01   3.632989847E-08
     8      29.418892   6.424246E-01   1.208917E+15    2.55284E+35   6.482318214E-08  -6.335299E-01   5.769038461E-08
     9      34.322004   6.424236E-01   1.208915E+15    2.55282E+35   1.029363564E-07  -6.335289E-01   9.160987300E-08
    10      40.042278   6.424222E-01   1.208912E+15    2.55280E+35   1.634581360E-07  -6.335275E-01   1.454723915E-07
    11      46.715896   6.424204E-01   1.208908E+15    2.55278E+35   2.595633359E-07  -6.335256E-01   2.310032702E-07
    12      54.501729   6.424179E-01   1.208902E+15    2.55275E+35   4.121723604E-07  -6.335231E-01   3.668213964E-07
    13      63.585112   6.424144E-01   1.208894E+15    2.55270E+35   6.545044927E-07  -6.335197E-01   5.824917864E-07
    14      74.182253   6.424097E-01   1.208883E+15    2.55264E+35   1.039307388E-06  -6.335150E-01   9.249602428E-07
    15      86.545360   6.424034E-01   1.208868E+15    2.55255E+35   1.650335161E-06  -6.335086E-01   1.468769885E-06
    16     100.968633   6.423947E-01   1.208848E+15    2.55243E+35   2.620570657E-06  -6.334998E-01   2.332281453E-06
    17     117.795223   6.423829E-01   1.208821E+15    2.55227E+35   4.161152038E-06  -6.334880E-01   3.703423712E-06
    18     137.425354   6.423668E-01   1.208783E+15    2.55206E+35   6.607286107E-06  -6.334719E-01   5.880569334E-06
    19     160.325760   6.423449E-01   1.208733E+15    2.55176E+35   1.049111160E-05  -6.334499E-01   9.337412342E-06
    20     187.040654   6.423152E-01   1.208664E+15    2.55136E+35   1.665730533E-05  -6.334201E-01   1.482592202E-05
    21     218.204464   6.422746E-01   1.208570E+15    2.55082E+35   2.644644870E-05  -6.333794E-01   2.353968076E-05
    22     254.556583   6.422195E-01   1.208442E+15    2.55007E+35   4.198574960E-05  -6.333241E-01   3.737293623E-05
    23     296.958400   6.421445E-01   1.208268E+15    2.54906E+35   6.664971067E-05  -6.332488E-01   5.933127101E-05
    24     346.412923   6.420424E-01   1.208032E+15    2.54769E+35   1.057895232E-04  -6.331464E-01   9.418222872E-05
    25     404.087225   6.419035E-01   1.207710E+15    2.54582E+35   1.678867229E-04  -6.330071E-01   1.494852438E-04
    26     471.337986   6.417146E-01   1.207272E+15    2.54328E+35   2.663752532E-04  -6.328177E-01   2.372201446E-04
    27     549.740212   6.414577E-01   1.206677E+15    2.53983E+35   4.225135238E-04  -6.325601E-01   3.763581018E-04
    28     641.119092   6.411083E-01   1.205867E+15    2.53514E+35   6.698993359E-04  -6.322100E-01   5.969118062E-04
    29     747.584519   6.406336E-01   1.204767E+15    2.52877E+35   1.061541185E-03  -6.317345E-01   9.462974018E-04
    30     871.567240   6.399888E-01   1.203274E+15    2.52015E+35   1.680877133E-03  -6.310890E-01   1.499287801E-03
    31    1015.854566   6.391148E-01   1.201252E+15    2.50848E+35   2.658826518E-03  -6.302137E-01   2.373500143E-03
    32    1183.621499   6.379299E-01   1.198511E+15    2.49271E+35   4.199912487E-03  -6.290282E-01   3.753305308E-03
    33    1378.452860   6.363254E-01   1.194802E+15    2.47148E+35   6.621754748E-03  -6.274257E-01   5.926366007E-03
    34    1604.344105   6.341567E-01   1.189792E+15    2.44298E+35   1.041361468E-02  -6.252647E-01   9.338630882E-03
    35    1865.667038   6.312330E-01   1.183044E+15    2.40492E+35   1.632080175E-02  -6.223602E-01   1.467538184E-02
    36    2167.077204   6.273045E-01   1.174046E+15    2.35445E+35   2.546157909E-02  -6.184737E-01   2.297705197E-02
    37    2513.315544   6.220493E-01   1.162066E+15    2.28811E+35   3.947856158E-02  -6.133045E-01   3.579659514E-02
    38    2908.906337   6.150696E-01   1.146248E+15    2.20195E+35   6.071459976E-02  -6.064841E-01   5.539956228E-02
    39    3357.630314   6.058661E-01   1.125531E+15    2.09183E+35   9.237574363E-02  -5.975812E-01   8.498432274E-02
    40    3861.788267   5.938605E-01   1.098823E+15    1.95397E+35   1.385953017E-01  -5.861232E-01   1.288608723E-01
    41    4421.133421   5.784074E-01   1.064840E+15    1.78598E+35   2.042441596E-01  -5.716489E-01   1.924470326E-01
    42    5031.689726   5.588486E-01   1.022544E+15    1.58819E+35   2.942671278E-01  -5.537981E-01   2.818593227E-01
    43    5684.357017   5.346368E-01   9.712506E+14    1.36514E+35   4.123664388E-01  -5.324496E-01   4.027813106E-01
    44    6363.914633   5.054264E-01   9.107255E+14    1.12649E+35   5.590514707E-01  -5.078830E-01   5.584100751E-01
    45    7049.062643   4.712287E-01   8.416623E+14    8.86621E+34   7.296941475E-01  -4.809093E-01   7.467738410E-01
    46    7713.938433   4.325450E-01   7.656757E+14    6.62189E+34   9.136830729E-01  -4.528874E-01   9.585005334E-01
    47    8331.622844   3.903342E-01   6.850211E+14    4.68095E+34   1.095938809E+00  -4.255389E-01   1.176954143E+00
    48    8879.134058   3.458422E-01   6.022044E+14    3.13474E+34   1.260906624E+00  -4.005583E-01   1.382083869E+00
    49    9342.138323   2.925877E-01   5.052556E+14    2.00322E+34   1.396618840E+00  -3.791749E-01   1.556048324E+00
    50    9728.457788   2.500722E-01   4.293377E+14    1.22588E+34   1.500453971E+00  -3.614116E-01   1.692345120E+00
    51   10030.271996   2.102857E-01   3.593991E+14    7.26576E+33   1.573869604E+00  -3.477361E-01   1.790194592E+00
    52   10258.826561   1.574597E-01   2.675038E+14    4.47638E+33   1.618249619E+00  -3.375941E-01   1.849999019E+00
    53   10458.052039   1.297791E-01   2.198915E+14    2.55066E+33   1.651223962E+00  -3.289758E-01   1.894644835E+00
    54   10603.120618   1.059816E-01   1.791869E+14    1.43460E+33   1.671556195E+00  -3.228491E-01   1.922235152E+00
    55   10707.011585   8.296385E-02   1.399863E+14    8.05345E+32   1.683567495E+00  -3.185475E-01   1.938551190E+00
    56   10783.693773   6.050367E-02   1.017985E+14    4.64381E+32   1.690307378E+00  -3.154236E-01   1.947717886E+00
    57   10845.713896   4.405025E-02   7.390351E+13    2.66993E+32   1.694320344E+00  -3.129320E-01   1.953183567E+00
    58   10895.639998   3.203362E-02   5.358891E+13    1.53193E+32   1.696688947E+00  -3.109504E-01   1.956414253E+00
    59   10935.674754   2.327563E-02   3.882570E+13    8.77696E+31   1.698077243E+00  -3.093775E-01   1.958310807E+00
    60   10967.676387   1.621055E-02   2.702368E+13    5.06647E+31   1.698877072E+00  -3.081309E-01   1.959404652E+00
    61   10994.444675   1.094966E-02   1.824625E+13    2.96920E+31   1.699335002E+00  -3.070956E-01   1.960030352E+00
    62   11017.844279   7.296612E-03   1.216102E+13    1.74687E+31   1.699604856E+00  -3.061961E-01   1.960398797E+00
    63   11038.627920   4.673212E-03   7.788255E+12    1.03953E+31   1.699762538E+00  -3.054016E-01   1.960613911E+00
    64   11058.045193   2.755321E-03   4.592872E+12    6.22573E+30   1.699856308E+00  -3.046631E-01   1.960741738E+00
    65   11077.862409   1.589661E-03   2.650101E+12    3.84425E+30   1.699910315E+00  -3.039131E-01   1.960815312E+00
    66   11099.175242   7.644383E-04   1.274064E+12    2.42705E+30   1.699942732E+00  -3.031108E-01   1.960859434E+00
    67   11127.302255   4.226815E-04   7.044692E+11    1.55681E+30   1.699962839E+00  -3.020585E-01   1.960886779E+00
    68   11160.155147   2.677424E-04   4.462374E+11    9.39485E+29   1.699977292E+00  -3.008389E-01   1.960906413E+00
    69   11191.719112   1.725312E-04   2.875520E+11    5.60061E+29   1.699986302E+00  -2.996766E-01   1.960918637E+00
    70   11221.158179   1.122634E-04   1.871056E+11    3.33112E+29   1.699991764E+00  -2.986009E-01   1.960926039E+00
    71   11248.272847   7.328683E-05   1.221447E+11    1.97607E+29   1.699995065E+00  -2.976171E-01   1.960930509E+00
    72   11273.084631   4.783589E-05   7.972649E+10    1.17204E+29   1.699997047E+00  -2.967227E-01   1.960933189E+00
    73   11295.774458   3.159335E-05   5.265559E+10    6.92264E+28   1.699998241E+00  -2.959097E-01   1.960934803E+00
    74   11316.184626   2.087070E-05   3.478449E+10    4.08709E+28   1.699998954E+00  -2.951822E-01   1.960935766E+00
    75   11334.521076   1.378563E-05   2.297604E+10    2.41264E+28   1.699999378E+00  -2.945317E-01   1.960936338E+00
    76   11350.985031   9.104782E-06   1.517464E+10    1.42400E+28   1.699999631E+00  -2.939502E-01   1.960936679E+00
    77   11365.760073   6.019416E-06   1.003236E+10    8.40273E+27   1.699999781E+00  -2.934304E-01   1.960936881E+00
    78   11378.996928   3.990189E-06   6.650315E+09    4.95164E+27   1.699999870E+00  -2.929663E-01   1.960937001E+00
    79   11390.803754   2.644829E-06   4.408049E+09    2.91765E+27   1.699999923E+00  -2.925536E-01   1.960937073E+00
    80   11401.330927   1.752955E-06   2.921592E+09    1.71900E+27   1.699999954E+00  -2.921866E-01   1.960937115E+00
    81   11410.713866   1.161759E-06   1.936266E+09    1.01271E+27   1.699999973E+00  -2.918603E-01   1.960937140E+00
    82   11419.074341   7.760256E-07   1.291604E+09    5.96146E+26   1.699999984E+00  -2.915702E-01   1.960937154E+00
    83   11426.467883   5.233064E-07   8.688675E+08    3.49259E+26   1.699999990E+00  -2.913141E-01   1.960937163E+00
    84   11432.919026   3.517937E-07   5.841358E+08    2.04664E+26   1.699999994E+00  -2.910911E-01   1.960937168E+00
    85   11438.551245   2.367689E-07   3.931088E+08    1.19880E+26   1.699999996E+00  -2.908967E-01   1.960937171E+00
    86   11443.460374   1.594913E-07   2.648298E+08    7.01985E+25   1.699999998E+00  -2.907274E-01   1.960937173E+00
    87   11447.732752   1.075588E-07   1.786190E+08    4.10887E+25   1.699999998E+00  -2.905803E-01   1.960937174E+00
    88   11451.444450   7.263345E-08   1.206183E+08    2.40332E+25   1.699999999E+00  -2.904525E-01   1.960937175E+00
    89   11454.662429   4.915483E-08   8.162127E+07    1.40465E+25   1.699999999E+00  -2.903419E-01   1.960937175E+00
    90   11457.444085   3.334748E-08   5.537419E+07    8.20561E+24   1.699999999E+00  -2.902464E-01   1.960937175E+00
    91   11459.840972   2.267200E-08   3.764838E+07    4.78856E+24   1.699999999E+00  -2.901641E-01   1.960937176E+00
    92   11461.899544   1.545570E-08   2.566129E+07    2.79121E+24   1.699999999E+00  -2.900934E-01   1.960937176E+00
    93   11463.660899   1.057845E-08   1.756302E+07    1.62488E+24   1.699999999E+00  -2.900330E-01   1.960937176E+00
    94   11465.159719   7.263854E-09   1.206033E+07    9.45200E+23   1.700000000E+00  -2.899816E-01   1.960937176E+00
    95   11466.429875   5.000990E-09   8.303898E+06    5.48919E+23   1.700000000E+00  -2.899381E-01   1.960937176E+00
    96   11467.501538   3.462351E-09   5.748327E+06    3.18151E+23   1.700000000E+00  -2.899014E-01   1.960937176E+00
    97   11468.399053   2.405853E-09   3.994269E+06    1.84288E+23   1.700000000E+00  -2.898707E-01   1.960937176E+00
    98   11469.147410   1.676295E-09   2.783143E+06    1.06575E+23   1.700000000E+00  -2.898450E-01   1.960937176E+00
    99   11469.768639   1.174550E-09   1.949435E+06    6.15042E+22   1.700000000E+00  -2.898238E-01   1.960937176E+00
   100   11470.280553   8.257853E-10   1.370666E+06    3.54689E+22   1.700000000E+00  -2.898062E-01   1.960937176E+00
   101   11470.700481   5.818042E-10   9.659766E+05    2.04256E+22   1.700000000E+00  -2.897919E-01   1.960937176E+00
   102   11471.043653   4.117642E-10   6.836971E+05    1.17425E+22   1.700000000E+00  -2.897801E-01   1.960937176E+00
   103   11471.322418   2.922677E-10   4.852762E+05    6.74789E+21   1.700000000E+00  -2.897706E-01   1.960937176E+00
   104   11471.548129   2.078034E-10   3.450078E+05    3.87288E+21   1.700000000E+00  -2.897628E-01   1.960937176E+00
   105   11471.730352   1.482952E-10   2.462474E+05    2.21960E+21   1.700000000E+00  -2.897566E-01   1.960937176E+00
   106   11471.876678   1.060302E-10   1.760804E+05    1.27181E+21   1.700000000E+00  -2.897516E-01   1.960937176E+00
   107   11471.993937   7.596357E-11   1.261484E+05    7.27880E+20   1.700000000E+00  -2.897476E-01   1.960937176E+00
   108   11472.087613   5.457117E-11   9.061726E+04    4.16238E+20   1.700000000E+00  -2.897444E-01   1.960937176E+00
   109   11472.162187   3.925372E-11   6.517932E+04    2.37922E+20   1.700000000E+00  -2.897418E-01   1.960937176E+00
   110   11472.221451   2.830474E-11   4.700230E+04    1.35838E+20   1.700000000E+00  -2.897398E-01   1.960937176E+00
   111   11472.268373   2.045440E-11   3.396450E+04    7.75270E+19   1.700000000E+00  -2.897382E-01   1.960937176E+00
   112   11472.305433   1.479808E-11   2.456900E+04    4.42117E+19   1.700000000E+00  -2.897369E-01   1.960937176E+00
   113   11472.334650   1.074943E-11   1.784690E+04    2.51753E+19   1.700000000E+00  -2.897359E-01   1.960937176E+00
   114   11472.357553   7.821357E-12   1.298575E+04    1.43311E+19   1.700000000E+00  -2.897351E-01   1.960937176E+00
   115   11472.375472   5.707869E-12   9.477403E+03    8.14572E+18   1.700000000E+00  -2.897345E-01   1.960937176E+00
   116   11472.389427   4.182933E-12   6.945123E+03    4.62659E+18   1.700000000E+00  -2.897341E-01   1.960937176E+00
   117   11472.400243   3.071866E-12   5.099815E+03    2.62373E+18   1.700000000E+00  -2.897337E-01   1.960937176E+00
   118   11472.408596   2.271808E-12   3.771774E+03    1.48436E+18   1.700000000E+00  -2.897334E-01   1.960937176E+00
   119   11472.414986   1.684056E-12   2.796040E+03    8.39102E+17   1.700000000E+00  -2.897332E-01   1.960937176E+00
   120   11472.419859   1.261361E-12   2.093659E+03    4.72369E+17   1.700000000E+00  -2.897330E-01   1.960937176E+00
   121   11472.423522   9.498925E-13   1.576466E+03    2.65735E+17   1.700000000E+00  -2.897329E-01   1.960937176E+00
