       6     566     318     398

     EOS file :  /Users/dany/Work/NStar/eos/v14/APR_EOS_Acc_Pd.dat           

  step        radius       baryon#       density        pressure       encl. mass            phi     encl. bar. mass 
                (m)        (#/fm3)       (g/cm3)        (dyn/cm2)      (sol. mass)                     (sol. mass)   

     0       0.000000   5.744398E-01   1.056226E+15    1.74455E+35   0.000000000E+00  -5.194494E-01   0.000000000E+00
     1       1.000000   5.744398E-01   1.056226E+15    1.74455E+35   2.224388895E-12  -5.194494E-01   2.026027190E-12
     2       1.033333   5.744398E-01   1.056226E+15    1.74455E+35   2.454324797E-12  -5.194494E-01   2.235458369E-12
     3       1.067778   5.744398E-01   1.056226E+15    1.74455E+35   2.708029257E-12  -5.194494E-01   2.466538527E-12
     4       1.103370   5.744398E-01   1.056226E+15    1.74455E+35   2.987959240E-12  -5.194494E-01   2.721505525E-12
     5       1.140149   5.744398E-01   1.056226E+15    1.74455E+35   3.296825689E-12  -5.194494E-01   3.002828555E-12
     6       1.178154   5.744398E-01   1.056226E+15    1.74455E+35   3.637619777E-12  -5.194494E-01   3.313232051E-12
     7       1.217426   5.744398E-01   1.056226E+15    1.74455E+35   4.013641874E-12  -5.194494E-01   3.655722071E-12
     8       1.258007   5.744398E-01   1.056226E+15    1.74455E+35   4.428533514E-12  -5.194494E-01   4.033615410E-12
     9       1.299941   5.744398E-01   1.056226E+15    1.74455E+35   4.886312656E-12  -5.194494E-01   4.450571722E-12
    10       1.343272   5.744398E-01   1.056226E+15    1.74455E+35   5.391412595E-12  -5.194494E-01   4.910628962E-12
    11       1.388048   5.744398E-01   1.056226E+15    1.74455E+35   5.948724900E-12  -5.194494E-01   5.418242487E-12
    12       1.434316   5.744398E-01   1.056226E+15    1.74455E+35   6.563646783E-12  -5.194494E-01   5.978328210E-12
    13       1.482126   5.744398E-01   1.056226E+15    1.74455E+35   7.242133365E-12  -5.194494E-01   6.596310199E-12
    14       1.531531   5.744398E-01   1.056226E+15    1.74455E+35   7.990755355E-12  -5.194494E-01   7.278173212E-12
    15       1.582582   5.744398E-01   1.056226E+15    1.74455E+35   8.816762673E-12  -5.194494E-01   8.030520656E-12
    16       1.635334   5.744398E-01   1.056226E+15    1.74455E+35   9.728154670E-12  -5.194494E-01   8.860638530E-12
    17       1.689846   5.744398E-01   1.056226E+15    1.74455E+35   1.073375759E-11  -5.194494E-01   9.776565993E-12
    18       1.746174   5.744398E-01   1.056226E+15    1.74455E+35   1.184331005E-11  -5.194494E-01   1.078717321E-11
    19       1.804380   5.744398E-01   1.056226E+15    1.74455E+35   1.306755735E-11  -5.194494E-01   1.190224727E-11
    20       1.864526   5.744398E-01   1.056226E+15    1.74455E+35   1.441835555E-11  -5.194494E-01   1.313258694E-11
    21       1.926676   5.744398E-01   1.056226E+15    1.74455E+35   1.590878624E-11  -5.194494E-01   1.449010727E-11
    22       1.990899   5.744398E-01   1.056226E+15    1.74455E+35   1.755328330E-11  -5.194494E-01   1.598795497E-11
    23       2.057262   5.744398E-01   1.056226E+15    1.74455E+35   1.936777261E-11  -5.194494E-01   1.764063573E-11
    24       2.125838   5.744398E-01   1.056226E+15    1.74455E+35   2.136982634E-11  -5.194494E-01   1.946415471E-11
    25       2.196699   5.744398E-01   1.056226E+15    1.74455E+35   2.357883309E-11  -5.194494E-01   2.147617150E-11
    26       2.269922   5.744398E-01   1.056226E+15    1.74455E+35   2.601618566E-11  -5.194494E-01   2.369617120E-11
    27       2.345586   5.744398E-01   1.056226E+15    1.74455E+35   2.870548825E-11  -5.194494E-01   2.614565307E-11
    28       2.423772   5.744398E-01   1.056226E+15    1.74455E+35   3.167278502E-11  -5.194494E-01   2.884833877E-11
    29       2.504565   5.744398E-01   1.056226E+15    1.74455E+35   3.494681231E-11  -5.194494E-01   3.183040206E-11
    30       2.588050   5.744398E-01   1.056226E+15    1.74455E+35   3.855927699E-11  -5.194494E-01   3.512072231E-11
    31       2.674319   5.744398E-01   1.056226E+15    1.74455E+35   4.254516342E-11  -5.194494E-01   3.875116415E-11
    32       2.763463   5.744398E-01   1.056226E+15    1.74455E+35   4.694307236E-11  -5.194494E-01   4.275688606E-11
    33       2.855578   5.744398E-01   1.056226E+15    1.74455E+35   5.179559471E-11  -5.194494E-01   4.717668089E-11
    34       2.950764   5.744398E-01   1.056226E+15    1.74455E+35   5.714972402E-11  -5.194494E-01   5.205335148E-11
    35       3.049123   5.744398E-01   1.056226E+15    1.74455E+35   6.305731157E-11  -5.194494E-01   5.743412525E-11
    36       3.150760   5.744398E-01   1.056226E+15    1.74455E+35   6.957556852E-11  -5.194494E-01   6.337111151E-11
    37       3.255786   5.744398E-01   1.056226E+15    1.74455E+35   7.676761999E-11  -5.194494E-01   6.992180615E-11
    38       3.364312   5.744398E-01   1.056226E+15    1.74455E+35   8.470311634E-11  -5.194494E-01   7.714964841E-11
    39       3.476455   5.744398E-01   1.056226E+15    1.74455E+35   9.345890770E-11  -5.194494E-01   8.512463526E-11
    40       3.592337   5.744398E-01   1.056226E+15    1.74455E+35   1.031197883E-10  -5.194494E-01   9.392399931E-11
    41       3.712082   5.744398E-01   1.056226E+15    1.74455E+35   1.137793174E-10  -5.194494E-01   1.036329567E-10
    42       3.835818   5.744398E-01   1.056226E+15    1.74455E+35   1.255407257E-10  -5.194494E-01   1.143455324E-10
    43       3.963678   5.744398E-01   1.056226E+15    1.74455E+35   1.385179148E-10  -5.194494E-01   1.261654707E-10
    44       4.095801   5.744398E-01   1.056226E+15    1.74455E+35   1.528365604E-10  -5.194494E-01   1.392072402E-10
    45       4.232328   5.744398E-01   1.056226E+15    1.74455E+35   1.686353292E-10  -5.194493E-01   1.535971418E-10
    46       4.373405   5.744398E-01   1.056226E+15    1.74455E+35   1.860672221E-10  -5.194493E-01   1.694745325E-10
    47       4.519185   5.744398E-01   1.056226E+15    1.74455E+35   2.053010555E-10  -5.194493E-01   1.869931745E-10
    48       4.669825   5.744398E-01   1.056226E+15    1.74455E+35   2.265230967E-10  -5.194493E-01   2.063227243E-10
    49       4.825486   5.744398E-01   1.056226E+15    1.74455E+35   2.499388672E-10  -5.194493E-01   2.276503763E-10
    50       4.986335   5.744398E-01   1.056226E+15    1.74455E+35   2.757751336E-10  -5.194493E-01   2.511826747E-10
    51       5.152546   5.744398E-01   1.056226E+15    1.74455E+35   3.042821031E-10  -5.194493E-01   2.771475146E-10
    52       5.324298   5.744398E-01   1.056226E+15    1.74455E+35   3.357358472E-10  -5.194493E-01   3.057963484E-10
    53       5.501774   5.744398E-01   1.056226E+15    1.74455E+35   3.704409748E-10  -5.194493E-01   3.374066216E-10
    54       5.685167   5.744398E-01   1.056226E+15    1.74455E+35   4.087335823E-10  -5.194493E-01   3.722844588E-10
    55       5.874672   5.744397E-01   1.056226E+15    1.74455E+35   4.509845084E-10  -5.194493E-01   4.107676291E-10
    56       6.070495   5.744397E-01   1.056226E+15    1.74455E+35   4.976029255E-10  -5.194493E-01   4.532288169E-10
    57       6.272844   5.744397E-01   1.056226E+15    1.74455E+35   5.490403025E-10  -5.194493E-01   5.000792309E-10
    58       6.481939   5.744397E-01   1.056226E+15    1.74455E+35   6.057947763E-10  -5.194493E-01   5.517725865E-10
    59       6.698004   5.744397E-01   1.056226E+15    1.74455E+35   6.684159764E-10  -5.194493E-01   6.088095000E-10
    60       6.921271   5.744397E-01   1.056226E+15    1.74455E+35   7.375103479E-10  -5.194493E-01   6.717423361E-10
    61       7.151979   5.744397E-01   1.056226E+15    1.74455E+35   8.137470237E-10  -5.194493E-01   7.411805580E-10
    62       7.390379   5.744397E-01   1.056226E+15    1.74455E+35   8.978643056E-10  -5.194493E-01   8.177966289E-10
    63       7.636724   5.744397E-01   1.056226E+15    1.74455E+35   9.906768132E-10  -5.194492E-01   9.023325247E-10
    64       7.891282   5.744397E-01   1.056226E+15    1.74455E+35   1.093083374E-09  -5.194492E-01   9.956069193E-10
    65       8.154324   5.744397E-01   1.056226E+15    1.74455E+35   1.206075726E-09  -5.194492E-01   1.098523113E-09
    66       8.426135   5.744396E-01   1.056226E+15    1.74455E+35   1.330748125E-09  -5.194492E-01   1.212077781E-09
    67       8.707006   5.744396E-01   1.056226E+15    1.74455E+35   1.468307940E-09  -5.194492E-01   1.337370624E-09
    68       8.997239   5.744396E-01   1.056226E+15    1.74455E+35   1.620087343E-09  -5.194492E-01   1.475615020E-09
    69       9.297147   5.744396E-01   1.056226E+15    1.74455E+35   1.787556216E-09  -5.194492E-01   1.628149772E-09
    70       9.607052   5.744396E-01   1.056226E+15    1.74455E+35   1.972336381E-09  -5.194492E-01   1.796452076E-09
    71       9.927287   5.744396E-01   1.056225E+15    1.74455E+35   2.176217307E-09  -5.194491E-01   1.982151826E-09
    72      10.258196   5.744395E-01   1.056225E+15    1.74455E+35   2.401173441E-09  -5.194491E-01   2.187047399E-09
    73      10.600135   5.744395E-01   1.056225E+15    1.74455E+35   2.649383329E-09  -5.194491E-01   2.413123069E-09
    74      10.953473   5.744395E-01   1.056225E+15    1.74455E+35   2.923250712E-09  -5.194491E-01   2.662568223E-09
    75      11.318588   5.744395E-01   1.056225E+15    1.74455E+35   3.225427804E-09  -5.194491E-01   2.937798567E-09
    76      11.695874   5.744395E-01   1.056225E+15    1.74454E+35   3.558840980E-09  -5.194490E-01   3.241479517E-09
    77      12.085736   5.744394E-01   1.056225E+15    1.74454E+35   3.926719113E-09  -5.194490E-01   3.576552012E-09
    78      12.488594   5.744394E-01   1.056225E+15    1.74454E+35   4.332624841E-09  -5.194490E-01   3.946260995E-09
    79      12.904879   5.744394E-01   1.056225E+15    1.74454E+35   4.780489073E-09  -5.194490E-01   4.354186840E-09
    80      13.335041   5.744393E-01   1.056225E+15    1.74454E+35   5.274649054E-09  -5.194489E-01   4.804280022E-09
    81      13.779542   5.744393E-01   1.056225E+15    1.74454E+35   5.819890367E-09  -5.194489E-01   5.300899373E-09
    82      14.238859   5.744393E-01   1.056225E+15    1.74454E+35   6.421493277E-09  -5.194489E-01   5.848854298E-09
    83      14.713487   5.744392E-01   1.056225E+15    1.74454E+35   7.085283870E-09  -5.194488E-01   6.453451347E-09
    84      15.203936   5.744392E-01   1.056225E+15    1.74454E+35   7.817690467E-09  -5.194488E-01   7.120545605E-09
    85      15.710733   5.744392E-01   1.056225E+15    1.74454E+35   8.625805881E-09  -5.194488E-01   7.856597396E-09
    86      16.234423   5.744391E-01   1.056225E+15    1.74454E+35   9.517456102E-09  -5.194487E-01   8.668734839E-09
    87      16.775569   5.744391E-01   1.056224E+15    1.74454E+35   1.050127609E-08  -5.194487E-01   9.564822886E-09
    88      17.334753   5.744390E-01   1.056224E+15    1.74454E+35   1.158679338E-08  -5.194486E-01   1.055353948E-08
    89      17.912577   5.744389E-01   1.056224E+15    1.74454E+35   1.278452036E-08  -5.194486E-01   1.164445959E-08
    90      18.509661   5.744389E-01   1.056224E+15    1.74454E+35   1.410605610E-08  -5.194485E-01   1.284814796E-08
    91      19.126648   5.744388E-01   1.056224E+15    1.74454E+35   1.556419861E-08  -5.194485E-01   1.417626137E-08
    92      19.764201   5.744388E-01   1.056224E+15    1.74454E+35   1.717306882E-08  -5.194484E-01   1.564166157E-08
    93      20.423005   5.744387E-01   1.056224E+15    1.74454E+35   1.894824734E-08  -5.194483E-01   1.725853981E-08
    94      21.103770   5.744386E-01   1.056223E+15    1.74454E+35   2.090692530E-08  -5.194483E-01   1.904255426E-08
    95      21.807226   5.744385E-01   1.056223E+15    1.74454E+35   2.306807086E-08  -5.194482E-01   2.101098167E-08
    96      22.534130   5.744384E-01   1.056223E+15    1.74453E+35   2.545261287E-08  -5.194481E-01   2.318288463E-08
    97      23.285265   5.744383E-01   1.056223E+15    1.74453E+35   2.808364354E-08  -5.194480E-01   2.557929623E-08
    98      24.061437   5.744382E-01   1.056223E+15    1.74453E+35   3.098664210E-08  -5.194479E-01   2.822342369E-08
    99      24.863480   5.744381E-01   1.056222E+15    1.74453E+35   3.418972147E-08  -5.194478E-01   3.114087311E-08
   100      25.692259   5.744380E-01   1.056222E+15    1.74453E+35   3.772390055E-08  -5.194477E-01   3.435989745E-08
   101      26.548662   5.744379E-01   1.056222E+15    1.74453E+35   4.162340456E-08  -5.194476E-01   3.791167009E-08
   102      27.433612   5.744377E-01   1.056222E+15    1.74453E+35   4.592599648E-08  -5.194475E-01   4.183058675E-08
   103      28.348060   5.744376E-01   1.056221E+15    1.74453E+35   5.067334271E-08  -5.194473E-01   4.615459851E-08
   104      29.292989   5.744375E-01   1.056221E+15    1.74452E+35   5.591141657E-08  -5.194472E-01   5.092557936E-08
   105      30.269414   5.744373E-01   1.056221E+15    1.74452E+35   6.169094345E-08  -5.194470E-01   5.618973167E-08
   106      31.278387   5.744371E-01   1.056220E+15    1.74452E+35   6.806789202E-08  -5.194469E-01   6.199803356E-08
   107      32.320991   5.744369E-01   1.056220E+15    1.74452E+35   7.510401617E-08  -5.194467E-01   6.840673260E-08
   108      33.398347   5.744367E-01   1.056219E+15    1.74452E+35   8.286745299E-08  -5.194465E-01   7.547789042E-08
   109      34.511615   5.744365E-01   1.056219E+15    1.74451E+35   9.143338256E-08  -5.194463E-01   8.327998372E-08
   110      35.661990   5.744363E-01   1.056218E+15    1.74451E+35   1.008847559E-07  -5.194461E-01   9.188856729E-08
   111      36.850710   5.744361E-01   1.056218E+15    1.74451E+35   1.113130982E-07  -5.194459E-01   1.013870057E-07
   112      38.079052   5.744358E-01   1.056217E+15    1.74451E+35   1.228193949E-07  -5.194457E-01   1.118672803E-07
   113      39.348338   5.744355E-01   1.056217E+15    1.74450E+35   1.355150698E-07  -5.194454E-01   1.234308803E-07
   114      40.659931   5.744352E-01   1.056216E+15    1.74450E+35   1.495230637E-07  -5.194452E-01   1.361897850E-07
   115      42.015243   5.744349E-01   1.056215E+15    1.74450E+35   1.649790247E-07  -5.194449E-01   1.502675484E-07
   116      43.415730   5.744346E-01   1.056215E+15    1.74449E+35   1.820326218E-07  -5.194446E-01   1.658004952E-07
   117      44.862897   5.744342E-01   1.056214E+15    1.74449E+35   2.008489940E-07  -5.194442E-01   1.829390413E-07
   118      46.358300   5.744339E-01   1.056213E+15    1.74449E+35   2.216103490E-07  -5.194439E-01   2.018491496E-07
   119      47.903548   5.744335E-01   1.056212E+15    1.74448E+35   2.445177274E-07  -5.194435E-01   2.227139372E-07
   120      49.500301   5.744330E-01   1.056211E+15    1.74448E+35   2.697929493E-07  -5.194431E-01   2.457354483E-07
   121      51.150276   5.744326E-01   1.056210E+15    1.74447E+35   2.976807616E-07  -5.194427E-01   2.711366105E-07
   122      52.855246   5.744321E-01   1.056209E+15    1.74447E+35   3.284512076E-07  -5.194422E-01   2.991633929E-07
   123      54.617045   5.744315E-01   1.056208E+15    1.74446E+35   3.624022412E-07  -5.194418E-01   3.300871879E-07
   124      56.437566   5.744310E-01   1.056207E+15    1.74446E+35   3.998626117E-07  -5.194412E-01   3.642074381E-07
   125      58.318766   5.744304E-01   1.056206E+15    1.74445E+35   4.411950459E-07  -5.194407E-01   4.018545358E-07
   126      60.262667   5.744297E-01   1.056204E+15    1.74444E+35   4.867997598E-07  -5.194401E-01   4.433930213E-07
   127      62.271359   5.744291E-01   1.056203E+15    1.74444E+35   5.371183325E-07  -5.194395E-01   4.892251120E-07
   128      64.347001   5.744283E-01   1.056201E+15    1.74443E+35   5.926379808E-07  -5.194388E-01   5.397945959E-07
   129      66.491823   5.744275E-01   1.056199E+15    1.74442E+35   6.538962752E-07  -5.194381E-01   5.955911282E-07
   130      68.708132   5.744267E-01   1.056198E+15    1.74441E+35   7.214863432E-07  -5.194373E-01   6.571549706E-07
   131      70.998309   5.744258E-01   1.056196E+15    1.74440E+35   7.960626102E-07  -5.194365E-01   7.250822210E-07
   132      73.364815   5.744249E-01   1.056194E+15    1.74439E+35   8.783471332E-07  -5.194356E-01   8.000305839E-07
   133      75.810194   5.744239E-01   1.056191E+15    1.74438E+35   9.691365891E-07  -5.194347E-01   8.827257356E-07
   134      78.337074   5.744228E-01   1.056189E+15    1.74437E+35   1.069309985E-06  -5.194337E-01   9.739683487E-07
   135      80.948170   5.744216E-01   1.056187E+15    1.74436E+35   1.179837164E-06  -5.194326E-01   1.074641841E-06
   136      83.646288   5.744204E-01   1.056184E+15    1.74435E+35   1.301788190E-06  -5.194315E-01   1.185720924E-06
   137      86.434328   5.744191E-01   1.056181E+15    1.74433E+35   1.436343705E-06  -5.194303E-01   1.308281039E-06
   138      89.315284   5.744177E-01   1.056178E+15    1.74432E+35   1.584806346E-06  -5.194290E-01   1.443508761E-06
   139      92.292253   5.744162E-01   1.056175E+15    1.74430E+35   1.748613356E-06  -5.194276E-01   1.592713281E-06
   140      95.368433   5.744146E-01   1.056171E+15    1.74429E+35   1.929350484E-06  -5.194261E-01   1.757339077E-06
   141      98.547129   5.744128E-01   1.056168E+15    1.74427E+35   2.128767326E-06  -5.194245E-01   1.938979885E-06
   142     101.831755   5.744110E-01   1.056164E+15    1.74425E+35   2.348794250E-06  -5.194229E-01   2.139394124E-06
   143     105.225840   5.744091E-01   1.056159E+15    1.74423E+35   2.591561067E-06  -5.194211E-01   2.360521902E-06
   144     108.733030   5.744070E-01   1.056155E+15    1.74421E+35   2.859417628E-06  -5.194191E-01   2.604503789E-06
   145     112.357090   5.744047E-01   1.056150E+15    1.74419E+35   3.154956553E-06  -5.194171E-01   2.873701518E-06
   146     116.101914   5.744024E-01   1.056145E+15    1.74416E+35   3.481038298E-06  -5.194149E-01   3.170720831E-06
   147     119.971523   5.743998E-01   1.056139E+15    1.74413E+35   3.840818810E-06  -5.194126E-01   3.498436678E-06
   148     123.970072   5.743971E-01   1.056133E+15    1.74411E+35   4.237780045E-06  -5.194101E-01   3.860021020E-06
   149     128.101854   5.743942E-01   1.056127E+15    1.74408E+35   4.675763619E-06  -5.194074E-01   4.258973501E-06
   150     132.371305   5.743911E-01   1.056120E+15    1.74404E+35   5.159007946E-06  -5.194046E-01   4.699155280E-06
   151     136.783008   5.743878E-01   1.056113E+15    1.74401E+35   5.692189193E-06  -5.194015E-01   5.184826363E-06
   152     141.341698   5.743843E-01   1.056106E+15    1.74397E+35   6.280466467E-06  -5.193983E-01   5.720686780E-06
   153     146.052267   5.743805E-01   1.056097E+15    1.74393E+35   6.929531663E-06  -5.193948E-01   6.311922009E-06
   154     150.919771   5.743765E-01   1.056089E+15    1.74389E+35   7.645664438E-06  -5.193911E-01   6.964253085E-06
   155     155.949431   5.743722E-01   1.056079E+15    1.74385E+35   8.435792868E-06  -5.193872E-01   7.683991885E-06
   156     161.146643   5.743676E-01   1.056069E+15    1.74380E+35   9.307560346E-06  -5.193829E-01   8.478102099E-06
   157     166.516982   5.743627E-01   1.056059E+15    1.74375E+35   1.026939937E-05  -5.193784E-01   9.354266495E-06
   158     172.066206   5.743575E-01   1.056047E+15    1.74370E+35   1.133061295E-05  -5.193736E-01   1.032096112E-05
   159     177.800266   5.743519E-01   1.056035E+15    1.74364E+35   1.250146437E-05  -5.193685E-01   1.138753712E-05
   160     183.725308   5.743460E-01   1.056022E+15    1.74358E+35   1.379327621E-05  -5.193630E-01   1.256431107E-05
   161     189.847683   5.743396E-01   1.056009E+15    1.74351E+35   1.521853956E-05  -5.193572E-01   1.386266445E-05
   162     196.173950   5.743328E-01   1.055994E+15    1.74344E+35   1.679103448E-05  -5.193509E-01   1.529515358E-05
   163     202.710888   5.743256E-01   1.055978E+15    1.74337E+35   1.852596283E-05  -5.193442E-01   1.687563066E-05
   164     209.465497   5.743178E-01   1.055961E+15    1.74329E+35   2.044009476E-05  -5.193371E-01   1.861937741E-05
   165     216.445010   5.743096E-01   1.055943E+15    1.74320E+35   2.255193030E-05  -5.193295E-01   2.054325242E-05
   166     223.656896   5.743007E-01   1.055924E+15    1.74311E+35   2.488187748E-05  -5.193214E-01   2.266585363E-05
   167     231.108875   5.742913E-01   1.055904E+15    1.74301E+35   2.745244885E-05  -5.193127E-01   2.500769753E-05
   168     238.808917   5.742813E-01   1.055882E+15    1.74291E+35   3.028847806E-05  -5.193035E-01   2.759141681E-05
   169     246.765257   5.742705E-01   1.055859E+15    1.74280E+35   3.341735874E-05  -5.192936E-01   3.044197828E-05
   170     254.986398   5.742590E-01   1.055834E+15    1.74268E+35   3.686930792E-05  -5.192830E-01   3.358692317E-05
   171     263.481127   5.742468E-01   1.055807E+15    1.74255E+35   4.067765632E-05  -5.192717E-01   3.705663213E-05
   172     272.258516   5.742337E-01   1.055779E+15    1.74242E+35   4.487916853E-05  -5.192597E-01   4.088461740E-05
   173     281.327935   5.742198E-01   1.055749E+15    1.74227E+35   4.951439588E-05  -5.192469E-01   4.510784493E-05
   174     290.699063   5.742048E-01   1.055716E+15    1.74212E+35   5.462806548E-05  -5.192331E-01   4.976708954E-05
   175     300.381893   5.741889E-01   1.055682E+15    1.74195E+35   6.026950901E-05  -5.192185E-01   5.490732647E-05
   176     310.386746   5.741719E-01   1.055645E+15    1.74178E+35   6.649313534E-05  -5.192029E-01   6.057816296E-05
   177     320.724281   5.741538E-01   1.055605E+15    1.74159E+35   7.335895141E-05  -5.191862E-01   6.683431410E-05
   178     331.405504   5.741344E-01   1.055563E+15    1.74139E+35   8.093313625E-05  -5.191683E-01   7.373612715E-05
   179     342.441776   5.741137E-01   1.055519E+15    1.74117E+35   8.928867353E-05  -5.191493E-01   8.135015963E-05
   180     353.844833   5.740916E-01   1.055471E+15    1.74095E+35   9.850604847E-05  -5.191290E-01   8.974981626E-05
   181     365.626786   5.740681E-01   1.055420E+15    1.74070E+35   1.086740157E-04  -5.191073E-01   9.901605094E-05
   182     377.800142   5.740429E-01   1.055365E+15    1.74044E+35   1.198904451E-04  -5.190842E-01   1.092381402E-04
   183     390.377810   5.740160E-01   1.055307E+15    1.74016E+35   1.322632537E-04  -5.190594E-01   1.205145356E-04
   184     403.373116   5.739873E-01   1.055244E+15    1.73987E+35   1.459114315E-04  -5.190330E-01   1.329538022E-04
   185     416.799814   5.739567E-01   1.055178E+15    1.73955E+35   1.609661718E-04  -5.190049E-01   1.466756534E-04
   186     430.672100   5.739240E-01   1.055107E+15    1.73921E+35   1.775721156E-04  -5.189748E-01   1.618120896E-04
   187     445.004624   5.738891E-01   1.055031E+15    1.73885E+35   1.958887209E-04  -5.189427E-01   1.785086530E-04
   188     459.812504   5.738518E-01   1.054950E+15    1.73847E+35   2.160917714E-04  -5.189084E-01   1.969258092E-04
   189     475.111337   5.738120E-01   1.054864E+15    1.73806E+35   2.383750352E-04  -5.188718E-01   2.172404681E-04
   190     490.917217   5.737695E-01   1.054772E+15    1.73762E+35   2.629520918E-04  -5.188327E-01   2.396476585E-04
   191     507.246745   5.737242E-01   1.054674E+15    1.73715E+35   2.900583407E-04  -5.187910E-01   2.643623715E-04
   192     524.117044   5.736758E-01   1.054569E+15    1.73665E+35   3.199532114E-04  -5.187465E-01   2.916215884E-04
   193     541.545776   5.736241E-01   1.054456E+15    1.73612E+35   3.529225940E-04  -5.186990E-01   3.216865131E-04
   194     559.551152   5.735689E-01   1.054337E+15    1.73555E+35   3.892815113E-04  -5.186483E-01   3.548450267E-04
   195     578.151950   5.735100E-01   1.054209E+15    1.73494E+35   4.293770559E-04  -5.185942E-01   3.914143890E-04
   196     597.367526   5.734471E-01   1.054073E+15    1.73429E+35   4.735916182E-04  -5.185364E-01   4.317442070E-04
   197     617.217836   5.733800E-01   1.053927E+15    1.73360E+35   5.223464328E-04  -5.184747E-01   4.762197005E-04
   198     637.723440   5.733084E-01   1.053772E+15    1.73286E+35   5.761054727E-04  -5.184089E-01   5.252652900E-04
   199     658.905527   5.732319E-01   1.053606E+15    1.73207E+35   6.353797258E-04  -5.183387E-01   5.793485395E-04
   200     680.785923   5.731503E-01   1.053429E+15    1.73123E+35   7.007318884E-04  -5.182637E-01   6.389844877E-04
   201     703.387107   5.730632E-01   1.053240E+15    1.73033E+35   7.727815139E-04  -5.181837E-01   7.047404047E-04
   202     726.732227   5.729703E-01   1.053038E+15    1.72938E+35   8.522106611E-04  -5.180983E-01   7.772410128E-04
   203     750.845114   5.728711E-01   1.052823E+15    1.72836E+35   9.397700841E-04  -5.180072E-01   8.571742170E-04
   204     775.750292   5.727652E-01   1.052594E+15    1.72727E+35   1.036286017E-03  -5.179100E-01   9.452973911E-04
   205     801.472994   5.726522E-01   1.052349E+15    1.72611E+35   1.142667603E-03  -5.178062E-01   1.042444270E-03
   206     828.039177   5.725316E-01   1.052087E+15    1.72487E+35   1.259915027E-03  -5.176956E-01   1.149532504E-03
   207     855.475529   5.724029E-01   1.051808E+15    1.72355E+35   1.389128414E-03  -5.175775E-01   1.267571937E-03
   208     883.809482   5.722656E-01   1.051510E+15    1.72214E+35   1.531517558E-03  -5.174515E-01   1.397673669E-03
   209     913.069224   5.721190E-01   1.051193E+15    1.72063E+35   1.688412550E-03  -5.173171E-01   1.541059975E-03
   210     943.283707   5.719627E-01   1.050854E+15    1.71903E+35   1.861275385E-03  -5.171738E-01   1.699075153E-03
   211     974.482655   5.717959E-01   1.050492E+15    1.71732E+35   2.051712627E-03  -5.170208E-01   1.873197384E-03
   212    1006.696568   5.716180E-01   1.050106E+15    1.71550E+35   2.261489211E-03  -5.168577E-01   2.065051687E-03
   213    1039.956731   5.714281E-01   1.049695E+15    1.71356E+35   2.492543487E-03  -5.166838E-01   2.276424059E-03
   214    1074.295216   5.712256E-01   1.049256E+15    1.71149E+35   2.747003573E-03  -5.164983E-01   2.509276900E-03
   215    1109.744878   5.710096E-01   1.048788E+15    1.70928E+35   3.027205155E-03  -5.163005E-01   2.765765820E-03
   216    1146.339361   5.707792E-01   1.048289E+15    1.70693E+35   3.335710793E-03  -5.160896E-01   3.048257944E-03
   217    1184.113087   5.705335E-01   1.047756E+15    1.70443E+35   3.675330880E-03  -5.158648E-01   3.359351821E-03
   218    1223.101251   5.702715E-01   1.047188E+15    1.70176E+35   4.049146331E-03  -5.156251E-01   3.701899058E-03
   219    1263.339814   5.699921E-01   1.046583E+15    1.69892E+35   4.460533132E-03  -5.153697E-01   4.079027803E-03
   220    1304.865479   5.696945E-01   1.045939E+15    1.69589E+35   4.913189192E-03  -5.150974E-01   4.494168295E-03
   221    1347.715622   5.693772E-01   1.045253E+15    1.69267E+35   5.411161972E-03  -5.148073E-01   4.951079708E-03
   222    1391.928381   5.690389E-01   1.044521E+15    1.68924E+35   5.958880156E-03  -5.144981E-01   5.453880973E-03
   223    1437.542568   5.686784E-01   1.043741E+15    1.68559E+35   6.561186414E-03  -5.141688E-01   6.007082504E-03
   224    1484.597641   5.682941E-01   1.042910E+15    1.68171E+35   7.223372832E-03  -5.138181E-01   6.615620845E-03
   225    1533.133658   5.678846E-01   1.042025E+15    1.67758E+35   7.951218795E-03  -5.134445E-01   7.284895938E-03
   226    1583.191233   5.674483E-01   1.041082E+15    1.67318E+35   8.751031394E-03  -5.130467E-01   8.020811113E-03
   227    1634.811479   5.669835E-01   1.040077E+15    1.66851E+35   9.629688400E-03  -5.126232E-01   8.829815924E-03
   228    1688.035948   5.664883E-01   1.039007E+15    1.66354E+35   1.059468383E-02  -5.121725E-01   9.718951908E-03
   229    1742.906558   5.659610E-01   1.037867E+15    1.65826E+35   1.165417606E-02  -5.116928E-01   1.069590134E-02
   230    1799.465508   5.653994E-01   1.036654E+15    1.65265E+35   1.281703851E-02  -5.111825E-01   1.176903901E-02
   231    1857.755195   5.648015E-01   1.035363E+15    1.64669E+35   1.409291269E-02  -5.106396E-01   1.294748708E-02
   232    1917.818103   5.641651E-01   1.033988E+15    1.64037E+35   1.549226352E-02  -5.100624E-01   1.424117292E-02
   233    1979.696691   5.634879E-01   1.032526E+15    1.63366E+35   1.702643670E-02  -5.094487E-01   1.566088985E-02
   234    2043.433267   5.627672E-01   1.030970E+15    1.62654E+35   1.870771774E-02  -5.087964E-01   1.721836073E-02
   235    2109.069842   5.620007E-01   1.029316E+15    1.61899E+35   2.054939240E-02  -5.081034E-01   1.892630405E-02
   236    2176.647978   5.611854E-01   1.027557E+15    1.61099E+35   2.256580780E-02  -5.073673E-01   2.079850230E-02
   237    2246.208614   5.603186E-01   1.025687E+15    1.60251E+35   2.477243382E-02  -5.065858E-01   2.284987217E-02
   238    2317.791874   5.593980E-01   1.023716E+15    1.59353E+35   2.718593567E-02  -5.057562E-01   2.509653697E-02
   239    2391.435791   5.584200E-01   1.021630E+15    1.58403E+35   2.982421847E-02  -5.048761E-01   2.755586358E-02
   240    2467.177561   5.573811E-01   1.019416E+15    1.57399E+35   3.270646308E-02  -5.039427E-01   3.024657230E-02
   241    2545.053440   5.562779E-01   1.017065E+15    1.56337E+35   3.585321745E-02  -5.029533E-01   3.318881856E-02
   242    2625.097918   5.551068E-01   1.014570E+15    1.55215E+35   3.928642864E-02  -5.019050E-01   3.640424432E-02
   243    2707.343436   5.538640E-01   1.011923E+15    1.54031E+35   4.302948284E-02  -5.007947E-01   3.991604249E-02
   244    2791.820080   5.525458E-01   1.009116E+15    1.52782E+35   4.710723634E-02  -4.996196E-01   4.374901606E-02
   245    2878.555255   5.511480E-01   1.006142E+15    1.51465E+35   5.154603517E-02  -4.983763E-01   4.792962989E-02
   246    2967.573338   5.496666E-01   1.002993E+15    1.50079E+35   5.637372244E-02  -4.970619E-01   5.248605325E-02
   247    3058.895171   5.480974E-01   9.996636E+14    1.48620E+35   6.161964231E-02  -4.956731E-01   5.744818303E-02
   248    3152.537434   5.464359E-01   9.961405E+14    1.47086E+35   6.731456296E-02  -4.942067E-01   6.284764265E-02
   249    3248.513101   5.446776E-01   9.924139E+14    1.45475E+35   7.349067102E-02  -4.926593E-01   6.871782773E-02
   250    3346.830527   5.428178E-01   9.884745E+14    1.43785E+35   8.018147907E-02  -4.910278E-01   7.509385998E-02
   251    3447.493014   5.408519E-01   9.843127E+14    1.42013E+35   8.742171905E-02  -4.893088E-01   8.201254066E-02
   252    3550.498359   5.387751E-01   9.799369E+14    1.40158E+35   9.524724199E-02  -4.874993E-01   8.951227610E-02
   253    3655.836510   5.365825E-01   9.753333E+14    1.38219E+35   1.036948298E-01  -4.855960E-01   9.763282251E-02
   254    3763.491387   5.342693E-01   9.704795E+14    1.36193E+35   1.128018142E-01  -4.835961E-01   1.064152917E-01
   255    3873.441262   5.318305E-01   9.653659E+14    1.34080E+35   1.226060408E-01  -4.814966E-01   1.159020500E-01
   256    3985.657006   5.292622E-01   9.599927E+14    1.31880E+35   1.331455083E-01  -4.792948E-01   1.261364031E-01
   257    4100.100479   5.265610E-01   9.543667E+14    1.29591E+35   1.444581632E-01  -4.769883E-01   1.371622474E-01
   258    4216.723345   5.237198E-01   9.484541E+14    1.27215E+35   1.565810060E-01  -4.745747E-01   1.490235736E-01
   259    4335.471338   5.207342E-01   9.422459E+14    1.24751E+35   1.695501452E-01  -4.720521E-01   1.617645513E-01
   260    4456.281042   5.175996E-01   9.357629E+14    1.22200E+35   1.834003210E-01  -4.694188E-01   1.754288570E-01
   261    4579.075861   5.143118E-01   9.289782E+14    1.19565E+35   1.981640059E-01  -4.666737E-01   1.900587316E-01
   262    4703.771701   5.108665E-01   9.218753E+14    1.16847E+35   2.138709315E-01  -4.638157E-01   2.056950796E-01
   263    4830.275507   5.072563E-01   9.144709E+14    1.14048E+35   2.305478381E-01  -4.608446E-01   2.223767230E-01
   264    4958.480815   5.034800E-01   9.067438E+14    1.11174E+35   2.482173806E-01  -4.577605E-01   2.401391474E-01
   265    5088.272759   4.995363E-01   8.986876E+14    1.08226E+35   2.668975816E-01  -4.545640E-01   2.590146176E-01
   266    5219.526213   4.954264E-01   8.903390E+14    1.05210E+35   2.866018784E-01  -4.512564E-01   2.790312449E-01
   267    5352.099894   4.911439E-01   8.816494E+14    1.02131E+35   3.073368034E-01  -4.478397E-01   3.002111181E-01
   268    5485.848762   4.866833E-01   8.726445E+14    9.89957E+34   3.291031194E-01  -4.443163E-01   3.225712678E-01
   269    5620.613814   4.820459E-01   8.633063E+14    9.58094E+34   3.518942203E-01  -4.406897E-01   3.461212780E-01
   270    5756.229120   4.772314E-01   8.536535E+14    9.25796E+34   3.756958751E-01  -4.369637E-01   3.708638270E-01
   271    5892.517020   4.722403E-01   8.436818E+14    8.93140E+34   4.004861255E-01  -4.331431E-01   3.967928518E-01
   272    6029.292530   4.670725E-01   8.333999E+14    8.60206E+34   4.262339400E-01  -4.292334E-01   4.238936319E-01
   273    6166.362359   4.617301E-01   8.228074E+14    8.27081E+34   4.529002562E-01  -4.252408E-01   4.521417144E-01
   274    6303.527502   4.562122E-01   8.119202E+14    7.93853E+34   4.804366806E-01  -4.211722E-01   4.815029264E-01
   275    6440.581916   4.505246E-01   8.007313E+14    7.60615E+34   5.087863173E-01  -4.170351E-01   5.119323002E-01
   276    6577.317745   4.446669E-01   7.892682E+14    7.27461E+34   5.378837711E-01  -4.128378E-01   5.433750590E-01
   277    6713.521131   4.386475E-01   7.775223E+14    6.94485E+34   5.676549477E-01  -4.085892E-01   5.757652365E-01
   278    6848.979894   4.324667E-01   7.655238E+14    6.61782E+34   5.980189517E-01  -4.042986E-01   6.090271832E-01
   279    6983.478726   4.261316E-01   7.532808E+14    6.29447E+34   6.288870211E-01  -3.999759E-01   6.430747906E-01
   280    7116.804666   4.196515E-01   7.408020E+14    5.97570E+34   6.601649191E-01  -3.956312E-01   6.778125770E-01
   281    7248.748745   4.130235E-01   7.281059E+14    5.66240E+34   6.917528845E-01  -3.912750E-01   7.131368502E-01
   282    7379.106142   4.062629E-01   7.152039E+14    5.35541E+34   7.235470287E-01  -3.869181E-01   7.489364112E-01
   283    7507.679114   3.993789E-01   7.021151E+14    5.05553E+34   7.554411700E-01  -3.825710E-01   7.850936802E-01
   284    7634.277301   3.923693E-01   6.888647E+14    4.76347E+34   7.873274807E-01  -3.782446E-01   8.214862038E-01
   285    7758.718227   3.852475E-01   6.754509E+14    4.47991E+34   8.190974874E-01  -3.739494E-01   8.579876902E-01
   286    7880.833468   3.780262E-01   6.619002E+14    4.20544E+34   8.506443397E-01  -3.696955E-01   8.944706147E-01
   287    8000.465041   3.707121E-01   6.482391E+14    3.94055E+34   8.818639440E-01  -3.654930E-01   9.308070442E-01
   288    8117.466435   3.633036E-01   6.344645E+14    3.68568E+34   9.126553005E-01  -3.613514E-01   9.668700904E-01
   289    8231.708762   3.558207E-01   6.206030E+14    3.44118E+34   9.429232026E-01  -3.572793E-01   1.002537119E+00
   290    8343.076219   3.482744E-01   6.066763E+14    3.20731E+34   9.725778341E-01  -3.532852E-01   1.037688942E+00
   291    8451.467565   3.406709E-01   5.927022E+14    2.98425E+34   1.001536609E+00  -3.493766E-01   1.072213066E+00
   292    8556.797065   3.330079E-01   5.786785E+14    2.77209E+34   1.029724510E+00  -3.455603E-01   1.106004330E+00
   293    8658.997970   3.253080E-01   5.646325E+14    2.57085E+34   1.057075646E+00  -3.418422E-01   1.138967263E+00
   294    8758.017229   3.087730E-01   5.345340E+14    2.38137E+34   1.083402986E+00  -3.382275E-01   1.170865709E+00
   295    8856.623821   3.013490E-01   5.210741E+14    2.20171E+34   1.108909429E+00  -3.346196E-01   1.201956598E+00
   296    8951.909389   2.939261E-01   5.076695E+14    2.03267E+34   1.133461472E+00  -3.311281E-01   1.232021712E+00
   297    9043.859059   2.865210E-01   4.943387E+14    1.87401E+34   1.157026473E+00  -3.277555E-01   1.261004091E+00
   298    9132.470502   2.791431E-01   4.810970E+14    1.72541E+34   1.179579200E+00  -3.245039E-01   1.288855899E+00
   299    9217.754154   2.717839E-01   4.679377E+14    1.58657E+34   1.201103371E+00  -3.213742E-01   1.315540996E+00
   300    9299.735840   2.644622E-01   4.548898E+14    1.45710E+34   1.221591605E+00  -3.183670E-01   1.341034767E+00
   301    9378.449492   2.571961E-01   4.419736E+14    1.33663E+34   1.241043203E+00  -3.154820E-01   1.365321597E+00
   302    9453.937776   2.499961E-01   4.292030E+14    1.22474E+34   1.259463393E+00  -3.127184E-01   1.388394483E+00
   303    9526.252512   2.428381E-01   4.165528E+14    1.12103E+34   1.276864262E+00  -3.100751E-01   1.410255879E+00
   304    9595.459719   2.357661E-01   4.040859E+14    1.02506E+34   1.293265168E+00  -3.075499E-01   1.430918311E+00
   305    9661.623603   2.287889E-01   3.918135E+14    9.36411E+33   1.308688065E+00  -3.051409E-01   1.450398395E+00
   306    9724.814740   2.218949E-01   3.797140E+14    8.54657E+33   1.323159226E+00  -3.028455E-01   1.468719807E+00
   307    9785.114132   2.150991E-01   3.678160E+14    7.79374E+33   1.336709970E+00  -3.006607E-01   1.485913590E+00
   308    9842.603702   2.022353E-01   3.453415E+14    7.10496E+33   1.349308317E+00  -2.985836E-01   1.501932765E+00
   309    9899.072119   1.786906E-01   3.043044E+14    6.50396E+33   1.360460369E+00  -2.965503E-01   1.516163254E+00
   310    9958.336590   1.730818E-01   2.945610E+14    5.91830E+33   1.371513061E+00  -2.944262E-01   1.530298778E+00
   311   10014.776175   1.676075E-01   2.850644E+14    5.38186E+33   1.381819855E+00  -2.924133E-01   1.543497941E+00
   312   10068.474350   1.622668E-01   2.758144E+14    4.89103E+33   1.391413815E+00  -2.905075E-01   1.555798984E+00
   313   10119.517356   1.570522E-01   2.668002E+14    4.44241E+33   1.400328807E+00  -2.887048E-01   1.567242052E+00
   314   10167.995347   1.519674E-01   2.580244E+14    4.03275E+33   1.408599076E+00  -2.870010E-01   1.577867800E+00
   315   10213.999361   1.469978E-01   2.494646E+14    3.65903E+33   1.416259113E+00  -2.853918E-01   1.587718123E+00
   316   10257.624896   1.421527E-01   2.411312E+14    3.31840E+33   1.423343040E+00  -2.838729E-01   1.596834434E+00
   317   10298.965674   1.374190E-01   2.329995E+14    3.00815E+33   1.429884970E+00  -2.824402E-01   1.605258987E+00
   318   10338.118812   1.328024E-01   2.250774E+14    2.72582E+33   1.435917615E+00  -2.810895E-01   1.613032308E+00
   319   10375.179172   1.283233E-01   2.173967E+14    2.46904E+33   1.441474126E+00  -2.798166E-01   1.620195988E+00
   320   10410.234453   1.239788E-01   2.099538E+14    2.23566E+33   1.446585797E+00  -2.786177E-01   1.626789312E+00
   321   10443.371189   1.197645E-01   2.027371E+14    2.02366E+33   1.451282675E+00  -2.774893E-01   1.632850247E+00
   322   10474.675713   1.156291E-01   1.956638E+14    1.83125E+33   1.455592687E+00  -2.764275E-01   1.638414127E+00
   323   10504.245000   1.116254E-01   1.888184E+14    1.65667E+33   1.459544468E+00  -2.754286E-01   1.643517343E+00
   324   10532.159667   1.076731E-01   1.820713E+14    1.49837E+33   1.463163572E+00  -2.744892E-01   1.648192418E+00
   325   10558.516621   1.037997E-01   1.754668E+14    1.35492E+33   1.466474177E+00  -2.736056E-01   1.652470021E+00
   326   10583.403200   1.000575E-01   1.690881E+14    1.22493E+33   1.469501242E+00  -2.727742E-01   1.656382123E+00
   327   10606.890496   9.627460E-02   1.626478E+14    1.10729E+33   1.472264426E+00  -2.719923E-01   1.659953876E+00
   328   10629.087399   9.262553E-02   1.564373E+14    1.00076E+33   1.474787037E+00  -2.712559E-01   1.663215201E+00
   329   10650.056964   8.868464E-02   1.497281E+14    9.04400E+32   1.477086587E+00  -2.705624E-01   1.666188633E+00
   330   10669.956544   8.377127E-02   1.413566E+14    8.17912E+32   1.479165701E+00  -2.699064E-01   1.668877877E+00
   331   10689.108954   7.912400E-02   1.334427E+14    7.39593E+32   1.481061724E+00  -2.692770E-01   1.671331208E+00
   332   10707.538350   7.472923E-02   1.259628E+14    6.68691E+32   1.482790037E+00  -2.686732E-01   1.673568321E+00
   333   10725.268404   7.057397E-02   1.188944E+14    6.04516E+32   1.484364824E+00  -2.680940E-01   1.675607406E+00
   334   10742.322288   6.664578E-02   1.122159E+14    5.46443E+32   1.485799159E+00  -2.675387E-01   1.677465240E+00
   335   10758.722667   6.293278E-02   1.059067E+14    4.93900E+32   1.487105075E+00  -2.670062E-01   1.679157280E+00
   336   10774.491685   5.942366E-02   9.994711E+13    4.46370E+32   1.488293640E+00  -2.664956E-01   1.680697756E+00
   337   10789.650959   5.610761E-02   9.431850E+13    4.03382E+32   1.489375026E+00  -2.660062E-01   1.682099752E+00
   338   10804.221578   5.297438E-02   8.900308E+13    3.64506E+32   1.490358573E+00  -2.655371E-01   1.683375291E+00
   339   10818.224094   5.001417E-02   8.398392E+13    3.29355E+32   1.491252850E+00  -2.650875E-01   1.684535409E+00
   340   10831.678521   4.721771E-02   7.924496E+13    2.97574E+32   1.492065712E+00  -2.646567E-01   1.685590230E+00
   341   10844.604340   4.457615E-02   7.477095E+13    2.68845E+32   1.492804359E+00  -2.642438E-01   1.686549035E+00
   342   10857.020492   4.208111E-02   7.054740E+13    2.42877E+32   1.493475379E+00  -2.638482E-01   1.687420321E+00
   343   10868.945386   3.972463E-02   6.656058E+13    2.19406E+32   1.494084803E+00  -2.634692E-01   1.688211870E+00
   344   10880.396900   3.749917E-02   6.279748E+13    1.98195E+32   1.494638144E+00  -2.631061E-01   1.688930797E+00
   345   10891.392386   3.539757E-02   5.924574E+13    1.79027E+32   1.495140442E+00  -2.627582E-01   1.689583609E+00
   346   10901.948674   3.341304E-02   5.589370E+13    1.61706E+32   1.495596298E+00  -2.624250E-01   1.690176251E+00
   347   10912.082083   3.153916E-02   5.273027E+13    1.46057E+32   1.496009915E+00  -2.621058E-01   1.690714151E+00
   348   10921.808420   2.976984E-02   4.974499E+13    1.31918E+32   1.496385127E+00  -2.618001E-01   1.691202263E+00
   349   10931.142996   2.809932E-02   4.692794E+13    1.19144E+32   1.496725429E+00  -2.615073E-01   1.691645108E+00
   350   10940.100630   2.652214E-02   4.426975E+13    1.07604E+32   1.497034011E+00  -2.612269E-01   1.692046808E+00
   351   10948.695656   2.503314E-02   4.176155E+13    9.71795E+31   1.497313776E+00  -2.609583E-01   1.692411119E+00
   352   10956.941937   2.362744E-02   3.939495E+13    8.77630E+31   1.497567371E+00  -2.607011E-01   1.692741465E+00
   353   10964.852873   2.214226E-02   3.691046E+13    7.92716E+31   1.497796816E+00  -2.604548E-01   1.693040432E+00
   354   10972.494382   2.064754E-02   3.441927E+13    7.16313E+31   1.498003925E+00  -2.602172E-01   1.693310251E+00
   355   10979.913170   1.925351E-02   3.209587E+13    6.47264E+31   1.498191682E+00  -2.599870E-01   1.693554810E+00
   356   10987.115307   1.794634E-02   2.991651E+13    5.84866E+31   1.498361867E+00  -2.597639E-01   1.693776436E+00
   357   10994.109689   1.670784E-02   2.784962E+13    5.28520E+31   1.498516000E+00  -2.595475E-01   1.693977132E+00
   358   11000.911076   1.555467E-02   2.592531E+13    4.77597E+31   1.498655700E+00  -2.593375E-01   1.694159017E+00
   359   11007.524461   1.445256E-02   2.408681E+13    4.31599E+31   1.498782238E+00  -2.591335E-01   1.694323751E+00
   360   11013.967601   1.341186E-02   2.235116E+13    3.90071E+31   1.498896792E+00  -2.589352E-01   1.694472866E+00
   361   11020.252973   1.244601E-02   2.074043E+13    3.52536E+31   1.499000609E+00  -2.587419E-01   1.694607987E+00
   362   11026.384190   1.154314E-02   1.923596E+13    3.18613E+31   1.499094677E+00  -2.585536E-01   1.694730405E+00
   363   11032.367868   1.070068E-02   1.783307E+13    2.87963E+31   1.499179885E+00  -2.583702E-01   1.694841269E+00
   364   11038.209996   9.919644E-03   1.653240E+13    2.60260E+31   1.499257093E+00  -2.581913E-01   1.694941702E+00
   365   11043.913715   9.185461E-03   1.530910E+13    2.35229E+31   1.499327023E+00  -2.580169E-01   1.695032648E+00
   366   11049.488637   8.500584E-03   1.416764E+13    2.12616E+31   1.499390347E+00  -2.578466E-01   1.695114991E+00
   367   11054.941099   7.866077E-03   1.311013E+13    1.92176E+31   1.499447719E+00  -2.576803E-01   1.695189582E+00
   368   11060.274081   7.269186E-03   1.211531E+13    1.73713E+31   1.499499659E+00  -2.575179E-01   1.695257101E+00
   369   11065.497386   6.717563E-03   1.119594E+13    1.57023E+31   1.499546716E+00  -2.573590E-01   1.695318263E+00
   370   11070.613127   6.200362E-03   1.033407E+13    1.41942E+31   1.499589328E+00  -2.572035E-01   1.695373639E+00
   371   11075.629538   5.720531E-03   9.534499E+12    1.28315E+31   1.499627917E+00  -2.570513E-01   1.695423779E+00
   372   11080.550676   5.115453E-03   8.526089E+12    1.16103E+31   1.499662569E+00  -2.569021E-01   1.695468796E+00
   373   11085.535888   4.680083E-03   7.800338E+12    1.05008E+31   1.499694116E+00  -2.567511E-01   1.695509774E+00
   374   11090.470187   4.288004E-03   7.146755E+12    9.49603E+30   1.499722744E+00  -2.566019E-01   1.695546955E+00
   375   11095.346283   3.926162E-03   6.543604E+12    8.58750E+30   1.499748684E+00  -2.564546E-01   1.695580641E+00
   376   11100.168023   3.584793E-03   5.974655E+12    7.76720E+30   1.499772152E+00  -2.563091E-01   1.695611114E+00
   377   11104.950058   3.273099E-03   5.455166E+12    7.02524E+30   1.499793422E+00  -2.561650E-01   1.695638728E+00
   378   11109.692667   2.980478E-03   4.967751E+12    6.35487E+30   1.499812679E+00  -2.560222E-01   1.695663723E+00
   379   11114.409039   2.712222E-03   4.520961E+12    5.74880E+30   1.499830122E+00  -2.558803E-01   1.695686361E+00
   380   11119.102584   2.416152E-03   4.027448E+12    5.20469E+30   1.499845813E+00  -2.557393E-01   1.695706721E+00
   381   11123.877850   2.134877E-03   3.558491E+12    4.71559E+30   1.499859945E+00  -2.555960E-01   1.695725055E+00
   382   11128.779961   1.768930E-03   2.947882E+12    4.29738E+30   1.499872052E+00  -2.554491E-01   1.695740763E+00
   383   11134.178186   1.573529E-03   2.622213E+12    3.89220E+30   1.499883806E+00  -2.552875E-01   1.695756011E+00
   384   11139.681600   1.394994E-03   2.324532E+12    3.52551E+30   1.499894467E+00  -2.551230E-01   1.695769841E+00
   385   11145.312098   1.233581E-03   2.055327E+12    3.19411E+30   1.499904124E+00  -2.549549E-01   1.695782367E+00
   386   11151.089009   1.085671E-03   1.808989E+12    2.89447E+30   1.499912876E+00  -2.547826E-01   1.695793717E+00
   387   11157.044753   9.529800E-04   1.588073E+12    2.62321E+30   1.499920819E+00  -2.546053E-01   1.695804015E+00
   388   11163.201589   8.339487E-04   1.389915E+12    2.37788E+30   1.499928019E+00  -2.544222E-01   1.695813348E+00
   389   11169.587253   7.279292E-04   1.213215E+12    2.15582E+30   1.499934554E+00  -2.542327E-01   1.695821815E+00
   390   11176.229374   6.333721E-04   1.055620E+12    1.95479E+30   1.499940484E+00  -2.540358E-01   1.695829499E+00
   391   11183.161661   5.502883E-04   9.172052E+11    1.77265E+30   1.499945873E+00  -2.538306E-01   1.695836479E+00
   392   11190.408002   4.473919E-04   7.456439E+11    1.61945E+30   1.499950417E+00  -2.536165E-01   1.695842364E+00
   393   11198.563094   4.104343E-04   6.840317E+11    1.46443E+30   1.499955030E+00  -2.533760E-01   1.695848337E+00
   394   11206.617662   3.765292E-04   6.275097E+11    1.32425E+30   1.499959216E+00  -2.531390E-01   1.695853755E+00
   395   11214.572736   3.454244E-04   5.756574E+11    1.19749E+30   1.499963014E+00  -2.529053E-01   1.695858671E+00
   396   11222.429338   3.168888E-04   5.280890E+11    1.08286E+30   1.499966460E+00  -2.526749E-01   1.695863129E+00
   397   11230.188487   2.907101E-04   4.844507E+11    9.79197E+29   1.499969586E+00  -2.524478E-01   1.695867174E+00
   398   11237.851197   2.671872E-04   4.452740E+11    8.85375E+29   1.499972425E+00  -2.522239E-01   1.695870845E+00
   399   11245.403240   2.456057E-04   4.093316E+11    8.00530E+29   1.499975000E+00  -2.520037E-01   1.695874175E+00
   400   11252.844681   2.257671E-04   3.762900E+11    7.23814E+29   1.499977336E+00  -2.517870E-01   1.695877195E+00
   401   11260.176931   2.075307E-04   3.459151E+11    6.54449E+29   1.499979454E+00  -2.515739E-01   1.695879933E+00
   402   11267.401387   1.907671E-04   3.179917E+11    5.91731E+29   1.499981376E+00  -2.513643E-01   1.695882415E+00
   403   11274.519438   1.753574E-04   2.923220E+11    5.35022E+29   1.499983118E+00  -2.511582E-01   1.695884666E+00
   404   11281.532458   1.613038E-04   2.689012E+11    4.83742E+29   1.499984698E+00  -2.509554E-01   1.695886706E+00
   405   11288.437193   1.485386E-04   2.476133E+11    4.37342E+29   1.499986132E+00  -2.507561E-01   1.695888558E+00
   406   11295.227562   1.367834E-04   2.280104E+11    3.95392E+29   1.499987433E+00  -2.505604E-01   1.695890236E+00
   407   11301.905264   1.259583E-04   2.099592E+11    3.57466E+29   1.499988612E+00  -2.503682E-01   1.695891758E+00
   408   11308.471982   1.159898E-04   1.933368E+11    3.23176E+29   1.499989680E+00  -2.501796E-01   1.695893137E+00
   409   11314.929377   1.068101E-04   1.780301E+11    2.92176E+29   1.499990649E+00  -2.499943E-01   1.695894387E+00
   410   11321.279094   9.835672E-05   1.639352E+11    2.64149E+29   1.499991527E+00  -2.498124E-01   1.695895520E+00
   411   11327.522757   9.057232E-05   1.509559E+11    2.38810E+29   1.499992324E+00  -2.496338E-01   1.695896547E+00
   412   11333.661974   8.347548E-05   1.391266E+11    2.15897E+29   1.499993045E+00  -2.494585E-01   1.695897478E+00
   413   11339.692904   7.698511E-05   1.283106E+11    1.95170E+29   1.499993700E+00  -2.492865E-01   1.695898322E+00
   414   11345.612947   7.099928E-05   1.183353E+11    1.76433E+29   1.499994293E+00  -2.491179E-01   1.695899086E+00
   415   11351.423981   6.547880E-05   1.091354E+11    1.59494E+29   1.499994831E+00  -2.489526E-01   1.695899779E+00
   416   11357.127856   6.038749E-05   1.006506E+11    1.44181E+29   1.499995318E+00  -2.487906E-01   1.695900407E+00
   417   11362.726398   5.569200E-05   9.282534E+10    1.30339E+29   1.499995759E+00  -2.486318E-01   1.695900976E+00
   418   11368.221409   5.136155E-05   8.560840E+10    1.17825E+29   1.499996159E+00  -2.484761E-01   1.695901491E+00
   419   11373.614663   4.736778E-05   7.895248E+10    1.06512E+29   1.499996521E+00  -2.483235E-01   1.695901958E+00
   420   11378.907909   4.368451E-05   7.281397E+10    9.62858E+28   1.499996850E+00  -2.481740E-01   1.695902380E+00
   421   11384.102874   4.028761E-05   6.715266E+10    8.70411E+28   1.499997147E+00  -2.480273E-01   1.695902763E+00
   422   11389.201258   3.720153E-05   6.200778E+10    7.86793E+28   1.499997417E+00  -2.478836E-01   1.695903110E+00
   423   11394.198297   3.435869E-05   5.726823E+10    7.11195E+28   1.499997661E+00  -2.477429E-01   1.695903425E+00
   424   11399.094839   3.173305E-05   5.289090E+10    6.42860E+28   1.499997882E+00  -2.476052E-01   1.695903710E+00
   425   11403.892785   2.930804E-05   4.884810E+10    5.81090E+28   1.499998082E+00  -2.474704E-01   1.695903968E+00
   426   11408.594005   2.706831E-05   4.511428E+10    5.25254E+28   1.499998264E+00  -2.473385E-01   1.695904201E+00
   427   11413.200340   2.499972E-05   4.166582E+10    4.74784E+28   1.499998428E+00  -2.472093E-01   1.695904413E+00
   428   11417.713600   2.308920E-05   3.848092E+10    4.29162E+28   1.499998577E+00  -2.470830E-01   1.695904604E+00
   429   11422.135562   2.132466E-05   3.553943E+10    3.87923E+28   1.499998712E+00  -2.469592E-01   1.695904777E+00
   430   11426.467978   1.969495E-05   3.282277E+10    3.50647E+28   1.499998834E+00  -2.468382E-01   1.695904934E+00
   431   11430.712566   1.818978E-05   3.031375E+10    3.16953E+28   1.499998945E+00  -2.467197E-01   1.695905077E+00
   432   11434.871017   1.679963E-05   2.799649E+10    2.86496E+28   1.499999045E+00  -2.466037E-01   1.695905205E+00
   433   11438.944993   1.551570E-05   2.585635E+10    2.58965E+28   1.499999135E+00  -2.464902E-01   1.695905322E+00
   434   11442.936128   1.433248E-05   2.388416E+10    2.34079E+28   1.499999217E+00  -2.463791E-01   1.695905427E+00
   435   11446.845299   1.325484E-05   2.208838E+10    2.11569E+28   1.499999292E+00  -2.462703E-01   1.695905523E+00
   436   11450.669349   1.225823E-05   2.042760E+10    1.91224E+28   1.499999359E+00  -2.461641E-01   1.695905609E+00
   437   11454.410052   1.133654E-05   1.889168E+10    1.72836E+28   1.499999420E+00  -2.460602E-01   1.695905688E+00
   438   11458.069152   1.048414E-05   1.747123E+10    1.56215E+28   1.499999475E+00  -2.459587E-01   1.695905759E+00
   439   11461.648356   9.695825E-06   1.615756E+10    1.41193E+28   1.499999525E+00  -2.458595E-01   1.695905823E+00
   440   11465.149342   8.966779E-06   1.494266E+10    1.27615E+28   1.499999570E+00  -2.457625E-01   1.695905881E+00
   441   11468.573753   8.292545E-06   1.381910E+10    1.15342E+28   1.499999611E+00  -2.456678E-01   1.695905933E+00
   442   11471.923201   7.669003E-06   1.278002E+10    1.04250E+28   1.499999648E+00  -2.455751E-01   1.695905981E+00
   443   11475.199269   7.092343E-06   1.181905E+10    9.42246E+27   1.499999681E+00  -2.454846E-01   1.695906024E+00
   444   11478.403506   6.559038E-06   1.093034E+10    8.51631E+27   1.499999712E+00  -2.453962E-01   1.695906063E+00
   445   11481.537433   6.065832E-06   1.010844E+10    7.69729E+27   1.499999739E+00  -2.453097E-01   1.695906098E+00
   446   11484.602539   5.609708E-06   9.348341E+09    6.95704E+27   1.499999764E+00  -2.452252E-01   1.695906130E+00
   447   11487.600288   5.187880E-06   8.645391E+09    6.28797E+27   1.499999787E+00  -2.451426E-01   1.695906159E+00
   448   11490.532110   4.797768E-06   7.995294E+09    5.68324E+27   1.499999807E+00  -2.450619E-01   1.695906185E+00
   449   11493.399410   4.436989E-06   7.394077E+09    5.13666E+27   1.499999825E+00  -2.449830E-01   1.695906209E+00
   450   11496.203564   4.103337E-06   6.838066E+09    4.64265E+27   1.499999842E+00  -2.449059E-01   1.695906230E+00
   451   11498.945922   3.794772E-06   6.323861E+09    4.19615E+27   1.499999857E+00  -2.448305E-01   1.695906249E+00
   452   11501.627803   3.509410E-06   5.848319E+09    3.79258E+27   1.499999871E+00  -2.447569E-01   1.695906267E+00
   453   11504.250506   3.248163E-06   5.412979E+09    3.42778E+27   1.499999883E+00  -2.446849E-01   1.695906283E+00
   454   11506.813159   3.008761E-06   5.014051E+09    3.09784E+27   1.499999894E+00  -2.446146E-01   1.695906297E+00
   455   11509.314920   2.787002E-06   4.644521E+09    2.79966E+27   1.499999904E+00  -2.445460E-01   1.695906310E+00
   456   11511.757199   2.581586E-06   4.302222E+09    2.53018E+27   1.499999913E+00  -2.444791E-01   1.695906322E+00
   457   11514.141377   2.391310E-06   3.985149E+09    2.28663E+27   1.499999922E+00  -2.444138E-01   1.695906332E+00
   458   11516.468801   2.215056E-06   3.691442E+09    2.06653E+27   1.499999929E+00  -2.443501E-01   1.695906342E+00
   459   11518.740794   2.051793E-06   3.419380E+09    1.86761E+27   1.499999936E+00  -2.442880E-01   1.695906351E+00
   460   11520.958645   1.900561E-06   3.167367E+09    1.68784E+27   1.499999942E+00  -2.442273E-01   1.695906358E+00
   461   11523.123616   1.760476E-06   2.933926E+09    1.52537E+27   1.499999948E+00  -2.441682E-01   1.695906366E+00
   462   11525.236941   1.630716E-06   2.717689E+09    1.37854E+27   1.499999953E+00  -2.441105E-01   1.695906372E+00
   463   11527.299827   1.510519E-06   2.517388E+09    1.24584E+27   1.499999957E+00  -2.440541E-01   1.695906378E+00
   464   11529.313452   1.399181E-06   2.331849E+09    1.12592E+27   1.499999961E+00  -2.439992E-01   1.695906383E+00
   465   11531.278971   1.296049E-06   2.159984E+09    1.01754E+27   1.499999965E+00  -2.439456E-01   1.695906388E+00
   466   11533.197510   1.200518E-06   2.000785E+09    9.19586E+26   1.499999968E+00  -2.438933E-01   1.695906392E+00
   467   11535.070171   1.112028E-06   1.853318E+09    8.31065E+26   1.499999971E+00  -2.438423E-01   1.695906396E+00
   468   11536.898031   1.030060E-06   1.716720E+09    7.51065E+26   1.499999974E+00  -2.437925E-01   1.695906400E+00
   469   11538.682143   9.541339E-07   1.590189E+09    6.78766E+26   1.499999977E+00  -2.437439E-01   1.695906403E+00
   470   11540.423535   8.838039E-07   1.472984E+09    6.13425E+26   1.499999979E+00  -2.436965E-01   1.695906406E+00
   471   11542.123213   8.186577E-07   1.364416E+09    5.54375E+26   1.499999981E+00  -2.436502E-01   1.695906408E+00
   472   11543.782160   7.583132E-07   1.263851E+09    5.01009E+26   1.499999983E+00  -2.436051E-01   1.695906411E+00
   473   11545.401336   7.024165E-07   1.170697E+09    4.52779E+26   1.499999984E+00  -2.435611E-01   1.695906413E+00
   474   11546.981679   6.506398E-07   1.084408E+09    4.09192E+26   1.499999986E+00  -2.435182E-01   1.695906415E+00
   475   11548.524106   6.026795E-07   1.004480E+09    3.69801E+26   1.499999987E+00  -2.434763E-01   1.695906416E+00
   476   11550.029514   5.582543E-07   9.304423E+08    3.34202E+26   1.499999988E+00  -2.434354E-01   1.695906418E+00
   477   11551.498778   5.171036E-07   8.618616E+08    3.02030E+26   1.499999989E+00  -2.433955E-01   1.695906419E+00
   478   11552.932753   4.789861E-07   7.983355E+08    2.72954E+26   1.499999990E+00  -2.433566E-01   1.695906421E+00
   479   11554.332275   4.436782E-07   7.394915E+08    2.46678E+26   1.499999991E+00  -2.433186E-01   1.695906422E+00
   480   11555.698161   4.109729E-07   6.849847E+08    2.22931E+26   1.499999992E+00  -2.432816E-01   1.695906423E+00
   481   11557.031208   3.806784E-07   6.344953E+08    2.01470E+26   1.499999993E+00  -2.432454E-01   1.695906424E+00
   482   11558.332197   3.526168E-07   5.877272E+08    1.82075E+26   1.499999994E+00  -2.432102E-01   1.695906425E+00
   483   11559.601887   3.266237E-07   5.444062E+08    1.64547E+26   1.499999994E+00  -2.431758E-01   1.695906425E+00
   484   11560.841022   3.025466E-07   5.042782E+08    1.48706E+26   1.499999995E+00  -2.431422E-01   1.695906426E+00
   485   11562.050330   2.802443E-07   4.671079E+08    1.34390E+26   1.499999995E+00  -2.431094E-01   1.695906427E+00
   486   11563.230520   2.595859E-07   4.326773E+08    1.21453E+26   1.499999996E+00  -2.430775E-01   1.695906427E+00
   487   11564.382285   2.404503E-07   4.007845E+08    1.09760E+26   1.499999996E+00  -2.430463E-01   1.695906428E+00
   488   11565.506301   2.227253E-07   3.712424E+08    9.91938E+25   1.499999996E+00  -2.430159E-01   1.695906428E+00
   489   11566.603231   2.065697E-07   3.440964E+08    8.96434E+25   1.499999997E+00  -2.429862E-01   1.695906429E+00
   490   11567.673028   1.921634E-07   3.194055E+08    8.10043E+25   1.499999997E+00  -2.429573E-01   1.695906429E+00
   491   11568.714717   1.786298E-07   2.964795E+08    7.31978E+25   1.499999997E+00  -2.429291E-01   1.695906429E+00
   492   11569.729052   1.658029E-07   2.751870E+08    6.61438E+25   1.499999998E+00  -2.429017E-01   1.695906430E+00
   493   11570.716791   1.538969E-07   2.554236E+08    5.97696E+25   1.499999998E+00  -2.428750E-01   1.695906430E+00
   494   11571.678627   1.428459E-07   2.370796E+08    5.40096E+25   1.499999998E+00  -2.428490E-01   1.695906430E+00
   495   11572.615231   1.325884E-07   2.200529E+08    4.88047E+25   1.499999998E+00  -2.428237E-01   1.695906431E+00
   496   11573.527261   1.230675E-07   2.042490E+08    4.41014E+25   1.499999998E+00  -2.427991E-01   1.695906431E+00
   497   11574.415356   1.142302E-07   1.895800E+08    3.98513E+25   1.499999999E+00  -2.427751E-01   1.695906431E+00
   498   11575.280139   1.060663E-07   1.760375E+08    3.60101E+25   1.499999999E+00  -2.427517E-01   1.695906431E+00
   499   11576.121852   9.848825E-08   1.634668E+08    3.25390E+25   1.499999999E+00  -2.427290E-01   1.695906431E+00
   500   11576.941081   9.145157E-08   1.517936E+08    2.94025E+25   1.499999999E+00  -2.427069E-01   1.695906431E+00
   501   11577.738422   8.491763E-08   1.409541E+08    2.65683E+25   1.499999999E+00  -2.426854E-01   1.695906432E+00
   502   11578.514457   7.885050E-08   1.308885E+08    2.40073E+25   1.499999999E+00  -2.426645E-01   1.695906432E+00
   503   11579.269750   7.321684E-08   1.215417E+08    2.16932E+25   1.499999999E+00  -2.426441E-01   1.695906432E+00
   504   11580.004852   6.800672E-08   1.128966E+08    1.96020E+25   1.499999999E+00  -2.426243E-01   1.695906432E+00
   505   11580.720080   6.318528E-08   1.048955E+08    1.77119E+25   1.499999999E+00  -2.426050E-01   1.695906432E+00
   506   11581.415755   5.870565E-08   9.746150E+07    1.60041E+25   1.499999999E+00  -2.425862E-01   1.695906432E+00
   507   11582.092410   5.454360E-08   9.055430E+07    1.44610E+25   1.499999999E+00  -2.425680E-01   1.695906432E+00
   508   11582.750562   5.067662E-08   8.413661E+07    1.30666E+25   1.499999999E+00  -2.425502E-01   1.695906432E+00
   509   11583.390713   4.708379E-08   7.817373E+07    1.18067E+25   1.500000000E+00  -2.425330E-01   1.695906432E+00
   510   11584.013353   4.374664E-08   7.263490E+07    1.06683E+25   1.500000000E+00  -2.425162E-01   1.695906432E+00
   511   11584.618946   4.067500E-08   6.753228E+07    9.63926E+24   1.500000000E+00  -2.424999E-01   1.695906432E+00
   512   11585.207555   3.781904E-08   6.278811E+07    8.70951E+24   1.500000000E+00  -2.424840E-01   1.695906432E+00
   513   11585.779652   3.516360E-08   5.837721E+07    7.86943E+24   1.500000000E+00  -2.424686E-01   1.695906432E+00
   514   11586.335700   3.269460E-08   5.427617E+07    7.11038E+24   1.500000000E+00  -2.424536E-01   1.695906432E+00
   515   11586.876147   3.039896E-08   5.046323E+07    6.42455E+24   1.500000000E+00  -2.424391E-01   1.695906432E+00
   516   11587.401427   2.826450E-08   4.691814E+07    5.80486E+24   1.500000000E+00  -2.424249E-01   1.695906433E+00
   517   11587.911966   2.628948E-08   4.363885E+07    5.24492E+24   1.500000000E+00  -2.424112E-01   1.695906433E+00
   518   11588.407980   2.446133E-08   4.060435E+07    4.73882E+24   1.500000000E+00  -2.423979E-01   1.695906433E+00
   519   11588.889681   2.276030E-08   3.778086E+07    4.28156E+24   1.500000000E+00  -2.423849E-01   1.695906433E+00
   520   11589.357479   2.117756E-08   3.515369E+07    3.86842E+24   1.500000000E+00  -2.423723E-01   1.695906433E+00
   521   11589.811774   1.970488E-08   3.270921E+07    3.49514E+24   1.500000000E+00  -2.423601E-01   1.695906433E+00
   522   11590.252955   1.833461E-08   3.043471E+07    3.15788E+24   1.500000000E+00  -2.423482E-01   1.695906433E+00
   523   11590.681399   1.705963E-08   2.831836E+07    2.85317E+24   1.500000000E+00  -2.423367E-01   1.695906433E+00
   524   11591.097472   1.588697E-08   2.637189E+07    2.57775E+24   1.500000000E+00  -2.423255E-01   1.695906433E+00
   525   11591.501166   1.479665E-08   2.456206E+07    2.32889E+24   1.500000000E+00  -2.423146E-01   1.695906433E+00
   526   11591.892799   1.378115E-08   2.287643E+07    2.10406E+24   1.500000000E+00  -2.423041E-01   1.695906433E+00
   527   11592.272728   1.283535E-08   2.130649E+07    1.90093E+24   1.500000000E+00  -2.422939E-01   1.695906433E+00
   528   11592.641304   1.195445E-08   1.984428E+07    1.71741E+24   1.500000000E+00  -2.422840E-01   1.695906433E+00
   529   11592.998864   1.113401E-08   1.848241E+07    1.55161E+24   1.500000000E+00  -2.422743E-01   1.695906433E+00
   530   11593.345737   1.037181E-08   1.721741E+07    1.40181E+24   1.500000000E+00  -2.422650E-01   1.695906433E+00
   531   11593.682174   9.669978E-09   1.605348E+07    1.26640E+24   1.500000000E+00  -2.422560E-01   1.695906433E+00
   532   11594.008175   9.015637E-09   1.496823E+07    1.14408E+24   1.500000000E+00  -2.422472E-01   1.695906433E+00
   533   11594.324064   8.405573E-09   1.395634E+07    1.03356E+24   1.500000000E+00  -2.422387E-01   1.695906433E+00
   534   11594.630153   7.836789E-09   1.301286E+07    9.33728E+23   1.500000000E+00  -2.422305E-01   1.695906433E+00
   535   11594.926745   7.306493E-09   1.213316E+07    8.43534E+23   1.500000000E+00  -2.422225E-01   1.695906433E+00
   536   11595.214135   6.812080E-09   1.131293E+07    7.62053E+23   1.500000000E+00  -2.422148E-01   1.695906433E+00
   537   11595.492608   6.353933E-09   1.055241E+07    6.88438E+23   1.500000000E+00  -2.422073E-01   1.695906433E+00
   538   11595.762328   5.930790E-09   9.849339E+06    6.21903E+23   1.500000000E+00  -2.422001E-01   1.695906433E+00
   539   11596.023390   5.535825E-09   9.193114E+06    5.61799E+23   1.500000000E+00  -2.421930E-01   1.695906433E+00
   540   11596.276072   5.167163E-09   8.580609E+06    5.07504E+23   1.500000000E+00  -2.421863E-01   1.695906433E+00
   541   11596.520641   4.823052E-09   8.008914E+06    4.58456E+23   1.500000000E+00  -2.421797E-01   1.695906433E+00
   542   11596.757358   4.501857E-09   7.475307E+06    4.14148E+23   1.500000000E+00  -2.421733E-01   1.695906433E+00
   543   11596.986474   4.202052E-09   6.977253E+06    3.74122E+23   1.500000000E+00  -2.421672E-01   1.695906433E+00
   544   11597.208233   3.924473E-09   6.516139E+06    3.37961E+23   1.500000000E+00  -2.421612E-01   1.695906433E+00
   545   11597.422746   3.667588E-09   6.089418E+06    3.05279E+23   1.500000000E+00  -2.421555E-01   1.695906433E+00
   546   11597.630103   3.427518E-09   5.690641E+06    2.75757E+23   1.500000000E+00  -2.421499E-01   1.695906433E+00
   547   11597.830543   3.203162E-09   5.317978E+06    2.49090E+23   1.500000000E+00  -2.421445E-01   1.695906433E+00
   548   11598.024296   2.993491E-09   4.969720E+06    2.25002E+23   1.500000000E+00  -2.421393E-01   1.695906433E+00
   549   11598.211585   2.797545E-09   4.644268E+06    2.03243E+23   1.500000000E+00  -2.421343E-01   1.695906433E+00
   550   11598.392626   2.614425E-09   4.340128E+06    1.83588E+23   1.500000000E+00  -2.421294E-01   1.695906433E+00
   551   11598.567626   2.444623E-09   4.058173E+06    1.65833E+23   1.500000000E+00  -2.421247E-01   1.695906433E+00
   552   11598.736691   2.287452E-09   3.797267E+06    1.49786E+23   1.500000000E+00  -2.421202E-01   1.695906433E+00
   553   11598.899895   2.140386E-09   3.553134E+06    1.35291E+23   1.500000000E+00  -2.421158E-01   1.695906433E+00
   554   11599.057441   2.002775E-09   3.324696E+06    1.22200E+23   1.500000000E+00  -2.421116E-01   1.695906433E+00
   555   11599.209524   1.874011E-09   3.110946E+06    1.10375E+23   1.500000000E+00  -2.421075E-01   1.695906433E+00
   556   11599.356335   1.753525E-09   2.910937E+06    9.96941E+22   1.500000000E+00  -2.421035E-01   1.695906433E+00
   557   11599.498055   1.640786E-09   2.723788E+06    9.00469E+22   1.500000000E+00  -2.420997E-01   1.695906433E+00
   558   11599.634861   1.535764E-09   2.549442E+06    8.13329E+22   1.500000000E+00  -2.420960E-01   1.695906433E+00
   559   11599.766883   1.438678E-09   2.388257E+06    7.34581E+22   1.500000000E+00  -2.420925E-01   1.695906433E+00
   560   11599.894173   1.347729E-09   2.237263E+06    6.63457E+22   1.500000000E+00  -2.420891E-01   1.695906433E+00
   561   11600.016902   1.262530E-09   2.095816E+06    5.99220E+22   1.500000000E+00  -2.420858E-01   1.695906433E+00
   562   11600.135232   1.182717E-09   1.963311E+06    5.41202E+22   1.500000000E+00  -2.420826E-01   1.695906433E+00
   563   11600.249321   1.107949E-09   1.839183E+06    4.88802E+22   1.500000000E+00  -2.420796E-01   1.695906433E+00
   564   11600.359322   1.037908E-09   1.722903E+06    4.41475E+22   1.500000000E+00  -2.420766E-01   1.695906433E+00
   565   11600.465380   9.722942E-10   1.613975E+06    3.98730E+22   1.500000000E+00  -2.420738E-01   1.695906433E+00
   566   11600.567636   9.118229E-10   1.513634E+06    3.60103E+22   1.500000000E+00  -2.420710E-01   1.695906433E+00
