       6     577     330     410

     EOS file :  /Users/dany/Work/NStar/eos/v14/APR_EOS_Acc_Pd.dat           

  step        radius       baryon#       density        pressure       encl. mass            phi     encl. bar. mass 
                (m)        (#/fm3)       (g/cm3)        (dyn/cm2)      (sol. mass)                     (sol. mass)   

     0       0.000000   8.880759E-01   1.861358E+15    7.55755E+35   0.000000000E+00  -1.046006E+00   0.000000000E+00
     1       1.000000   8.880759E-01   1.861358E+15    7.55755E+35   3.919979438E-12  -1.046006E+00   3.132209627E-12
     2       1.033333   8.880759E-01   1.861358E+15    7.55755E+35   4.325189158E-12  -1.046006E+00   3.455987292E-12
     3       1.067778   8.880759E-01   1.861358E+15    7.55755E+35   4.772285556E-12  -1.046006E+00   3.813233974E-12
     4       1.103370   8.880759E-01   1.861358E+15    7.55755E+35   5.265598473E-12  -1.046006E+00   4.207409376E-12
     5       1.140149   8.880759E-01   1.861358E+15    7.55755E+35   5.809905327E-12  -1.046006E+00   4.642330836E-12
     6       1.178154   8.880759E-01   1.861358E+15    7.55755E+35   6.410477380E-12  -1.046006E+00   5.122210286E-12
     7       1.217426   8.880759E-01   1.861358E+15    7.55755E+35   7.073130787E-12  -1.046006E+00   5.651695052E-12
     8       1.258007   8.880759E-01   1.861358E+15    7.55755E+35   7.804282920E-12  -1.046006E+00   6.235912852E-12
     9       1.299941   8.880759E-01   1.861358E+15    7.55755E+35   8.611014516E-12  -1.046006E+00   6.880521461E-12
    10       1.343272   8.880759E-01   1.861358E+15    7.55755E+35   9.501138252E-12  -1.046006E+00   7.591763499E-12
    11       1.388048   8.880759E-01   1.861358E+15    7.55755E+35   1.048327441E-11  -1.046006E+00   8.376526887E-12
    12       1.434316   8.880759E-01   1.861358E+15    7.55755E+35   1.156693433E-11  -1.046006E+00   9.242411554E-12
    13       1.482126   8.880759E-01   1.861358E+15    7.55755E+35   1.276261258E-11  -1.046006E+00   1.019780304E-11
    14       1.531531   8.880759E-01   1.861358E+15    7.55755E+35   1.408188852E-11  -1.046006E+00   1.125195369E-11
    15       1.582582   8.880759E-01   1.861358E+15    7.55755E+35   1.553753850E-11  -1.046006E+00   1.241507227E-11
    16       1.635334   8.880759E-01   1.861358E+15    7.55755E+35   1.714365955E-11  -1.046006E+00   1.369842286E-11
    17       1.689846   8.880759E-01   1.861358E+15    7.55755E+35   1.891580592E-11  -1.046006E+00   1.511443386E-11
    18       1.746174   8.880759E-01   1.861358E+15    7.55755E+35   2.087113969E-11  -1.046006E+00   1.667681843E-11
    19       1.804380   8.880759E-01   1.861358E+15    7.55755E+35   2.302859703E-11  -1.046006E+00   1.840070727E-11
    20       1.864526   8.880759E-01   1.861358E+15    7.55755E+35   2.540907152E-11  -1.046006E+00   2.030279512E-11
    21       1.926676   8.880759E-01   1.861358E+15    7.55755E+35   2.803561651E-11  -1.046006E+00   2.240150249E-11
    22       1.990899   8.880759E-01   1.861358E+15    7.55755E+35   3.093366841E-11  -1.046006E+00   2.471715400E-11
    23       2.057262   8.880759E-01   1.861358E+15    7.55755E+35   3.413129297E-11  -1.046006E+00   2.727217524E-11
    24       2.125838   8.880759E-01   1.861358E+15    7.55755E+35   3.765945714E-11  -1.046006E+00   3.009130996E-11
    25       2.196699   8.880759E-01   1.861358E+15    7.55755E+35   4.155232890E-11  -1.046006E+00   3.320185965E-11
    26       2.269922   8.880759E-01   1.861358E+15    7.55755E+35   4.584760821E-11  -1.046006E+00   3.663394799E-11
    27       2.345586   8.880759E-01   1.861358E+15    7.55755E+35   5.058689208E-11  -1.046006E+00   4.042081254E-11
    28       2.423772   8.880759E-01   1.861358E+15    7.55755E+35   5.581607741E-11  -1.046006E+00   4.459912664E-11
    29       2.504565   8.880759E-01   1.861358E+15    7.55755E+35   6.158580548E-11  -1.046006E+00   4.920935456E-11
    30       2.588050   8.880759E-01   1.861358E+15    7.55755E+35   6.795195239E-11  -1.046006E+00   5.429614340E-11
    31       2.674319   8.880759E-01   1.861358E+15    7.55755E+35   7.497617015E-11  -1.046006E+00   5.990875542E-11
    32       2.763463   8.880759E-01   1.861358E+15    7.55755E+35   8.272648378E-11  -1.046006E+00   6.610154514E-11
    33       2.855578   8.880759E-01   1.861358E+15    7.55755E+35   9.127795004E-11  -1.046006E+00   7.293448574E-11
    34       2.950764   8.880759E-01   1.861358E+15    7.55755E+35   1.007133844E-10  -1.046006E+00   8.047374984E-11
    35       3.049123   8.880759E-01   1.861358E+15    7.55755E+35   1.111241628E-10  -1.046006E+00   8.879235033E-11
    36       3.150760   8.880759E-01   1.861358E+15    7.55755E+35   1.226111070E-10  -1.046006E+00   9.797084748E-11
    37       3.255786   8.880759E-01   1.861358E+15    7.55755E+35   1.352854606E-10  -1.046006E+00   1.080981291E-10
    38       3.364312   8.880759E-01   1.861358E+15    7.55755E+35   1.492699665E-10  -1.046006E+00   1.192722714E-10
    39       3.476455   8.880759E-01   1.861358E+15    7.55755E+35   1.647000556E-10  -1.046006E+00   1.316014886E-10
    40       3.592337   8.880759E-01   1.861358E+15    7.55755E+35   1.817251582E-10  -1.046006E+00   1.452051814E-10
    41       3.712082   8.880759E-01   1.861358E+15    7.55755E+35   2.005101514E-10  -1.046006E+00   1.602150925E-10
    42       3.835818   8.880759E-01   1.861358E+15    7.55755E+35   2.212369556E-10  -1.046006E+00   1.767765833E-10
    43       3.963678   8.880758E-01   1.861358E+15    7.55755E+35   2.441062964E-10  -1.046006E+00   1.950500411E-10
    44       4.095801   8.880758E-01   1.861358E+15    7.55755E+35   2.693396486E-10  -1.046006E+00   2.152124324E-10
    45       4.232328   8.880758E-01   1.861358E+15    7.55755E+35   2.971813807E-10  -1.046006E+00   2.374590170E-10
    46       4.373405   8.880758E-01   1.861358E+15    7.55755E+35   3.279011216E-10  -1.046006E+00   2.620052384E-10
    47       4.519185   8.880758E-01   1.861358E+15    7.55755E+35   3.617963720E-10  -1.046006E+00   2.890888110E-10
    48       4.669825   8.880758E-01   1.861358E+15    7.55755E+35   3.991953853E-10  -1.046006E+00   3.189720214E-10
    49       4.825486   8.880758E-01   1.861358E+15    7.55755E+35   4.404603463E-10  -1.046006E+00   3.519442691E-10
    50       4.986335   8.880758E-01   1.861358E+15    7.55755E+35   4.859908791E-10  -1.046006E+00   3.883248688E-10
    51       5.152546   8.880758E-01   1.861358E+15    7.55755E+35   5.362279171E-10  -1.046006E+00   4.284661428E-10
    52       5.324298   8.880758E-01   1.861358E+15    7.55755E+35   5.916579729E-10  -1.046006E+00   4.727568331E-10
    53       5.501774   8.880758E-01   1.861358E+15    7.55755E+35   6.528178500E-10  -1.046006E+00   5.216258660E-10
    54       5.685167   8.880757E-01   1.861358E+15    7.55755E+35   7.202998416E-10  -1.046006E+00   5.755465061E-10
    55       5.874672   8.880757E-01   1.861358E+15    7.55755E+35   7.947574660E-10  -1.046006E+00   6.350409394E-10
    56       6.070495   8.880757E-01   1.861358E+15    7.55755E+35   8.769117961E-10  -1.046006E+00   7.006853304E-10
    57       6.272844   8.880757E-01   1.861358E+15    7.55755E+35   9.675584419E-10  -1.046006E+00   7.731154017E-10
    58       6.481939   8.880757E-01   1.861357E+15    7.55755E+35   1.067575256E-09  -1.046006E+00   8.530325908E-10
    59       6.698003   8.880757E-01   1.861357E+15    7.55755E+35   1.177930834E-09  -1.046006E+00   9.412108429E-10
    60       6.921270   8.880757E-01   1.861357E+15    7.55755E+35   1.299693897E-09  -1.046006E+00   1.038504106E-09
    61       7.151979   8.880756E-01   1.861357E+15    7.55754E+35   1.434043638E-09  -1.046006E+00   1.145854601E-09
    62       7.390378   8.880756E-01   1.861357E+15    7.55754E+35   1.582281143E-09  -1.046006E+00   1.264301945E-09
    63       7.636724   8.880756E-01   1.861357E+15    7.55754E+35   1.745841994E-09  -1.046006E+00   1.394993223E-09
    64       7.891281   8.880756E-01   1.861357E+15    7.55754E+35   1.926310165E-09  -1.046006E+00   1.539194092E-09
    65       8.154324   8.880755E-01   1.861357E+15    7.55754E+35   2.125433370E-09  -1.046006E+00   1.698301041E-09
    66       8.426134   8.880755E-01   1.861357E+15    7.55754E+35   2.345139980E-09  -1.046006E+00   1.873854914E-09
    67       8.707005   8.880755E-01   1.861357E+15    7.55754E+35   2.587557704E-09  -1.046006E+00   2.067555832E-09
    68       8.997239   8.880755E-01   1.861357E+15    7.55754E+35   2.855034191E-09  -1.046006E+00   2.281279657E-09
    69       9.297146   8.880754E-01   1.861357E+15    7.55754E+35   3.150159765E-09  -1.046006E+00   2.517096159E-09
    70       9.607051   8.880754E-01   1.861357E+15    7.55754E+35   3.475792515E-09  -1.046006E+00   2.777289062E-09
    71       9.927286   8.880754E-01   1.861356E+15    7.55754E+35   3.835085965E-09  -1.046006E+00   3.064378155E-09
    72      10.258195   8.880753E-01   1.861356E+15    7.55754E+35   4.231519621E-09  -1.046006E+00   3.381143700E-09
    73      10.600134   8.880753E-01   1.861356E+15    7.55753E+35   4.668932664E-09  -1.046006E+00   3.730653352E-09
    74      10.953472   8.880752E-01   1.861356E+15    7.55753E+35   5.151561130E-09  -1.046005E+00   4.116291870E-09
    75      11.318587   8.880752E-01   1.861356E+15    7.55753E+35   5.684078930E-09  -1.046005E+00   4.541793896E-09
    76      11.695873   8.880751E-01   1.861356E+15    7.55753E+35   6.271643118E-09  -1.046005E+00   5.011280119E-09
    77      12.085734   8.880751E-01   1.861356E+15    7.55753E+35   6.919943827E-09  -1.046005E+00   5.529297183E-09
    78      12.488592   8.880750E-01   1.861355E+15    7.55753E+35   7.635259378E-09  -1.046005E+00   6.100861716E-09
    79      12.904877   8.880750E-01   1.861355E+15    7.55753E+35   8.424517077E-09  -1.046005E+00   6.731508916E-09
    80      13.335039   8.880749E-01   1.861355E+15    7.55752E+35   9.295360299E-09  -1.046005E+00   7.427346148E-09
    81      13.779540   8.880748E-01   1.861355E+15    7.55752E+35   1.025622251E-08  -1.046005E+00   8.195112094E-09
    82      14.238857   8.880747E-01   1.861355E+15    7.55752E+35   1.131640894E-08  -1.046005E+00   9.042242010E-09
    83      14.713484   8.880747E-01   1.861354E+15    7.55752E+35   1.248618668E-08  -1.046005E+00   9.976939728E-09
    84      15.203932   8.880746E-01   1.861354E+15    7.55751E+35   1.377688412E-08  -1.046005E+00   1.100825711E-08
    85      15.710729   8.880745E-01   1.861354E+15    7.55751E+35   1.520100068E-08  -1.046005E+00   1.214618168E-08
    86      16.234418   8.880744E-01   1.861353E+15    7.55751E+35   1.677232779E-08  -1.046005E+00   1.340173340E-08
    87      16.775564   8.880743E-01   1.861353E+15    7.55751E+35   1.850608251E-08  -1.046004E+00   1.478707134E-08
    88      17.334748   8.880742E-01   1.861353E+15    7.55750E+35   2.041905484E-08  -1.046004E+00   1.631561141E-08
    89      17.912571   8.880740E-01   1.861352E+15    7.55750E+35   2.252977036E-08  -1.046004E+00   1.800215635E-08
    90      18.509655   8.880739E-01   1.861352E+15    7.55750E+35   2.485866958E-08  -1.046004E+00   1.986303903E-08
    91      19.126641   8.880738E-01   1.861352E+15    7.55749E+35   2.742830594E-08  -1.046004E+00   2.191628061E-08
    92      19.764193   8.880736E-01   1.861351E+15    7.55749E+35   3.026356414E-08  -1.046004E+00   2.418176509E-08
    93      20.422997   8.880735E-01   1.861351E+15    7.55748E+35   3.339190120E-08  -1.046003E+00   2.668143183E-08
    94      21.103760   8.880733E-01   1.861350E+15    7.55748E+35   3.684361228E-08  -1.046003E+00   2.943948804E-08
    95      21.807215   8.880731E-01   1.861350E+15    7.55747E+35   4.065212406E-08  -1.046003E+00   3.248264318E-08
    96      22.534119   8.880729E-01   1.861349E+15    7.55747E+35   4.485431848E-08  -1.046003E+00   3.584036760E-08
    97      23.285252   8.880727E-01   1.861348E+15    7.55746E+35   4.949088982E-08  -1.046003E+00   3.954517796E-08
    98      24.061423   8.880725E-01   1.861348E+15    7.55746E+35   5.460673881E-08  -1.046002E+00   4.363295206E-08
    99      24.863465   8.880723E-01   1.861347E+15    7.55745E+35   6.025140742E-08  -1.046002E+00   4.814327633E-08
   100      25.692242   8.880720E-01   1.861346E+15    7.55744E+35   6.647955856E-08  -1.046002E+00   5.311982913E-08
   101      26.548644   8.880718E-01   1.861346E+15    7.55744E+35   7.335150546E-08  -1.046001E+00   5.861080370E-08
   102      27.433592   8.880715E-01   1.861345E+15    7.55743E+35   8.093379563E-08  -1.046001E+00   6.466937489E-08
   103      28.348037   8.880712E-01   1.861344E+15    7.55742E+35   8.929985533E-08  -1.046001E+00   7.135421404E-08
   104      29.292964   8.880709E-01   1.861343E+15    7.55741E+35   9.853070047E-08  -1.046000E+00   7.873005715E-08
   105      30.269387   8.880705E-01   1.861342E+15    7.55740E+35   1.087157212E-07  -1.046000E+00   8.686833170E-08
   106      31.278356   8.880702E-01   1.861341E+15    7.55739E+35   1.199535474E-07  -1.046000E+00   9.584784835E-08
   107      32.320957   8.880698E-01   1.861339E+15    7.55738E+35   1.323530036E-07  -1.045999E+00   1.057555640E-07
   108      33.398310   8.880693E-01   1.861338E+15    7.55737E+35   1.460341630E-07  -1.045999E+00   1.166874240E-07
   109      34.511574   8.880689E-01   1.861337E+15    7.55736E+35   1.611295098E-07  -1.045998E+00   1.287492910E-07
   110      35.661945   8.880684E-01   1.861335E+15    7.55734E+35   1.777852221E-07  -1.045998E+00   1.420579699E-07
   111      36.850660   8.880679E-01   1.861334E+15    7.55733E+35   1.961625873E-07  -1.045997E+00   1.567423392E-07
   112      38.078997   8.880674E-01   1.861332E+15    7.55731E+35   2.164395635E-07  -1.045996E+00   1.729445989E-07
   113      39.348277   8.880668E-01   1.861330E+15    7.55730E+35   2.388125029E-07  -1.045996E+00   1.908216469E-07
   114      40.659864   8.880662E-01   1.861329E+15    7.55728E+35   2.634980526E-07  -1.045995E+00   2.105465987E-07
   115      42.015169   8.880655E-01   1.861327E+15    7.55726E+35   2.907352520E-07  -1.045994E+00   2.323104632E-07
   116      43.415648   8.880648E-01   1.861324E+15    7.55724E+35   3.207878476E-07  -1.045993E+00   2.563239925E-07
   117      44.862806   8.880640E-01   1.861322E+15    7.55722E+35   3.539468459E-07  -1.045993E+00   2.828197220E-07
   118      46.358201   8.880632E-01   1.861320E+15    7.55720E+35   3.905333310E-07  -1.045992E+00   3.120542221E-07
   119      47.903438   8.880624E-01   1.861317E+15    7.55717E+35   4.309015731E-07  -1.045991E+00   3.443105824E-07
   120      49.500180   8.880614E-01   1.861314E+15    7.55715E+35   4.754424579E-07  -1.045990E+00   3.799011520E-07
   121      51.150142   8.880605E-01   1.861311E+15    7.55712E+35   5.245872707E-07  -1.045988E+00   4.191705640E-07
   122      52.855099   8.880594E-01   1.861308E+15    7.55709E+35   5.788118714E-07  -1.045987E+00   4.624990718E-07
   123      54.616882   8.880583E-01   1.861305E+15    7.55706E+35   6.386413008E-07  -1.045986E+00   5.103062304E-07
   124      56.437386   8.880571E-01   1.861301E+15    7.55702E+35   7.046548630E-07  -1.045985E+00   5.630549580E-07
   125      58.318567   8.880558E-01   1.861297E+15    7.55699E+35   7.774917326E-07  -1.045983E+00   6.212560175E-07
   126      60.262448   8.880545E-01   1.861293E+15    7.55695E+35   8.578571414E-07  -1.045981E+00   6.854729608E-07
   127      62.271117   8.880530E-01   1.861289E+15    7.55691E+35   9.465292041E-07  -1.045980E+00   7.563275842E-07
   128      64.346734   8.880514E-01   1.861284E+15    7.55686E+35   1.044366449E-06  -1.045978E+00   8.345059470E-07
   129      66.491529   8.880498E-01   1.861279E+15    7.55682E+35   1.152316128E-06  -1.045976E+00   9.207650128E-07
   130      68.707807   8.880480E-01   1.861273E+15    7.55677E+35   1.271423382E-06  -1.045974E+00   1.015939976E-06
   131      70.997951   8.880461E-01   1.861268E+15    7.55671E+35   1.402841356E-06  -1.045972E+00   1.120952344E-06
   132      73.364420   8.880441E-01   1.861262E+15    7.55666E+35   1.547842356E-06  -1.045969E+00   1.236818861E-06
   133      75.809758   8.880419E-01   1.861255E+15    7.55660E+35   1.707830163E-06  -1.045967E+00   1.364661341E-06
   134      78.336593   8.880396E-01   1.861248E+15    7.55653E+35   1.884353611E-06  -1.045964E+00   1.505717531E-06
   135      80.947639   8.880372E-01   1.861241E+15    7.55646E+35   2.079121577E-06  -1.045961E+00   1.661353084E-06
   136      83.645703   8.880345E-01   1.861233E+15    7.55639E+35   2.294019509E-06  -1.045958E+00   1.833074778E-06
   137      86.433682   8.880317E-01   1.861224E+15    7.55631E+35   2.531127665E-06  -1.045955E+00   2.022545093E-06
   138      89.314572   8.880287E-01   1.861215E+15    7.55623E+35   2.792741238E-06  -1.045952E+00   2.231598298E-06
   139      92.291467   8.880255E-01   1.861205E+15    7.55614E+35   3.081392554E-06  -1.045948E+00   2.462258199E-06
   140      95.367566   8.880221E-01   1.861195E+15    7.55604E+35   3.399875561E-06  -1.045944E+00   2.716757715E-06
   141      98.546172   8.880185E-01   1.861184E+15    7.55594E+35   3.751272849E-06  -1.045940E+00   2.997560483E-06
   142     101.830699   8.880146E-01   1.861172E+15    7.55583E+35   4.138985458E-06  -1.045935E+00   3.307384684E-06
   143     105.224675   8.880104E-01   1.861159E+15    7.55571E+35   4.566765758E-06  -1.045931E+00   3.649229341E-06
   144     108.731744   8.880060E-01   1.861146E+15    7.55559E+35   5.038753725E-06  -1.045925E+00   4.026403317E-06
   145     112.355672   8.880012E-01   1.861132E+15    7.55545E+35   5.559516959E-06  -1.045920E+00   4.442557319E-06
   146     116.100349   8.879962E-01   1.861116E+15    7.55531E+35   6.134094831E-06  -1.045914E+00   4.901719196E-06
   147     119.969796   8.879908E-01   1.861100E+15    7.55516E+35   6.768047178E-06  -1.045908E+00   5.408332887E-06
   148     123.968167   8.879850E-01   1.861082E+15    7.55500E+35   7.467508027E-06  -1.045901E+00   5.967301380E-06
   149     128.099752   8.879788E-01   1.861064E+15    7.55482E+35   8.239244850E-06  -1.045894E+00   6.584034110E-06
   150     132.368986   8.879723E-01   1.861044E+15    7.55464E+35   9.090723934E-06  -1.045886E+00   7.264499240E-06
   151     136.780449   8.879652E-01   1.861022E+15    7.55444E+35   1.003018249E-05  -1.045878E+00   8.015281340E-06
   152     141.338874   8.879577E-01   1.861000E+15    7.55423E+35   1.106670817E-05  -1.045870E+00   8.843645014E-06
   153     146.049152   8.879497E-01   1.860975E+15    7.55400E+35   1.221032682E-05  -1.045860E+00   9.757605080E-06
   154     150.916333   8.879412E-01   1.860949E+15    7.55376E+35   1.347209923E-05  -1.045850E+00   1.076600399E-05
   155     155.945638   8.879320E-01   1.860922E+15    7.55351E+35   1.486422786E-05  -1.045840E+00   1.187859724E-05
   156     161.142458   8.879223E-01   1.860892E+15    7.55323E+35   1.640017458E-05  -1.045829E+00   1.310614756E-05
   157     166.512365   8.879119E-01   1.860860E+15    7.55294E+35   1.809479046E-05  -1.045817E+00   1.446052883E-05
   158     172.061112   8.879008E-01   1.860827E+15    7.55263E+35   1.996445898E-05  -1.045804E+00   1.595484068E-05
   159     177.794645   8.878889E-01   1.860791E+15    7.55229E+35   2.202725397E-05  -1.045790E+00   1.760353490E-05
   160     183.719107   8.878762E-01   1.860752E+15    7.55194E+35   2.430311371E-05  -1.045775E+00   1.942255490E-05
   161     189.840841   8.878627E-01   1.860711E+15    7.55156E+35   2.681403306E-05  -1.045760E+00   2.142948943E-05
   162     196.166402   8.878483E-01   1.860667E+15    7.55115E+35   2.958427515E-05  -1.045743E+00   2.364374226E-05
   163     202.702560   8.878328E-01   1.860621E+15    7.55072E+35   3.264060499E-05  -1.045725E+00   2.608671913E-05
   164     209.456308   8.878164E-01   1.860571E+15    7.55026E+35   3.601254695E-05  -1.045706E+00   2.878203415E-05
   165     216.434872   8.877988E-01   1.860517E+15    7.54976E+35   3.973266869E-05  -1.045686E+00   3.175573719E-05
   166     223.645711   8.877800E-01   1.860460E+15    7.54923E+35   4.383689422E-05  -1.045664E+00   3.503656478E-05
   167     231.096535   8.877600E-01   1.860399E+15    7.54867E+35   4.836484900E-05  -1.045641E+00   3.865621677E-05
   168     238.795302   8.877386E-01   1.860334E+15    7.54807E+35   5.336024048E-05  -1.045616E+00   4.264966131E-05
   169     246.750236   8.877157E-01   1.860265E+15    7.54743E+35   5.887127751E-05  -1.045590E+00   4.705547124E-05
   170     254.969827   8.876913E-01   1.860191E+15    7.54674E+35   6.495113268E-05  -1.045561E+00   5.191619489E-05
   171     263.462845   8.876653E-01   1.860112E+15    7.54601E+35   7.165845198E-05  -1.045531E+00   5.727876496E-05
   172     272.238346   8.876374E-01   1.860028E+15    7.54523E+35   7.905791644E-05  -1.045499E+00   6.319494923E-05
   173     281.305683   8.876077E-01   1.859938E+15    7.54439E+35   8.722086120E-05  -1.045465E+00   6.972184751E-05
   174     290.674513   8.875760E-01   1.859841E+15    7.54350E+35   9.622595760E-05  -1.045428E+00   7.692243934E-05
   175     300.354809   8.875422E-01   1.859739E+15    7.54255E+35   1.061599649E-04  -1.045389E+00   8.486618779E-05
   176     310.356868   8.875061E-01   1.859629E+15    7.54154E+35   1.171185582E-04  -1.045347E+00   9.362970492E-05
   177     320.691320   8.874675E-01   1.859512E+15    7.54045E+35   1.292072414E-04  -1.045302E+00   1.032974852E-04
   178     331.369141   8.874263E-01   1.859387E+15    7.53930E+35   1.425423515E-04  -1.045255E+00   1.139627135E-04
   179     342.401663   8.873823E-01   1.859254E+15    7.53806E+35   1.572521661E-04  -1.045204E+00   1.257281563E-04
   180     353.800581   8.873354E-01   1.859111E+15    7.53675E+35   1.734781224E-04  -1.045150E+00   1.387071424E-04
   181     365.577971   8.872852E-01   1.858959E+15    7.53534E+35   1.913761597E-04  -1.045092E+00   1.530246441E-04
   182     377.746293   8.872317E-01   1.858797E+15    7.53384E+35   2.111181975E-04  -1.045030E+00   1.688184687E-04
   183     390.318408   8.871746E-01   1.858624E+15    7.53223E+35   2.328937629E-04  -1.044964E+00   1.862405696E-04
   184     403.307591   8.871136E-01   1.858439E+15    7.53052E+35   2.569117812E-04  -1.044893E+00   2.054584918E-04
   185     416.727535   8.870485E-01   1.858241E+15    7.52870E+35   2.834025475E-04  -1.044818E+00   2.266569626E-04
   186     430.592373   8.869790E-01   1.858030E+15    7.52675E+35   3.126198951E-04  -1.044738E+00   2.500396438E-04
   187     444.916684   8.869049E-01   1.857805E+15    7.52467E+35   3.448435819E-04  -1.044652E+00   2.758310600E-04
   188     459.715505   8.868257E-01   1.857565E+15    7.52245E+35   3.803819138E-04  -1.044560E+00   3.042787223E-04
   189     475.004350   8.867412E-01   1.857309E+15    7.52008E+35   4.195746310E-04  -1.044462E+00   3.356554643E-04
   190     490.799216   8.866509E-01   1.857035E+15    7.51755E+35   4.627960805E-04  -1.044358E+00   3.702620138E-04
   191     507.116599   8.865546E-01   1.856743E+15    7.51485E+35   5.104587025E-04  -1.044247E+00   4.084298213E-04
   192     523.973508   8.864518E-01   1.856432E+15    7.51197E+35   5.630168619E-04  -1.044128E+00   4.505241717E-04
   193     541.387476   8.863421E-01   1.856099E+15    7.50890E+35   6.209710576E-04  -1.044001E+00   4.969476062E-04
   194     559.376575   8.862250E-01   1.855744E+15    7.50562E+35   6.848725439E-04  -1.043866E+00   5.481436848E-04
   195     577.959428   8.861000E-01   1.855365E+15    7.50213E+35   7.553284047E-04  -1.043721E+00   6.046011218E-04
   196     597.155224   8.859666E-01   1.854960E+15    7.49839E+35   8.330071220E-04  -1.043567E+00   6.668583306E-04
   197     616.983728   8.858242E-01   1.854529E+15    7.49441E+35   9.186446841E-04  -1.043402E+00   7.355084174E-04
   198     637.465299   8.856723E-01   1.854068E+15    7.49017E+35   1.013051284E-03  -1.043227E+00   8.112046643E-04
   199     658.620897   8.855102E-01   1.853577E+15    7.48564E+35   1.117118661E-03  -1.043039E+00   8.946665514E-04
   200     680.472101   8.853372E-01   1.853053E+15    7.48080E+35   1.231828146E-03  -1.042839E+00   9.866863649E-04
   201     703.041116   8.851526E-01   1.852493E+15    7.47565E+35   1.358259468E-03  -1.042626E+00   1.088136449E-03
   202     726.350791   8.849556E-01   1.851896E+15    7.47015E+35   1.497600393E-03  -1.042398E+00   1.199977157E-03
   203     750.424623   8.847454E-01   1.851260E+15    7.46429E+35   1.651157275E-03  -1.042155E+00   1.323265571E-03
   204     775.286776   8.845212E-01   1.850580E+15    7.45804E+35   1.820366574E-03  -1.041896E+00   1.459165059E-03
   205     800.962084   8.842820E-01   1.849856E+15    7.45138E+35   2.006807457E-03  -1.041620E+00   1.608955731E-03
   206     827.476065   8.840268E-01   1.849083E+15    7.44427E+35   2.212215540E-03  -1.041325E+00   1.774045903E-03
   207     854.854925   8.837545E-01   1.848258E+15    7.43670E+35   2.438497886E-03  -1.041010E+00   1.955984628E-03
   208     883.125571   8.834642E-01   1.847379E+15    7.42863E+35   2.687749348E-03  -1.040675E+00   2.156475401E-03
   209     912.315611   8.831545E-01   1.846442E+15    7.42003E+35   2.962270370E-03  -1.040317E+00   2.377391134E-03
   210     942.453361   8.828242E-01   1.845442E+15    7.41086E+35   3.264586350E-03  -1.039936E+00   2.620790519E-03
   211     973.567848   8.824720E-01   1.844376E+15    7.40109E+35   3.597468685E-03  -1.039529E+00   2.888935872E-03
   212    1005.688811   8.820964E-01   1.843239E+15    7.39069E+35   3.963957623E-03  -1.039095E+00   3.184312595E-03
   213    1038.846700   8.816959E-01   1.842028E+15    7.37961E+35   4.367387032E-03  -1.038633E+00   3.509650383E-03
   214    1073.072669   8.812690E-01   1.840737E+15    7.36780E+35   4.811411239E-03  -1.038140E+00   3.867946301E-03
   215    1108.398575   8.808139E-01   1.839360E+15    7.35524E+35   5.300034038E-03  -1.037615E+00   4.262489889E-03
   216    1144.856965   8.803288E-01   1.837894E+15    7.34186E+35   5.837640024E-03  -1.037055E+00   4.696890419E-03
   217    1182.481067   8.798120E-01   1.836335E+15    7.32762E+35   6.429028562E-03  -1.036458E+00   5.175106509E-03
   218    1221.304699   8.792618E-01   1.834680E+15    7.31247E+35   7.079451154E-03  -1.035823E+00   5.701477428E-03
   219    1261.362259   8.786754E-01   1.832918E+15    7.29635E+35   7.794646660E-03  -1.035146E+00   6.280757195E-03
   220    1302.688885   8.780508E-01   1.831041E+15    7.27920E+35   8.580887027E-03  -1.034424E+00   6.918154738E-03
   221    1345.320302   8.773855E-01   1.829042E+15    7.26097E+35   9.445020758E-03  -1.033656E+00   7.619372907E-03
   222    1389.292788   8.766769E-01   1.826914E+15    7.24158E+35   1.039452065E-02  -1.032839E+00   8.390652051E-03
   223    1434.643138   8.759224E-01   1.824649E+15    7.22098E+35   1.143753452E-02  -1.031968E+00   9.238816886E-03
   224    1481.408609   8.751192E-01   1.822239E+15    7.19910E+35   1.258293911E-02  -1.031041E+00   1.017132679E-02
   225    1529.626876   8.742641E-01   1.819674E+15    7.17585E+35   1.384039688E-02  -1.030055E+00   1.119632968E-02
   226    1579.335966   8.733542E-01   1.816946E+15    7.15117E+35   1.522041598E-02  -1.029006E+00   1.232271955E-02
   227    1630.574194   8.723861E-01   1.814044E+15    7.12497E+35   1.673441304E-02  -1.027891E+00   1.356019782E-02
   228    1683.380082   8.713562E-01   1.810960E+15    7.09718E+35   1.839477866E-02  -1.026704E+00   1.491933855E-02
   229    1737.792278   8.702610E-01   1.807681E+15    7.06771E+35   2.021494554E-02  -1.025443E+00   1.641165749E-02
   230    1793.849456   8.690977E-01   1.804223E+15    7.03647E+35   2.220947028E-02  -1.024102E+00   1.804968590E-02
   231    1851.589424   8.678615E-01   1.800558E+15    7.00337E+35   2.439408099E-02  -1.022678E+00   1.984702235E-02
   232    1911.050294   8.665480E-01   1.796665E+15    6.96831E+35   2.678575845E-02  -1.021166E+00   2.181844640E-02
   233    1972.270078   8.651526E-01   1.792533E+15    6.93121E+35   2.940282108E-02  -1.019560E+00   2.397999800E-02
   234    2035.286317   8.636709E-01   1.788149E+15    6.89196E+35   3.226499186E-02  -1.017855E+00   2.634905795E-02
   235    2100.135931   8.620979E-01   1.783498E+15    6.85047E+35   3.539347044E-02  -1.016046E+00   2.894443727E-02
   236    2166.855050   8.604287E-01   1.778566E+15    6.80663E+35   3.881100287E-02  -1.014128E+00   3.178646874E-02
   237    2235.478841   8.586593E-01   1.773377E+15    6.76034E+35   4.254197901E-02  -1.012095E+00   3.489710178E-02
   238    2306.039880   8.567836E-01   1.767893E+15    6.71149E+35   4.661243031E-02  -1.009941E+00   3.829992629E-02
   239    2378.570237   8.547955E-01   1.762085E+15    6.65999E+35   5.105009651E-02  -1.007659E+00   4.202035843E-02
   240    2453.100834   8.526894E-01   1.755939E+15    6.60573E+35   5.588450796E-02  -1.005244E+00   4.608572321E-02
   241    2529.660755   8.504592E-01   1.749438E+15    6.54862E+35   6.114699873E-02  -1.002688E+00   5.052532276E-02
   242    2608.276995   8.481008E-01   1.742600E+15    6.48854E+35   6.687077495E-02  -9.999862E-01   5.537052415E-02
   243    2688.972644   8.456065E-01   1.735385E+15    6.42542E+35   7.309080794E-02  -9.971308E-01   6.065473263E-02
   244    2771.769233   8.429694E-01   1.727767E+15    6.35915E+35   7.984386837E-02  -9.941153E-01   6.641360225E-02
   245    2856.685735   8.401832E-01   1.719728E+15    6.28965E+35   8.716851701E-02  -9.909328E-01   7.268506499E-02
   246    2943.737891   8.372450E-01   1.711307E+15    6.21684E+35   9.510514186E-02  -9.875764E-01   7.950936662E-02
   247    3032.935178   8.341448E-01   1.702437E+15    6.14064E+35   1.036955347E-01  -9.840391E-01   8.692885123E-02
   248    3124.285594   8.308754E-01   1.693098E+15    6.06100E+35   1.129830364E-01  -9.803141E-01   9.498833501E-02
   249    3217.793112   8.274330E-01   1.683323E+15    5.97786E+35   1.230124325E-01  -9.763946E-01   1.037349591E-01
   250    3313.454494   8.238090E-01   1.673064E+15    5.89117E+35   1.338295130E-01  -9.722740E-01   1.132178650E-01
   251    3411.263224   8.199958E-01   1.662288E+15    5.80090E+35   1.454808501E-01  -9.679458E-01   1.234884519E-01
   252    3511.208473   8.159898E-01   1.651056E+15    5.70704E+35   1.580139539E-01  -9.634037E-01   1.346002667E-01
   253    3613.269579   8.117814E-01   1.639278E+15    5.60960E+35   1.714760621E-01  -9.586420E-01   1.466082336E-01
   254    3717.424111   8.073677E-01   1.627023E+15    5.50857E+35   1.859146779E-01  -9.536550E-01   1.595693685E-01
   255    3823.638556   8.027417E-01   1.614254E+15    5.40401E+35   2.013768285E-01  -9.484378E-01   1.735415203E-01
   256    3931.874183   7.978971E-01   1.600949E+15    5.29596E+35   2.179078661E-01  -9.429858E-01   1.885836494E-01
   257    4042.086067   7.928293E-01   1.587111E+15    5.18450E+35   2.355522427E-01  -9.372952E-01   2.047555128E-01
   258    4154.221226   7.875328E-01   1.572702E+15    5.06973E+35   2.543514579E-01  -9.313627E-01   2.221169074E-01
   259    4268.221202   7.820035E-01   1.557720E+15    4.95177E+35   2.743447850E-01  -9.251856E-01   2.407277306E-01
   260    4384.019754   7.762402E-01   1.542247E+15    4.83075E+35   2.955680306E-01  -9.187623E-01   2.606470323E-01
   261    4501.536610   7.702366E-01   1.526230E+15    4.70684E+35   3.180529754E-01  -9.120922E-01   2.819314169E-01
   262    4620.687315   7.639905E-01   1.509721E+15    4.58023E+35   3.418263555E-01  -9.051756E-01   3.046358052E-01
   263    4741.375463   7.575002E-01   1.492640E+15    4.45113E+35   3.669085177E-01  -8.980140E-01   3.288113933E-01
   264    4863.502523   7.507668E-01   1.475005E+15    4.31978E+35   3.933146008E-01  -8.906097E-01   3.545069562E-01
   265    4986.961038   7.437869E-01   1.456957E+15    4.18643E+35   4.210532967E-01  -8.829664E-01   3.817664470E-01
   266    5111.625187   7.365595E-01   1.438380E+15    4.05136E+35   4.501238109E-01  -8.750895E-01   4.106259093E-01
   267    5237.371187   7.290863E-01   1.419284E+15    3.91487E+35   4.805181944E-01  -8.669852E-01   4.411170847E-01
   268    5364.067889   7.213739E-01   1.399770E+15    3.77725E+35   5.122205177E-01  -8.586610E-01   4.732645375E-01
   269    5491.569873   7.134218E-01   1.379843E+15    3.63885E+35   5.452043204E-01  -8.501261E-01   5.070827217E-01
   270    5619.725706   7.052335E-01   1.359467E+15    3.50000E+35   5.794334197E-01  -8.413913E-01   5.425768179E-01
   271    5748.382366   6.968143E-01   1.338685E+15    3.36106E+35   6.148623017E-01  -8.324683E-01   5.797431789E-01
   272    5877.379145   6.881704E-01   1.317565E+15    3.22236E+35   6.514365594E-01  -8.233702E-01   6.185667256E-01
   273    6006.546260   6.793090E-01   1.296139E+15    3.08427E+35   6.890909838E-01  -8.141119E-01   6.590194680E-01
   274    6135.709006   6.702393E-01   1.274373E+15    2.94716E+35   7.277493736E-01  -8.047094E-01   7.010608245E-01
   275    6264.694348   6.609648E-01   1.252292E+15    2.81137E+35   7.673267404E-01  -7.951797E-01   7.446389183E-01
   276    6393.327091   6.515006E-01   1.230021E+15    2.67725E+35   8.077307159E-01  -7.855407E-01   7.896890640E-01
   277    6521.421391   6.418524E-01   1.207591E+15    2.54513E+35   8.488597852E-01  -7.758121E-01   8.361302659E-01
   278    6648.790337   6.320373E-01   1.184899E+15    2.41535E+35   8.906028485E-01  -7.660145E-01   8.838678896E-01
   279    6775.260245   6.220567E-01   1.162083E+15    2.28820E+35   9.328448552E-01  -7.561681E-01   9.327991649E-01
   280    6900.648708   6.119334E-01   1.139163E+15    2.16398E+35   9.754649713E-01  -7.462945E-01   9.828048900E-01
   281    7024.776776   6.016708E-01   1.116137E+15    2.04294E+35   1.018336973E+00  -7.364158E-01   1.033754831E+00
   282    7147.472648   5.912943E-01   1.093156E+15    1.92533E+35   1.061334223E+00  -7.265538E-01   1.085509280E+00
   283    7268.557188   5.808066E-01   1.070072E+15    1.81136E+35   1.104324205E+00  -7.167314E-01   1.137914244E+00
   284    7387.875173   5.702184E-01   1.047073E+15    1.70122E+35   1.147178674E+00  -7.069699E-01   1.190814486E+00
   285    7505.262167   5.595556E-01   1.024052E+15    1.59507E+35   1.189766220E+00  -6.972915E-01   1.244041732E+00
   286    7620.575744   5.488329E-01   1.001224E+15    1.49302E+35   1.231963918E+00  -6.877169E-01   1.297430051E+00
   287    7733.662880   5.380557E-01   9.784261E+14    1.39520E+35   1.273645115E+00  -6.782673E-01   1.350801334E+00
   288    7844.399862   5.272416E-01   9.557839E+14    1.30165E+35   1.314694281E+00  -6.689618E-01   1.403985466E+00
   289    7952.663086   5.164123E-01   9.333120E+14    1.21244E+35   1.355000134E+00  -6.598188E-01   1.456809727E+00
   290    8058.340916   5.055675E-01   9.110143E+14    1.12756E+35   1.394458628E+00  -6.508559E-01   1.509104690E+00
   291    8161.335207   4.947260E-01   8.889171E+14    1.04702E+35   1.432973698E+00  -6.420888E-01   1.560706005E+00
   292    8261.559292   4.839044E-01   8.670473E+14    9.70774E+34   1.470459733E+00  -6.335320E-01   1.611458221E+00
   293    8358.937808   4.731093E-01   8.454171E+14    8.98766E+34   1.506839142E+00  -6.251986E-01   1.661212861E+00
   294    8453.408391   4.623566E-01   8.240489E+14    8.30918E+34   1.542045120E+00  -6.170998E-01   1.709832815E+00
   295    8544.920387   4.516539E-01   8.029518E+14    7.67135E+34   1.576020638E+00  -6.092454E-01   1.757192307E+00
   296    8633.435979   4.410128E-01   7.821281E+14    7.07306E+34   1.608718874E+00  -6.016435E-01   1.803178497E+00
   297    8718.930548   4.304409E-01   7.615950E+14    6.51305E+34   1.640103505E+00  -5.943003E-01   1.847692866E+00
   298    8801.390636   4.199472E-01   7.413689E+14    5.98995E+34   1.670148330E+00  -5.872206E-01   1.890650708E+00
   299    8880.813447   4.095355E-01   7.214352E+14    5.50232E+34   1.698836217E+00  -5.804077E-01   1.931981343E+00
   300    8957.209393   3.992164E-01   7.018077E+14    5.04862E+34   1.726159816E+00  -5.738631E-01   1.971629881E+00
   301    9030.598469   3.889923E-01   6.824939E+14    4.62727E+34   1.752120458E+00  -5.675869E-01   2.009555380E+00
   302    9101.010079   3.788673E-01   6.634724E+14    4.23667E+34   1.776726877E+00  -5.615780E-01   2.045730441E+00
   303    9168.485167   3.688481E-01   6.447681E+14    3.87519E+34   1.799996177E+00  -5.558338E-01   2.080142396E+00
   304    9233.070664   3.589344E-01   6.263594E+14    3.54121E+34   1.821951176E+00  -5.503508E-01   2.112789799E+00
   305    9294.823283   3.491300E-01   6.082498E+14    3.23312E+34   1.842621054E+00  -5.451242E-01   2.143683813E+00
   306    9353.806106   3.394405E-01   5.904460E+14    2.94932E+34   1.862040198E+00  -5.401486E-01   2.172846184E+00
   307    9410.087438   3.298660E-01   5.729358E+14    2.68829E+34   1.880247019E+00  -5.354175E-01   2.200307783E+00
   308    9463.741734   3.204048E-01   5.557066E+14    2.44852E+34   1.897283614E+00  -5.309240E-01   2.226108201E+00
   309    9514.848735   3.026964E-01   5.235157E+14    2.23359E+34   1.912813849E+00  -5.266610E-01   2.249741735E+00
   310    9564.962972   2.938781E-01   5.075829E+14    2.03161E+34   1.927670409E+00  -5.224995E-01   2.272430368E+00
   311    9612.628106   2.851994E-01   4.919648E+14    1.84674E+34   1.941509518E+00  -5.185596E-01   2.293629676E+00
   312    9657.927388   2.766615E-01   4.766580E+14    1.67771E+34   1.954378686E+00  -5.148326E-01   2.313397927E+00
   313    9700.946061   2.682683E-01   4.616659E+14    1.52331E+34   1.966326300E+00  -5.113099E-01   2.331796778E+00
   314    9741.770078   2.600253E-01   4.469951E+14    1.38242E+34   1.977401133E+00  -5.079827E-01   2.348890334E+00
   315    9780.485219   2.519180E-01   4.326107E+14    1.25396E+34   1.987651401E+00  -5.048422E-01   2.364743710E+00
   316    9817.180139   2.439638E-01   4.185414E+14    1.13693E+34   1.997125502E+00  -5.018795E-01   2.379423832E+00
   317    9851.940317   2.361722E-01   4.048007E+14    1.03040E+34   2.005870421E+00  -4.990861E-01   2.392996606E+00
   318    9884.849148   2.285492E-01   3.913927E+14    9.33486E+33   2.013931623E+00  -4.964537E-01   2.405526534E+00
   319    9915.988506   2.210861E-01   3.782952E+14    8.45390E+33   2.021353261E+00  -4.939740E-01   2.417077533E+00
   320    9945.440423   2.137825E-01   3.655134E+14    7.65355E+33   2.028178379E+00  -4.916393E-01   2.427712556E+00
   321    9973.284463   1.938427E-01   3.306995E+14    6.93439E+33   2.034381107E+00  -4.894417E-01   2.437389924E+00
   322   10001.367472   1.768304E-01   3.010722E+14    6.30566E+33   2.039855164E+00  -4.872357E-01   2.445956626E+00
   323   10029.629228   1.709391E-01   2.908403E+14    5.70412E+33   2.045156320E+00  -4.850273E-01   2.454259112E+00
   324   10056.334661   1.652209E-01   2.809301E+14    5.15868E+33   2.050021696E+00  -4.829514E-01   2.461882725E+00
   325   10081.554259   1.596782E-01   2.713342E+14    4.66431E+33   2.054482613E+00  -4.810009E-01   2.468875390E+00
   326   10105.356952   1.542875E-01   2.620280E+14    4.21643E+33   2.058568621E+00  -4.791688E-01   2.475282449E+00
   327   10127.811509   1.490611E-01   2.530144E+14    3.81079E+33   2.062307937E+00  -4.774486E-01   2.481147395E+00
   328   10148.983832   1.439697E-01   2.442559E+14    3.44358E+33   2.065726723E+00  -4.758339E-01   2.486510600E+00
   329   10168.940439   1.390337E-01   2.357712E+14    3.11123E+33   2.068850164E+00  -4.743185E-01   2.491411158E+00
   330   10187.743383   1.342195E-01   2.275088E+14    2.81056E+33   2.071701160E+00  -4.728965E-01   2.495884688E+00
   331   10205.456210   1.295654E-01   2.195252E+14    2.53857E+33   2.074301995E+00  -4.715624E-01   2.499965974E+00
   332   10222.134951   1.250653E-01   2.118148E+14    2.29261E+33   2.076672996E+00  -4.703108E-01   2.503686775E+00
   333   10237.833367   1.207163E-01   2.043664E+14    2.07022E+33   2.078833043E+00  -4.691371E-01   2.507076630E+00
   334   10252.603384   1.164666E-01   1.970961E+14    1.86922E+33   2.080799367E+00  -4.680367E-01   2.510162529E+00
   335   10266.500379   1.123534E-01   1.900629E+14    1.68758E+33   2.082588499E+00  -4.670047E-01   2.512970365E+00
   336   10279.572556   1.083258E-01   1.831846E+14    1.52345E+33   2.084215500E+00  -4.660370E-01   2.515523764E+00
   337   10291.870971   1.043638E-01   1.764285E+14    1.37524E+33   2.085693683E+00  -4.651294E-01   2.517843514E+00
   338   10303.446409   1.005437E-01   1.699167E+14    1.24135E+33   2.087036751E+00  -4.642775E-01   2.519951124E+00
   339   10314.338297   9.671157E-02   1.633916E+14    1.12050E+33   2.088255696E+00  -4.634782E-01   2.521863858E+00
   340   10324.600501   9.299911E-02   1.570731E+14    1.01136E+33   2.089362083E+00  -4.627270E-01   2.523599871E+00
   341   10334.269736   8.915360E-02   1.505274E+14    9.12851E+32   2.090365639E+00  -4.620210E-01   2.525174465E+00
   342   10343.406799   8.416249E-02   1.420230E+14    8.24660E+32   2.091268156E+00  -4.613555E-01   2.526590687E+00
   343   10352.181958   7.944871E-02   1.339955E+14    7.44954E+32   2.092087363E+00  -4.607177E-01   2.527876442E+00
   344   10360.608494   7.499713E-02   1.264187E+14    6.72924E+32   2.092830787E+00  -4.601067E-01   2.529043489E+00
   345   10368.699275   7.079341E-02   1.192676E+14    6.07835E+32   2.093505294E+00  -4.595213E-01   2.530102563E+00
   346   10376.466768   6.682396E-02   1.125188E+14    5.49022E+32   2.094117149E+00  -4.589605E-01   2.531063460E+00
   347   10383.923046   6.307590E-02   1.061498E+14    4.95883E+32   2.094672063E+00  -4.584233E-01   2.531935112E+00
   348   10391.079792   5.953705E-02   1.001396E+14    4.47874E+32   2.095175240E+00  -4.579087E-01   2.532725662E+00
   349   10397.948311   5.619586E-02   9.446825E+13    4.04501E+32   2.095631423E+00  -4.574158E-01   2.533442531E+00
   350   10404.539536   5.304141E-02   8.911677E+13    3.65320E+32   2.096044928E+00  -4.569437E-01   2.534092476E+00
   351   10410.864037   5.006337E-02   8.406731E+13    3.29926E+32   2.096419686E+00  -4.564915E-01   2.534681652E+00
   352   10416.932029   4.725196E-02   7.930299E+13    2.97955E+32   2.096759274E+00  -4.560585E-01   2.535215657E+00
   353   10422.753381   4.459792E-02   7.480783E+13    2.69077E+32   2.097066945E+00  -4.556437E-01   2.535699589E+00
   354   10428.337623   4.209253E-02   7.056673E+13    2.42993E+32   2.097345658E+00  -4.552465E-01   2.536138080E+00
   355   10433.693956   3.972750E-02   6.656544E+13    2.19434E+32   2.097598104E+00  -4.548661E-01   2.536535345E+00
   356   10438.831259   3.749503E-02   6.279048E+13    1.98156E+32   2.097826727E+00  -4.545019E-01   2.536895215E+00
   357   10443.758100   3.538773E-02   5.922911E+13    1.78939E+32   2.098033748E+00  -4.541531E-01   2.537221169E+00
   358   10448.482741   3.339861E-02   5.586933E+13    1.61583E+32   2.098221186E+00  -4.538191E-01   2.537516370E+00
   359   10453.013148   3.152109E-02   5.269976E+13    1.45909E+32   2.098390872E+00  -4.534992E-01   2.537783690E+00
   360   10457.357001   2.974892E-02   4.970969E+13    1.31754E+32   2.098544471E+00  -4.531930E-01   2.538025735E+00
   361   10461.521699   2.807622E-02   4.688900E+13    1.18971E+32   2.098683492E+00  -4.528997E-01   2.538244875E+00
   362   10465.514372   2.649744E-02   4.422812E+13    1.07427E+32   2.098809306E+00  -4.526189E-01   2.538443256E+00
   363   10469.341886   2.500730E-02   4.171803E+13    9.70026E+31   2.098923156E+00  -4.523501E-01   2.538622830E+00
   364   10473.010852   2.360086E-02   3.935022E+13    8.75889E+31   2.099026169E+00  -4.520927E-01   2.538785364E+00
   365   10476.527634   2.211000E-02   3.685669E+13    7.91041E+31   2.099119195E+00  -4.518462E-01   2.538932173E+00
   366   10479.922758   2.061550E-02   3.436588E+13    7.14702E+31   2.099203042E+00  -4.516085E-01   2.539064475E+00
   367   10483.216404   1.922195E-02   3.204328E+13    6.45726E+31   2.099278935E+00  -4.513782E-01   2.539184198E+00
   368   10486.411493   1.791476E-02   2.986381E+13    5.83409E+31   2.099347619E+00  -4.511550E-01   2.539292525E+00
   369   10489.512315   1.667716E-02   2.779843E+13    5.27146E+31   2.099409732E+00  -4.509385E-01   2.539390476E+00
   370   10492.525476   1.552501E-02   2.587581E+13    4.76307E+31   2.099465947E+00  -4.507284E-01   2.539479116E+00
   371   10495.453364   1.442280E-02   2.403718E+13    4.30397E+31   2.099516792E+00  -4.505245E-01   2.539559279E+00
   372   10498.304270   1.338338E-02   2.230367E+13    3.88951E+31   2.099562762E+00  -4.503261E-01   2.539631748E+00
   373   10501.083594   1.241885E-02   2.069513E+13    3.51495E+31   2.099604368E+00  -4.501328E-01   2.539697329E+00
   374   10503.793066   1.151696E-02   1.919236E+13    3.17649E+31   2.099642018E+00  -4.499446E-01   2.539756666E+00
   375   10506.435814   1.067584E-02   1.779170E+13    2.87071E+31   2.099676081E+00  -4.497611E-01   2.539810337E+00
   376   10509.014521   9.896128E-03   1.649324E+13    2.59437E+31   2.099706907E+00  -4.495822E-01   2.539858898E+00
   377   10511.530683   9.162781E-03   1.527130E+13    2.34472E+31   2.099734794E+00  -4.494079E-01   2.539902818E+00
   378   10513.988788   8.479218E-03   1.413203E+13    2.11919E+31   2.099760018E+00  -4.492376E-01   2.539942538E+00
   379   10516.391578   7.845600E-03   1.307600E+13    1.91536E+31   2.099782845E+00  -4.490714E-01   2.539978479E+00
   380   10518.740570   7.249972E-03   1.208329E+13    1.73125E+31   2.099803489E+00  -4.489090E-01   2.540010977E+00
   381   10521.040049   6.699554E-03   1.116592E+13    1.56484E+31   2.099822172E+00  -4.487501E-01   2.540040382E+00
   382   10523.291019   6.183183E-03   1.030544E+13    1.41450E+31   2.099839071E+00  -4.485947E-01   2.540066977E+00
   383   10525.497303   5.704484E-03   9.507760E+12    1.27864E+31   2.099854360E+00  -4.484425E-01   2.540091034E+00
   384   10527.660621   5.092279E-03   8.487466E+12    1.15707E+31   2.099868056E+00  -4.482934E-01   2.540112580E+00
   385   10529.855098   4.665519E-03   7.776060E+12    1.04632E+31   2.099880547E+00  -4.481422E-01   2.540132228E+00
   386   10532.022668   4.274519E-03   7.124277E+12    9.46171E+30   2.099891856E+00  -4.479929E-01   2.540150014E+00
   387   10534.163641   3.913183E-03   6.521972E+12    8.55617E+30   2.099902092E+00  -4.478457E-01   2.540166112E+00
   388   10536.280021   3.572830E-03   5.954717E+12    7.73859E+30   2.099911344E+00  -4.477002E-01   2.540180660E+00
   389   10538.377992   3.262078E-03   5.436796E+12    6.99913E+30   2.099919722E+00  -4.475560E-01   2.540193830E+00
   390   10540.457700   2.969995E-03   4.950291E+12    6.33112E+30   2.099927298E+00  -4.474132E-01   2.540205739E+00
   391   10542.525217   2.702603E-03   4.504939E+12    5.72713E+30   2.099934156E+00  -4.472714E-01   2.540216516E+00
   392   10544.581788   2.404941E-03   4.008755E+12    5.18543E+30   2.099940313E+00  -4.471304E-01   2.540226190E+00
   393   10546.675663   2.124893E-03   3.541845E+12    4.69800E+30   2.099945858E+00  -4.469869E-01   2.540234902E+00
   394   10548.824186   1.761033E-03   2.934720E+12    4.28114E+30   2.099950605E+00  -4.468398E-01   2.540242361E+00
   395   10551.188412   1.566447E-03   2.610410E+12    3.87737E+30   2.099955209E+00  -4.466781E-01   2.540249593E+00
   396   10553.597468   1.388360E-03   2.313465E+12    3.51204E+30   2.099959379E+00  -4.465134E-01   2.540256143E+00
   397   10556.061461   1.227667E-03   2.045463E+12    3.18181E+30   2.099963153E+00  -4.463450E-01   2.540262071E+00
   398   10558.588175   1.080196E-03   1.799872E+12    2.88328E+30   2.099966569E+00  -4.461726E-01   2.540267436E+00
   399   10561.192253   9.479512E-04   1.579702E+12    2.61300E+30   2.099969666E+00  -4.459950E-01   2.540272298E+00
   400   10563.883261   8.294161E-04   1.382360E+12    2.36855E+30   2.099972470E+00  -4.458116E-01   2.540276699E+00
   401   10566.673006   7.239401E-04   1.206567E+12    2.14729E+30   2.099975012E+00  -4.456217E-01   2.540280687E+00
   402   10569.573046   6.297860E-04   1.049643E+12    1.94702E+30   2.099977315E+00  -4.454244E-01   2.540284302E+00
   403   10572.598331   5.471168E-04   9.119219E+11    1.76555E+30   2.099979406E+00  -4.452188E-01   2.540287580E+00
   404   10575.758781   4.457771E-04   7.429518E+11    1.61263E+30   2.099981170E+00  -4.450043E-01   2.540290347E+00
   405   10579.304719   4.089382E-04   6.815375E+11    1.45820E+30   2.099982954E+00  -4.447638E-01   2.540293144E+00
   406   10582.804176   3.751433E-04   6.251994E+11    1.31856E+30   2.099984571E+00  -4.445268E-01   2.540295678E+00
   407   10586.257704   3.441411E-04   5.735180E+11    1.19230E+30   2.099986035E+00  -4.442931E-01   2.540297973E+00
   408   10589.665849   3.157006E-04   5.261083E+11    1.07812E+30   2.099987361E+00  -4.440628E-01   2.540300052E+00
   409   10593.029155   2.896103E-04   4.826174E+11    9.74875E+29   2.099988563E+00  -4.438358E-01   2.540301934E+00
   410   10596.348160   2.661905E-04   4.436141E+11    8.81426E+29   2.099989652E+00  -4.436120E-01   2.540303641E+00
   411   10599.616481   2.446817E-04   4.077927E+11    7.96929E+29   2.099990639E+00  -4.433918E-01   2.540305186E+00
   412   10602.834578   2.249107E-04   3.748636E+11    7.20531E+29   2.099991533E+00  -4.431752E-01   2.540306585E+00
   413   10606.003165   2.067371E-04   3.445932E+11    6.51457E+29   2.099992342E+00  -4.429622E-01   2.540307851E+00
   414   10609.122950   1.900318E-04   3.167669E+11    5.89004E+29   2.099993075E+00  -4.427527E-01   2.540308998E+00
   415   10612.194633   1.746763E-04   2.911874E+11    5.32538E+29   2.099993739E+00  -4.425466E-01   2.540310037E+00
   416   10615.218905   1.606863E-04   2.678714E+11    4.81478E+29   2.099994341E+00  -4.423439E-01   2.540310977E+00
   417   10618.194212   1.479658E-04   2.466581E+11    4.35280E+29   2.099994885E+00  -4.421447E-01   2.540311829E+00
   418   10621.118279   1.362521E-04   2.271246E+11    3.93515E+29   2.099995379E+00  -4.419491E-01   2.540312600E+00
   419   10623.991938   1.254657E-04   2.091378E+11    3.55756E+29   2.099995825E+00  -4.417571E-01   2.540313298E+00
   420   10626.816008   1.155331E-04   1.925752E+11    3.21621E+29   2.099996230E+00  -4.415685E-01   2.540313930E+00
   421   10629.591296   1.063867E-04   1.773243E+11    2.90760E+29   2.099996596E+00  -4.413834E-01   2.540314502E+00
   422   10632.318600   9.796438E-05   1.632810E+11    2.62861E+29   2.099996927E+00  -4.412016E-01   2.540315020E+00
   423   10634.998704   9.020875E-05   1.503498E+11    2.37638E+29   2.099997228E+00  -4.410231E-01   2.540315488E+00
   424   10637.632382   8.314434E-05   1.385748E+11    2.14829E+29   2.099997499E+00  -4.408479E-01   2.540315913E+00
   425   10640.217860   7.667788E-05   1.277986E+11    1.94199E+29   2.099997745E+00  -4.406760E-01   2.540316297E+00
   426   10642.754318   7.071429E-05   1.178603E+11    1.75550E+29   2.099997968E+00  -4.405075E-01   2.540316645E+00
   427   10645.242645   6.521447E-05   1.086948E+11    1.58691E+29   2.099998170E+00  -4.403423E-01   2.540316960E+00
   428   10647.683713   6.014236E-05   1.002420E+11    1.43452E+29   2.099998353E+00  -4.401805E-01   2.540317245E+00
   429   10650.078380   5.546470E-05   9.244653E+10    1.29676E+29   2.099998518E+00  -4.400218E-01   2.540317502E+00
   430   10652.427490   5.115082E-05   8.525720E+10    1.17222E+29   2.099998667E+00  -4.398662E-01   2.540317736E+00
   431   10654.731874   4.717243E-05   7.862691E+10    1.05965E+29   2.099998803E+00  -4.397137E-01   2.540317947E+00
   432   10656.992349   4.350344E-05   7.251220E+10    9.57884E+28   2.099998925E+00  -4.395643E-01   2.540318138E+00
   433   10659.209719   4.011980E-05   6.687299E+10    8.65892E+28   2.099999036E+00  -4.394178E-01   2.540318311E+00
   434   10661.384772   3.704855E-05   6.175274E+10    7.82684E+28   2.099999136E+00  -4.392741E-01   2.540318467E+00
   435   10663.515373   3.421674E-05   5.703158E+10    7.07463E+28   2.099999227E+00  -4.391336E-01   2.540318609E+00
   436   10665.602116   3.160135E-05   5.267134E+10    6.39471E+28   2.099999309E+00  -4.389960E-01   2.540318737E+00
   437   10667.645874   2.918586E-05   4.864442E+10    5.78013E+28   2.099999384E+00  -4.388613E-01   2.540318853E+00
   438   10669.647501   2.695499E-05   4.492535E+10    5.22462E+28   2.099999451E+00  -4.387295E-01   2.540318958E+00
   439   10671.607839   2.489462E-05   4.149060E+10    4.72248E+28   2.099999512E+00  -4.386005E-01   2.540319053E+00
   440   10673.527712   2.299172E-05   3.831842E+10    4.26861E+28   2.099999567E+00  -4.384742E-01   2.540319139E+00
   441   10675.407928   2.123427E-05   3.538876E+10    3.85835E+28   2.099999617E+00  -4.383506E-01   2.540319216E+00
   442   10677.249283   1.961115E-05   3.268307E+10    3.48752E+28   2.099999662E+00  -4.382297E-01   2.540319287E+00
   443   10679.052555   1.811208E-05   3.018423E+10    3.15233E+28   2.099999703E+00  -4.381113E-01   2.540319350E+00
   444   10680.818509   1.672760E-05   2.787643E+10    2.84936E+28   2.099999740E+00  -4.379954E-01   2.540319408E+00
   445   10682.547895   1.544894E-05   2.574506E+10    2.57550E+28   2.099999773E+00  -4.378820E-01   2.540319460E+00
   446   10684.241450   1.427165E-05   2.378281E+10    2.32795E+28   2.099999804E+00  -4.377710E-01   2.540319507E+00
   447   10685.899458   1.319840E-05   2.199432E+10    2.10405E+28   2.099999831E+00  -4.376624E-01   2.540319549E+00
   448   10687.520752   1.220585E-05   2.034032E+10    1.90168E+28   2.099999856E+00  -4.375562E-01   2.540319588E+00
   449   10689.106123   1.128794E-05   1.881070E+10    1.71878E+28   2.099999878E+00  -4.374525E-01   2.540319623E+00
   450   10690.656350   1.043905E-05   1.739609E+10    1.55347E+28   2.099999898E+00  -4.373511E-01   2.540319654E+00
   451   10692.172193   9.653997E-06   1.608786E+10    1.40405E+28   2.099999917E+00  -4.372520E-01   2.540319683E+00
   452   10693.654397   8.927979E-06   1.487801E+10    1.26901E+28   2.099999933E+00  -4.371551E-01   2.540319709E+00
   453   10695.103693   8.256556E-06   1.375913E+10    1.14695E+28   2.099999948E+00  -4.370605E-01   2.540319732E+00
   454   10696.520794   7.635623E-06   1.272439E+10    1.03664E+28   2.099999962E+00  -4.369679E-01   2.540319753E+00
   455   10697.906402   7.061385E-06   1.176746E+10    9.36929E+27   2.099999974E+00  -4.368775E-01   2.540319772E+00
   456   10699.261201   6.530330E-06   1.088250E+10    8.46812E+27   2.099999985E+00  -4.367892E-01   2.540319789E+00
   457   10700.585862   6.039211E-06   1.006408E+10    7.65362E+27   2.099999995E+00  -4.367028E-01   2.540319805E+00
   458   10701.881043   5.585024E-06   9.307207E+09    6.91747E+27   2.100000004E+00  -4.366184E-01   2.540319819E+00
   459   10703.147388   5.164994E-06   8.607253E+09    6.25211E+27   2.100000012E+00  -4.365359E-01   2.540319832E+00
   460   10704.385525   4.776550E-06   7.959936E+09    5.65075E+27   2.100000020E+00  -4.364552E-01   2.540319843E+00
   461   10705.596072   4.417319E-06   7.361298E+09    5.10723E+27   2.100000027E+00  -4.363764E-01   2.540319854E+00
   462   10706.779632   4.085103E-06   6.807680E+09    4.61598E+27   2.100000033E+00  -4.362994E-01   2.540319863E+00
   463   10707.936797   3.777871E-06   6.295695E+09    4.17199E+27   2.100000038E+00  -4.362242E-01   2.540319872E+00
   464   10709.068145   3.493743E-06   5.822213E+09    3.77070E+27   2.100000043E+00  -4.361506E-01   2.540319879E+00
   465   10710.174242   3.233923E-06   5.389250E+09    3.40793E+27   2.100000048E+00  -4.360787E-01   2.540319886E+00
   466   10711.254635   2.995542E-06   4.992023E+09    3.07987E+27   2.100000052E+00  -4.360085E-01   2.540319893E+00
   467   10712.309096   2.774732E-06   4.624074E+09    2.78338E+27   2.100000055E+00  -4.359400E-01   2.540319898E+00
   468   10713.338237   2.570197E-06   4.283244E+09    2.51543E+27   2.100000059E+00  -4.358732E-01   2.540319904E+00
   469   10714.342659   2.380739E-06   3.967534E+09    2.27328E+27   2.100000062E+00  -4.358080E-01   2.540319908E+00
   470   10715.322947   2.205246E-06   3.675094E+09    2.05444E+27   2.100000064E+00  -4.357444E-01   2.540319912E+00
   471   10716.279673   2.042688E-06   3.404208E+09    1.85666E+27   2.100000067E+00  -4.356823E-01   2.540319916E+00
   472   10717.213395   1.892113E-06   3.153288E+09    1.67793E+27   2.100000069E+00  -4.356218E-01   2.540319920E+00
   473   10718.124661   1.752636E-06   2.920861E+09    1.51640E+27   2.100000071E+00  -4.355627E-01   2.540319923E+00
   474   10719.014002   1.623441E-06   2.705566E+09    1.37042E+27   2.100000073E+00  -4.355050E-01   2.540319926E+00
   475   10719.881940   1.503769E-06   2.506140E+09    1.23849E+27   2.100000074E+00  -4.354488E-01   2.540319928E+00
   476   10720.728985   1.392918E-06   2.321412E+09    1.11926E+27   2.100000076E+00  -4.353939E-01   2.540319931E+00
   477   10721.555633   1.290238E-06   2.150301E+09    1.01151E+27   2.100000077E+00  -4.353404E-01   2.540319933E+00
   478   10722.362370   1.195127E-06   1.991801E+09    9.14132E+26   2.100000079E+00  -4.352882E-01   2.540319935E+00
   479   10723.149669   1.107027E-06   1.844984E+09    8.26128E+26   2.100000080E+00  -4.352372E-01   2.540319936E+00
   480   10723.917996   1.025421E-06   1.708989E+09    7.46597E+26   2.100000081E+00  -4.351875E-01   2.540319938E+00
   481   10724.667801   9.498303E-07   1.583017E+09    6.74721E+26   2.100000081E+00  -4.351390E-01   2.540319939E+00
   482   10725.399526   8.798119E-07   1.466331E+09    6.09765E+26   2.100000082E+00  -4.350916E-01   2.540319940E+00
   483   10726.113604   8.149548E-07   1.358245E+09    5.51063E+26   2.100000083E+00  -4.350454E-01   2.540319942E+00
   484   10726.810456   7.548786E-07   1.258127E+09    4.98011E+26   2.100000084E+00  -4.350004E-01   2.540319943E+00
   485   10727.490493   6.992309E-07   1.165388E+09    4.50067E+26   2.100000084E+00  -4.349564E-01   2.540319943E+00
   486   10728.154117   6.476853E-07   1.079485E+09    4.06738E+26   2.100000085E+00  -4.349135E-01   2.540319944E+00
   487   10728.801721   5.999394E-07   9.999133E+08    3.67580E+26   2.100000085E+00  -4.348717E-01   2.540319945E+00
   488   10729.433689   5.557131E-07   9.262072E+08    3.32193E+26   2.100000086E+00  -4.348309E-01   2.540319946E+00
   489   10730.050394   5.147469E-07   8.579339E+08    3.00212E+26   2.100000086E+00  -4.347910E-01   2.540319946E+00
   490   10730.652202   4.768006E-07   7.946932E+08    2.71309E+26   2.100000087E+00  -4.347522E-01   2.540319947E+00
   491   10731.239469   4.416516E-07   7.361139E+08    2.45190E+26   2.100000087E+00  -4.347143E-01   2.540319947E+00
   492   10731.812545   4.090936E-07   6.818526E+08    2.21584E+26   2.100000087E+00  -4.346773E-01   2.540319948E+00
   493   10732.371770   3.789357E-07   6.315909E+08    2.00252E+26   2.100000087E+00  -4.346412E-01   2.540319948E+00
   494   10732.917476   3.510009E-07   5.850341E+08    1.80973E+26   2.100000088E+00  -4.346060E-01   2.540319949E+00
   495   10733.449987   3.251254E-07   5.419091E+08    1.63550E+26   2.100000088E+00  -4.345716E-01   2.540319949E+00
   496   10733.969620   3.011574E-07   5.019629E+08    1.47804E+26   2.100000088E+00  -4.345381E-01   2.540319949E+00
   497   10734.476684   2.789563E-07   4.649612E+08    1.33574E+26   2.100000088E+00  -4.345054E-01   2.540319950E+00
   498   10734.971481   2.583917E-07   4.306870E+08    1.20715E+26   2.100000088E+00  -4.344735E-01   2.540319950E+00
   499   10735.454307   2.393431E-07   3.989392E+08    1.09093E+26   2.100000089E+00  -4.344424E-01   2.540319950E+00
   500   10735.925448   2.216988E-07   3.695316E+08    9.85899E+25   2.100000089E+00  -4.344120E-01   2.540319950E+00
   501   10736.385186   2.056707E-07   3.425540E+08    8.90970E+25   2.100000089E+00  -4.343823E-01   2.540319951E+00
   502   10736.833445   1.913263E-07   3.179726E+08    8.05102E+25   2.100000089E+00  -4.343535E-01   2.540319951E+00
   503   10737.269881   1.778272E-07   2.951471E+08    7.27509E+25   2.100000089E+00  -4.343253E-01   2.540319951E+00
   504   10737.694817   1.650572E-07   2.739493E+08    6.57397E+25   2.100000089E+00  -4.342980E-01   2.540319951E+00
   505   10738.108570   1.532043E-07   2.542739E+08    5.94041E+25   2.100000089E+00  -4.342713E-01   2.540319951E+00
   506   10738.511434   1.422025E-07   2.360116E+08    5.36791E+25   2.100000089E+00  -4.342454E-01   2.540319951E+00
   507   10738.903693   1.319908E-07   2.190609E+08    4.85058E+25   2.100000089E+00  -4.342201E-01   2.540319951E+00
   508   10739.285627   1.225124E-07   2.033275E+08    4.38311E+25   2.100000089E+00  -4.341955E-01   2.540319951E+00
   509   10739.657504   1.137146E-07   1.887242E+08    3.96069E+25   2.100000089E+00  -4.341716E-01   2.540319951E+00
   510   10740.019589   1.055897E-07   1.752468E+08    3.57890E+25   2.100000089E+00  -4.341482E-01   2.540319952E+00
   511   10740.371975   9.804535E-08   1.627321E+08    3.23391E+25   2.100000090E+00  -4.341256E-01   2.540319952E+00
   512   10740.714920   9.104006E-08   1.511110E+08    2.92217E+25   2.100000090E+00  -4.341035E-01   2.540319952E+00
   513   10741.048677   8.453528E-08   1.403197E+08    2.64048E+25   2.100000090E+00  -4.340820E-01   2.540319952E+00
   514   10741.373489   7.849525E-08   1.302991E+08    2.38595E+25   2.100000090E+00  -4.340611E-01   2.540319952E+00
   515   10741.689597   7.288678E-08   1.209941E+08    2.15595E+25   2.100000090E+00  -4.340408E-01   2.540319952E+00
   516   10741.997232   6.770235E-08   1.123915E+08    1.94811E+25   2.100000090E+00  -4.340210E-01   2.540319952E+00
   517   10742.296517   6.290233E-08   1.044260E+08    1.76027E+25   2.100000090E+00  -4.340017E-01   2.540319952E+00
   518   10742.587601   5.844261E-08   9.702498E+07    1.59053E+25   2.100000090E+00  -4.339830E-01   2.540319952E+00
   519   10742.870707   5.429908E-08   9.014851E+07    1.43717E+25   2.100000090E+00  -4.339648E-01   2.540319952E+00
   520   10743.146053   5.044932E-08   8.375938E+07    1.29859E+25   2.100000090E+00  -4.339471E-01   2.540319952E+00
   521   10743.413852   4.687250E-08   7.782306E+07    1.17337E+25   2.100000090E+00  -4.339298E-01   2.540319952E+00
   522   10743.674309   4.355223E-08   7.231195E+07    1.06023E+25   2.100000090E+00  -4.339131E-01   2.540319952E+00
   523   10743.927610   4.049416E-08   6.723187E+07    9.57960E+24   2.100000090E+00  -4.338968E-01   2.540319952E+00
   524   10744.173792   3.765082E-08   6.250868E+07    8.65558E+24   2.100000090E+00  -4.338810E-01   2.540319952E+00
   525   10744.413054   3.500712E-08   5.811729E+07    7.82068E+24   2.100000090E+00  -4.338656E-01   2.540319952E+00
   526   10744.645592   3.254904E-08   5.403441E+07    7.06632E+24   2.100000090E+00  -4.338506E-01   2.540319952E+00
   527   10744.871593   3.026357E-08   5.023835E+07    6.38472E+24   2.100000090E+00  -4.338361E-01   2.540319952E+00
   528   10745.091241   2.813856E-08   4.670898E+07    5.76886E+24   2.100000090E+00  -4.338220E-01   2.540319952E+00
   529   10745.304713   2.617344E-08   4.344625E+07    5.21236E+24   2.100000090E+00  -4.338083E-01   2.540319952E+00
   530   10745.512092   2.435332E-08   4.042508E+07    4.70939E+24   2.100000090E+00  -4.337949E-01   2.540319952E+00
   531   10745.713476   2.265977E-08   3.761398E+07    4.25496E+24   2.100000090E+00  -4.337820E-01   2.540319952E+00
   532   10745.909040   2.108398E-08   3.499837E+07    3.84437E+24   2.100000090E+00  -4.337694E-01   2.540319952E+00
   533   10746.098950   1.961778E-08   3.256463E+07    3.47341E+24   2.100000090E+00  -4.337572E-01   2.540319952E+00
   534   10746.283370   1.825354E-08   3.030014E+07    3.13824E+24   2.100000090E+00  -4.337454E-01   2.540319952E+00
   535   10746.462458   1.698417E-08   2.819311E+07    2.83542E+24   2.100000090E+00  -4.337339E-01   2.540319952E+00
   536   10746.636368   1.581761E-08   2.625674E+07    2.56169E+24   2.100000090E+00  -4.337227E-01   2.540319952E+00
   537   10746.805086   1.473202E-08   2.445478E+07    2.31438E+24   2.100000090E+00  -4.337119E-01   2.540319952E+00
   538   10746.968756   1.372094E-08   2.277649E+07    2.09094E+24   2.100000090E+00  -4.337014E-01   2.540319952E+00
   539   10747.127530   1.277925E-08   2.121337E+07    1.88908E+24   2.100000090E+00  -4.336912E-01   2.540319952E+00
   540   10747.281554   1.190219E-08   1.975753E+07    1.70670E+24   2.100000090E+00  -4.336813E-01   2.540319952E+00
   541   10747.430969   1.108533E-08   1.840160E+07    1.54193E+24   2.100000090E+00  -4.336717E-01   2.540319952E+00
   542   10747.575912   1.032712E-08   1.714330E+07    1.39306E+24   2.100000090E+00  -4.336624E-01   2.540319952E+00
   543   10747.716481   9.628300E-09   1.598436E+07    1.25850E+24   2.100000090E+00  -4.336533E-01   2.540319952E+00
   544   10747.852685   8.976770E-09   1.490377E+07    1.13693E+24   2.100000090E+00  -4.336446E-01   2.540319952E+00
   545   10747.984659   8.369326E-09   1.389622E+07    1.02711E+24   2.100000090E+00  -4.336361E-01   2.540319952E+00
   546   10748.112536   7.802987E-09   1.295679E+07    9.27894E+23   2.100000090E+00  -4.336279E-01   2.540319952E+00
   547   10748.236442   7.274971E-09   1.208087E+07    8.38263E+23   2.100000090E+00  -4.336199E-01   2.540319952E+00
   548   10748.356499   6.782685E-09   1.126416E+07    7.57290E+23   2.100000090E+00  -4.336122E-01   2.540319952E+00
   549   10748.472828   6.326968E-09   1.050760E+07    6.84133E+23   2.100000090E+00  -4.336048E-01   2.540319952E+00
   550   10748.585491   5.905615E-09   9.807511E+06    6.18014E+23   2.100000090E+00  -4.335975E-01   2.540319952E+00
   551   10748.694534   5.512322E-09   9.154064E+06    5.58285E+23   2.100000090E+00  -4.335905E-01   2.540319952E+00
   552   10748.800074   5.145221E-09   8.544155E+06    5.04328E+23   2.100000090E+00  -4.335837E-01   2.540319952E+00
   553   10748.902223   4.802567E-09   7.974881E+06    4.55587E+23   2.100000090E+00  -4.335772E-01   2.540319952E+00
   554   10749.001090   4.482733E-09   7.443536E+06    4.11556E+23   2.100000090E+00  -4.335708E-01   2.540319952E+00
   555   10749.096780   4.184198E-09   6.947594E+06    3.71780E+23   2.100000090E+00  -4.335647E-01   2.540319952E+00
   556   10749.189396   3.908093E-09   6.488928E+06    3.35844E+23   2.100000090E+00  -4.335588E-01   2.540319952E+00
   557   10749.278976   3.652277E-09   6.063985E+06    3.03366E+23   2.100000090E+00  -4.335530E-01   2.540319952E+00
   558   10749.365566   3.413207E-09   5.666870E+06    2.74029E+23   2.100000090E+00  -4.335474E-01   2.540319952E+00
   559   10749.449266   3.189786E-09   5.295760E+06    2.47529E+23   2.100000090E+00  -4.335421E-01   2.540319952E+00
   560   10749.530172   2.980989E-09   4.948954E+06    2.23591E+23   2.100000090E+00  -4.335369E-01   2.540319952E+00
   561   10749.608378   2.785859E-09   4.624859E+06    2.01969E+23   2.100000090E+00  -4.335319E-01   2.540319952E+00
   562   10749.683973   2.603503E-09   4.321988E+06    1.82437E+23   2.100000090E+00  -4.335270E-01   2.540319952E+00
   563   10749.757044   2.434601E-09   4.041536E+06    1.64793E+23   2.100000090E+00  -4.335223E-01   2.540319952E+00
   564   10749.827631   2.278073E-09   3.781697E+06    1.48846E+23   2.100000090E+00  -4.335178E-01   2.540319952E+00
   565   10749.895769   2.131608E-09   3.538563E+06    1.34443E+23   2.100000090E+00  -4.335134E-01   2.540319952E+00
   566   10749.961543   1.994561E-09   3.311061E+06    1.21433E+23   2.100000090E+00  -4.335092E-01   2.540319952E+00
   567   10750.025037   1.866324E-09   3.098185E+06    1.09682E+23   2.100000090E+00  -4.335051E-01   2.540319952E+00
   568   10750.086328   1.746332E-09   2.898996E+06    9.90684E+22   2.100000090E+00  -4.335012E-01   2.540319952E+00
   569   10750.145493   1.634055E-09   2.712613E+06    8.94818E+22   2.100000090E+00  -4.334974E-01   2.540319952E+00
   570   10750.202605   1.529574E-09   2.539165E+06    8.08223E+22   2.100000090E+00  -4.334937E-01   2.540319952E+00
   571   10750.257716   1.432878E-09   2.378629E+06    7.29968E+22   2.100000090E+00  -4.334902E-01   2.540319952E+00
   572   10750.310851   1.342296E-09   2.228243E+06    6.59291E+22   2.100000090E+00  -4.334868E-01   2.540319952E+00
   573   10750.362081   1.257439E-09   2.087364E+06    5.95457E+22   2.100000090E+00  -4.334835E-01   2.540319952E+00
   574   10750.411474   1.177947E-09   1.955393E+06    5.37803E+22   2.100000090E+00  -4.334803E-01   2.540319952E+00
   575   10750.459097   1.103481E-09   1.831765E+06    4.85731E+22   2.100000090E+00  -4.334773E-01   2.540319952E+00
   576   10750.505012   1.033722E-09   1.715954E+06    4.38701E+22   2.100000090E+00  -4.334743E-01   2.540319952E+00
   577   10750.549282   9.683997E-10   1.607511E+06    3.96225E+22   2.100000090E+00  -4.334715E-01   2.540319952E+00
