       6     138      38      53

     EOS file :  Prof_BSk26_1.8.dat                                          

  step        radius       baryon#       density        pressure       encl. mass            phi     encl. bar. mass 
                (m)        (#/fm3)       (g/cm3)        (dyn/cm2)      (sol. mass)                     (sol. mass)   

     0       0.000000   6.564828E-01   1.254700E+15    2.81945E+35   0.000000000E+00  -6.776054E-01   0.000000000E+00
     1     100.000001   6.564411E-01   1.254600E+15    2.81890E+35   2.642163188E-06  -6.775663E-01   2.315295758E-06
     2     116.664782   6.564279E-01   1.254568E+15    2.81872E+35   4.195431770E-06  -6.775539E-01   3.676443412E-06
     3     136.106296   6.564099E-01   1.254525E+15    2.81848E+35   6.661710459E-06  -6.775370E-01   5.837721922E-06
     4     158.786803   6.563854E-01   1.254467E+15    2.81816E+35   1.057752014E-05  -6.775141E-01   9.269377080E-06
     5     185.245321   6.563522E-01   1.254387E+15    2.81772E+35   1.679449336E-05  -6.774829E-01   1.471790783E-05
     6     216.110245   6.563069E-01   1.254279E+15    2.81712E+35   2.666425065E-05  -6.774404E-01   2.336822138E-05
     7     252.113971   6.562452E-01   1.254131E+15    2.81631E+35   4.233151587E-05  -6.773826E-01   3.710081438E-05
     8     294.109792   6.561613E-01   1.253930E+15    2.81520E+35   6.719857687E-05  -6.773039E-01   5.889948702E-05
     9     343.091359   6.560472E-01   1.253657E+15    2.81369E+35   1.066606831E-04  -6.771969E-01   9.349730940E-05
    10     400.214989   6.558919E-01   1.253285E+15    2.81164E+35   1.692691961E-04  -6.770514E-01   1.483992240E-04
    11     466.825046   6.556808E-01   1.252780E+15    2.80885E+35   2.685686458E-04  -6.768534E-01   2.354990695E-04
    12     544.482553   6.553936E-01   1.252092E+15    2.80506E+35   4.259924190E-04  -6.765842E-01   3.736326376E-04
    13     634.996975   6.550031E-01   1.251158E+15    2.79991E+35   6.754148278E-04  -6.762183E-01   5.926001656E-04
    14     740.460814   6.544725E-01   1.249889E+15    2.79293E+35   1.070280593E-03  -6.757213E-01   9.394858742E-04
    15     863.286024   6.537520E-01   1.248165E+15    2.78346E+35   1.694714425E-03  -6.750467E-01   1.488547326E-03
    16    1006.240365   6.527743E-01   1.245827E+15    2.77065E+35   2.680711631E-03  -6.741317E-01   2.356607692E-03
    17    1172.480182   6.514499E-01   1.242684E+15    2.75335E+35   4.234495302E-03  -6.728925E-01   3.726835097E-03
    18    1365.571127   6.496574E-01   1.238432E+15    2.73005E+35   6.676309447E-03  -6.712172E-01   5.885061331E-03
    19    1589.497676   6.472360E-01   1.232693E+15    2.69879E+35   1.049949029E-02  -6.689575E-01   9.274575105E-03
    20    1848.632630   6.439739E-01   1.224969E+15    2.65706E+35   1.645562000E-02  -6.659197E-01   1.457692586E-02
    21    2147.654166   6.395956E-01   1.214632E+15    2.60173E+35   2.567242222E-02  -6.618534E-01   2.282766490E-02
    22    2491.373326   6.337502E-01   1.200932E+15    2.52903E+35   3.980731753E-02  -6.564424E-01   3.557470184E-02
    23    2884.426079   6.259932E-01   1.182836E+15    2.43467E+35   6.122493743E-02  -6.492986E-01   5.507940829E-02
    24    3330.820604   6.157897E-01   1.159232E+15    2.31414E+35   9.316652559E-02  -6.399646E-01   8.454403160E-02
    25    3833.211257   6.025195E-01   1.128885E+15    2.16336E+35   1.398203632E-01  -6.279361E-01   1.283025395E-01
    26    4391.929160   5.855089E-01   1.090506E+15    1.97979E+35   2.061448818E-01  -6.127122E-01   1.918463078E-01
    27    5003.813736   5.641044E-01   1.043037E+15    1.76384E+35   2.972403663E-01  -5.938868E-01   2.814645449E-01
    28    5660.941978   5.377859E-01   9.858756E+14    1.52040E+35   4.170697206E-01  -5.712853E-01   4.032011532E-01
    29    6349.633435   5.063241E-01   9.192134E+14    1.25984E+35   5.665901658E-01  -5.451292E-01   5.609206395E-01
    30    7050.229832   4.699441E-01   8.442372E+14    9.97481E+34   7.417998433E-01  -5.161804E-01   7.536713530E-01
    31    7738.261053   4.294428E-01   7.632189E+14    7.50983E+34   9.328066456E-01  -4.857764E-01   9.733423210E-01
    32    8387.251787   3.861783E-01   6.792660E+14    5.36207E+34   1.125030882E+00  -4.556778E-01   1.204324030E+00
    33    8972.818117   3.418747E-01   5.957410E+14    3.63135E+34   1.302724054E+00  -4.277181E-01   1.426567474E+00
    34    9476.937348   2.983058E-01   5.157068E+14    2.33981E+34   1.453387929E+00  -4.033716E-01   1.621426546E+00
    35    9890.804800   2.569473E-01   4.413717E+14    1.44257E+34   1.570815092E+00  -3.834439E-01   1.777233283E+00
    36   10215.437767   2.187565E-01   3.739170E+14    8.57461E+33   1.655425956E+00  -3.680119E-01   1.891509340E+00
    37   10459.923030   1.841250E-01   3.135560E+14    4.95603E+33   1.712281013E+00  -3.565961E-01   1.969166198E+00
    38   10638.192065   1.529803E-01   2.598017E+14    2.81015E+33   1.748309941E+00  -3.484296E-01   2.018698181E+00
    39   10765.542527   1.250580E-01   2.119469E+14    1.57635E+33   1.770116399E+00  -3.426988E-01   2.048780370E+00
    40   10855.941298   1.008066E-01   1.705862E+14    8.79968E+32   1.782912755E+00  -3.386930E-01   2.066461671E+00
    41   10920.116721   7.587075E-02   1.282092E+14    4.93645E+32   1.790220575E+00  -3.358851E-01   2.076565965E+00
    42   10968.822954   5.018995E-02   8.466964E+13    3.00658E+32   1.793950829E+00  -3.337767E-01   2.081727210E+00
    43   11014.300921   3.538876E-02   5.963260E+13    1.74106E+32   1.796445143E+00  -3.318279E-01   2.085178979E+00
    44   11052.150663   2.486891E-02   4.186259E+13    1.00884E+32   1.797914206E+00  -3.302213E-01   2.087211516E+00
    45   11083.713218   1.743372E-02   2.931862E+13    5.84182E+31   1.798779219E+00  -3.288927E-01   2.088408138E+00
    46   11110.034470   1.219370E-02   2.048880E+13    3.38427E+31   1.799286258E+00  -3.277925E-01   2.089109445E+00
    47   11132.011567   8.512341E-03   1.429188E+13    1.96001E+31   1.799583297E+00  -3.268794E-01   2.089520266E+00
    48   11150.368525   5.882803E-03   9.874473E+12    1.13894E+31   1.799756093E+00  -3.261206E-01   2.089759191E+00
    49   11165.885036   3.949218E-03   6.625266E+12    6.68223E+30   1.799855911E+00  -3.254820E-01   2.089897170E+00
    50   11179.510322   2.426326E-03   4.068425E+12    4.02624E+30   1.799912596E+00  -3.249233E-01   2.089975523E+00
    51   11192.927091   1.441897E-03   2.416415E+12    2.45159E+30   1.799946402E+00  -3.243751E-01   2.090022248E+00
    52   11206.729415   7.809344E-04   1.307463E+12    1.54659E+30   1.799965943E+00  -3.238131E-01   2.090049264E+00
    53   11222.876671   4.466650E-04   7.473111E+11    9.65690E+29   1.799978567E+00  -3.231582E-01   2.090066722E+00
    54   11240.588088   2.018951E-04   3.373738E+11    6.00356E+29   1.799986563E+00  -3.224430E-01   2.090077779E+00
    55   11265.077044   1.309989E-04   2.187562E+11    3.57150E+29   1.799991933E+00  -3.214594E-01   2.090085210E+00
    56   11287.691017   8.592644E-05   1.433757E+11    2.10863E+29   1.799995197E+00  -3.205567E-01   2.090089725E+00
    57   11308.184462   5.575346E-05   9.292430E+10    1.25351E+29   1.799997124E+00  -3.197431E-01   2.090092390E+00
    58   11327.083147   3.714170E-05   6.188544E+10    7.39829E+28   1.799998291E+00  -3.189966E-01   2.090094004E+00
    59   11343.915583   2.400644E-05   3.996836E+10    4.37060E+28   1.799998985E+00  -3.183347E-01   2.090094963E+00
    60   11359.380313   1.610480E-05   2.680213E+10    2.56557E+28   1.799999401E+00  -3.177292E-01   2.090095539E+00
    61   11372.973036   1.052792E-05   1.751167E+10    1.52456E+28   1.799999643E+00  -3.171988E-01   2.090095873E+00
    62   11385.379608   6.862259E-06   1.141549E+10    9.05936E+27   1.799999787E+00  -3.167164E-01   2.090096073E+00
    63   11396.725533   4.604389E-06   7.654937E+09    5.31581E+27   1.799999875E+00  -3.162765E-01   2.090096194E+00
    64   11406.683253   3.058314E-06   5.082866E+09    3.12449E+27   1.799999927E+00  -3.158915E-01   2.090096266E+00
    65   11415.520844   2.039623E-06   3.388655E+09    1.84143E+27   1.799999957E+00  -3.155506E-01   2.090096308E+00
    66   11423.351439   1.369194E-06   2.274400E+09    1.07991E+27   1.799999975E+00  -3.152492E-01   2.090096333E+00
    67   11430.207564   9.195150E-07   1.527173E+09    6.33166E+26   1.799999986E+00  -3.149858E-01   2.090096347E+00
    68   11436.204992   5.851029E-07   9.714324E+08    3.74268E+26   1.799999992E+00  -3.147558E-01   2.090096356E+00
    69   11441.786815   3.934258E-07   6.531050E+08    2.19310E+26   1.799999996E+00  -3.145420E-01   2.090096361E+00
    70   11446.658888   2.646925E-07   4.394044E+08    1.28486E+26   1.799999998E+00  -3.143556E-01   2.090096364E+00
    71   11450.906861   1.753872E-07   2.911386E+08    7.53769E+25   1.799999999E+00  -3.141933E-01   2.090096366E+00
    72   11454.672247   1.172395E-07   1.945736E+08    4.44143E+25   1.800000000E+00  -3.140495E-01   2.090096367E+00
    73   11457.995287   7.911796E-08   1.312974E+08    2.59848E+25   1.800000000E+00  -3.139228E-01   2.090096367E+00
    74   11460.878894   5.356348E-08   8.886958E+07    1.51855E+25   1.800000001E+00  -3.138129E-01   2.090096368E+00
    75   11463.370478   3.630349E-08   6.022454E+07    8.87286E+24   1.800000001E+00  -3.137180E-01   2.090096368E+00
    76   11465.520153   2.467917E-08   4.094672E+07    5.17662E+24   1.800000001E+00  -3.136362E-01   2.090096368E+00
    77   11467.365822   1.682666E-08   2.791914E+07    3.01913E+24   1.800000001E+00  -3.135660E-01   2.090096368E+00
    78   11468.945310   1.150524E-08   1.908774E+07    1.75783E+24   1.800000001E+00  -3.135060E-01   2.090096368E+00
    79   11470.290983   7.901394E-09   1.310725E+07    1.02261E+24   1.800000001E+00  -3.134548E-01   2.090096368E+00
    80   11471.431406   5.437083E-09   9.018197E+06    5.94011E+23   1.800000001E+00  -3.134115E-01   2.090096368E+00
    81   11472.394511   3.672059E-09   6.090464E+06    3.47446E+23   1.800000001E+00  -3.133749E-01   2.090096368E+00
    82   11473.228855   2.554229E-09   4.236267E+06    2.01026E+23   1.800000001E+00  -3.133432E-01   2.090096368E+00
    83   11473.923035   1.776670E-09   2.946545E+06    1.16309E+23   1.800000001E+00  -3.133169E-01   2.090096368E+00
    84   11474.500574   1.244864E-09   2.064626E+06    6.71825E+22   1.800000001E+00  -3.132949E-01   2.090096368E+00
    85   11474.976745   8.745614E-10   1.450568E+06    3.87274E+22   1.800000001E+00  -3.132768E-01   2.090096368E+00
    86   11475.367481   6.148225E-10   1.019815E+06    2.23221E+22   1.800000001E+00  -3.132620E-01   2.090096368E+00
    87   11475.687859   4.357451E-10   7.227276E+05    1.28268E+22   1.800000001E+00  -3.132499E-01   2.090096368E+00
    88   11475.947652   3.088261E-10   5.121845E+05    7.37051E+21   1.800000001E+00  -3.132400E-01   2.090096368E+00
    89   11476.158313   2.195734E-10   3.641309E+05    4.23366E+21   1.800000001E+00  -3.132320E-01   2.090096368E+00
    90   11476.328528   1.567271E-10   2.598842E+05    2.42641E+21   1.800000001E+00  -3.132255E-01   2.090096368E+00
    91   11476.465220   1.118686E-10   1.854819E+05    1.39063E+21   1.800000001E+00  -3.132204E-01   2.090096368E+00
    92   11476.574990   8.019988E-11   1.329769E+05    7.96232E+20   1.800000001E+00  -3.132162E-01   2.090096368E+00
    93   11476.662660   5.759629E-11   9.550649E+04    4.55277E+20   1.800000001E+00  -3.132129E-01   2.090096368E+00
    94   11476.732457   4.136328E-11   6.859446E+04    2.60322E+20   1.800000001E+00  -3.132102E-01   2.090096368E+00
    95   11476.788026   2.985440E-11   4.951009E+04    1.48610E+20   1.800000001E+00  -3.132081E-01   2.090096368E+00
    96   11476.831976   2.156018E-11   3.575573E+04    8.48000E+19   1.800000001E+00  -3.132064E-01   2.090096368E+00
    97   11476.866703   1.557584E-11   2.583167E+04    4.83859E+19   1.800000001E+00  -3.132051E-01   2.090096368E+00
    98   11476.894131   1.132617E-11   1.878388E+04    2.75397E+19   1.800000001E+00  -3.132041E-01   2.090096368E+00
    99   11476.915599   8.235963E-12   1.365897E+04    1.56747E+19   1.800000001E+00  -3.132033E-01   2.090096368E+00
   100   11476.932403   5.991308E-12   9.936472E+03    8.92108E+18   1.800000001E+00  -3.132026E-01   2.090096368E+00
   101   11476.945549   4.366621E-12   7.242581E+03    5.07312E+18   1.800000001E+00  -3.132021E-01   2.090096368E+00
   102   11476.955806   3.182507E-12   5.279034E+03    2.88491E+18   1.800000001E+00  -3.132017E-01   2.090096368E+00
   103   11476.963808   2.319494E-12   3.847827E+03    1.64055E+18   1.800000001E+00  -3.132014E-01   2.090096368E+00
   104   11476.970052   1.690507E-12   2.804636E+03    9.32925E+17   1.800000001E+00  -3.132012E-01   2.090096368E+00
   105   11476.974922   1.232085E-12   2.044267E+03    5.30523E+17   1.800000001E+00  -3.132010E-01   2.090096368E+00
   106   11476.978722   8.979753E-13   1.490042E+03    3.01690E+17   1.800000001E+00  -3.132009E-01   2.090096368E+00
   107   11476.981687   6.591134E-13   1.093958E+03    1.71406E+17   1.800000001E+00  -3.132008E-01   2.090096368E+00
   108   11476.983982   4.974766E-13   8.264923E+02    9.61665E+16   1.800000001E+00  -3.132007E-01   2.090096368E+00
   109   11476.985685   3.754785E-13   6.244203E+02    5.39537E+16   1.800000001E+00  -3.132006E-01   2.090096368E+00
   110   11476.986951   2.833985E-13   4.717536E+02    3.02704E+16   1.800000001E+00  -3.132006E-01   2.090096368E+00
   111   11476.987890   2.138996E-13   3.564128E+02    1.69831E+16   1.800000001E+00  -3.132005E-01   2.090096368E+00
   112   11476.988588   1.614442E-13   2.692722E+02    9.52826E+15   1.800000001E+00  -3.132005E-01   2.090096368E+00
   113   11476.989106   1.223521E-13   2.042080E+02    5.34313E+15   1.800000001E+00  -3.132005E-01   2.090096368E+00
   114   11476.989489   9.472254E-14   1.579170E+02    2.97115E+15   1.800000001E+00  -3.132005E-01   2.090096368E+00
   115   11476.989765   7.333231E-14   1.221196E+02    1.65216E+15   1.800000001E+00  -3.132005E-01   2.090096368E+00
   116   11476.989963   5.677242E-14   9.443686E+01    9.18715E+14   1.800000001E+00  -3.132004E-01   2.090096368E+00
   117   11476.990105   4.395208E-14   7.302942E+01    5.10868E+14   1.800000001E+00  -3.132004E-01   2.090096368E+00
   118   11476.990208   3.402683E-14   5.647472E+01    2.84078E+14   1.800000001E+00  -3.132004E-01   2.090096368E+00
   119   11476.990281   2.640025E-14   4.377276E+01    1.57918E+14   1.800000001E+00  -3.132004E-01   2.090096368E+00
   120   11476.990334   2.076358E-14   3.441940E+01    8.72487E+13   1.800000001E+00  -3.132004E-01   2.090096368E+00
   121   11476.990371   1.633038E-14   2.706466E+01    4.82044E+13   1.800000001E+00  -3.132004E-01   2.090096368E+00
   122   11476.990398   1.284371E-14   2.128149E+01    2.66327E+13   1.800000001E+00  -3.132004E-01   2.090096368E+00
   123   11476.990416   1.010147E-14   1.673406E+01    1.47144E+13   1.800000001E+00  -3.132004E-01   2.090096368E+00
   124   11476.990429   9.098414E-15   1.507862E+01    7.72985E+12   1.800000001E+00  -3.132004E-01   2.090096368E+00
   125   11476.990436   8.291607E-15   1.374804E+01    4.02240E+12   1.800000001E+00  -3.132004E-01   2.090096368E+00
   126   11476.990441   7.556344E-15   1.253487E+01    2.09314E+12   1.800000001E+00  -3.132004E-01   2.090096368E+00
   127   11476.990443   6.886232E-15   1.142790E+01    1.08923E+12   1.800000001E+00  -3.132004E-01   2.090096368E+00
   128   11476.990444   6.275423E-15   1.041485E+01    5.66909E+11   1.800000001E+00  -3.132004E-01   2.090096368E+00
   129   11476.990445   5.718793E-15   9.491598E+00    2.95058E+11   1.800000001E+00  -3.132004E-01   2.090096368E+00
   130   11476.990446   5.211536E-15   8.650192E+00    1.53569E+11   1.800000001E+00  -3.132004E-01   2.090096368E+00
   131   11476.990446   4.894245E-15   8.123741E+00    7.95677E+10   1.800000001E+00  -3.132004E-01   2.090096368E+00
   132   11476.990446   4.849016E-15   8.048356E+00    3.99482E+10   1.800000001E+00  -3.132004E-01   2.090096368E+00
   133   11476.990446   4.804205E-15   7.973671E+00    2.00566E+10   1.800000001E+00  -3.132004E-01   2.090096368E+00
   134   11476.990446   4.759961E-15   7.899948E+00    1.00697E+10   1.800000001E+00  -3.132004E-01   2.090096368E+00
   135   11476.990446   4.750919E-15   7.887897E+00    5.03824E+09   1.800000001E+00  -3.132004E-01   2.090096368E+00
   136   11476.990446   4.741894E-15   7.875865E+00    2.52083E+09   1.800000001E+00  -3.132004E-01   2.090096368E+00
   137   11476.990446   4.732886E-15   7.863851E+00    1.26127E+09   1.800000001E+00  -3.132004E-01   2.090096368E+00
   138   11476.990446   4.723859E-15   7.847711E+00    6.31146E+08   1.800000001E+00  -3.132004E-01   2.090096368E+00
