       6     562     314     394

     EOS file :  /Users/dany/Work/NStar/eos/v14/APR_EOS_Acc_Pd.dat           

  step        radius       baryon#       density        pressure       encl. mass            phi     encl. bar. mass 
                (m)        (#/fm3)       (g/cm3)        (dyn/cm2)      (sol. mass)                     (sol. mass)   

     0       0.000000   5.169585E-01   9.344395E+14    1.21683E+35   0.000000000E+00  -4.265539E-01   0.000000000E+00
     1       1.000000   5.169585E-01   9.344395E+14    1.21683E+35   1.967909006E-12  -4.265539E-01   1.823292886E-12
     2       1.033333   5.169585E-01   9.344395E+14    1.21683E+35   2.171332487E-12  -4.265539E-01   2.011767345E-12
     3       1.067778   5.169585E-01   9.344395E+14    1.21683E+35   2.395783928E-12  -4.265539E-01   2.219724479E-12
     4       1.103370   5.169585E-01   9.344395E+14    1.21683E+35   2.643436996E-12  -4.265539E-01   2.449178217E-12
     5       1.140149   5.169585E-01   9.344395E+14    1.21683E+35   2.916690054E-12  -4.265539E-01   2.702350674E-12
     6       1.178154   5.169585E-01   9.344395E+14    1.21683E+35   3.218189380E-12  -4.265539E-01   2.981693660E-12
     7       1.217426   5.169585E-01   9.344395E+14    1.21683E+35   3.550854803E-12  -4.265539E-01   3.289912434E-12
     8       1.258007   5.169585E-01   9.344395E+14    1.21683E+35   3.917907973E-12  -4.265539E-01   3.629991895E-12
     9       1.299941   5.169585E-01   9.344395E+14    1.21683E+35   4.322903564E-12  -4.265539E-01   4.005225496E-12
    10       1.343272   5.169585E-01   9.344395E+14    1.21683E+35   4.769763697E-12  -4.265539E-01   4.419247132E-12
    11       1.388048   5.169585E-01   9.344395E+14    1.21683E+35   5.262815927E-12  -4.265539E-01   4.876066337E-12
    12       1.434316   5.169585E-01   9.344395E+14    1.21683E+35   5.806835147E-12  -4.265539E-01   5.380107110E-12
    13       1.482126   5.169585E-01   9.344395E+14    1.21683E+35   6.407089832E-12  -4.265539E-01   5.936250763E-12
    14       1.531531   5.169585E-01   9.344395E+14    1.21683E+35   7.069393064E-12  -4.265539E-01   6.549883190E-12
    15       1.582582   5.169585E-01   9.344395E+14    1.21683E+35   7.800158824E-12  -4.265539E-01   7.226947025E-12
    16       1.635334   5.169585E-01   9.344395E+14    1.21683E+35   8.606464107E-12  -4.265539E-01   7.973999197E-12
    17       1.689846   5.169585E-01   9.344395E+14    1.21683E+35   9.496117462E-12  -4.265539E-01   8.798274425E-12
    18       1.746174   5.169585E-01   9.344395E+14    1.21683E+35   1.047773461E-11  -4.265539E-01   9.707755286E-12
    19       1.804380   5.169585E-01   9.344395E+14    1.21683E+35   1.156082188E-11  -4.265539E-01   1.071124951E-11
    20       1.864526   5.169585E-01   9.344395E+14    1.21683E+35   1.275586827E-11  -4.265539E-01   1.181847531E-11
    21       1.926676   5.169585E-01   9.344395E+14    1.21683E+35   1.407444705E-11  -4.265539E-01   1.304015544E-11
    22       1.990899   5.169585E-01   9.344395E+14    1.21683E+35   1.552932779E-11  -4.265539E-01   1.438812108E-11
    23       2.057262   5.169585E-01   9.344395E+14    1.21683E+35   1.713460008E-11  -4.265539E-01   1.587542643E-11
    24       2.125838   5.169585E-01   9.344395E+14    1.21683E+35   1.890580995E-11  -4.265539E-01   1.751647507E-11
    25       2.196699   5.169585E-01   9.344395E+14    1.21683E+35   2.086011043E-11  -4.265539E-01   1.932715950E-11
    26       2.269922   5.169585E-01   9.344395E+14    1.21683E+35   2.301642765E-11  -4.265539E-01   2.132501504E-11
    27       2.345586   5.169585E-01   9.344395E+14    1.21683E+35   2.539564416E-11  -4.265538E-01   2.352938963E-11
    28       2.423772   5.169585E-01   9.344395E+14    1.21683E+35   2.802080113E-11  -4.265538E-01   2.596163122E-11
    29       2.504565   5.169585E-01   9.344395E+14    1.21683E+35   3.091732153E-11  -4.265538E-01   2.864529450E-11
    30       2.588050   5.169585E-01   9.344395E+14    1.21683E+35   3.411325627E-11  -4.265538E-01   3.160636902E-11
    31       2.674319   5.169585E-01   9.344395E+14    1.21683E+35   3.763955594E-11  -4.265538E-01   3.487353087E-11
    32       2.763463   5.169585E-01   9.344395E+14    1.21683E+35   4.153037045E-11  -4.265538E-01   3.847842041E-11
    33       2.855578   5.169585E-01   9.344395E+14    1.21683E+35   4.582337985E-11  -4.265538E-01   4.245594868E-11
    34       2.950764   5.169585E-01   9.344395E+14    1.21683E+35   5.056015915E-11  -4.265538E-01   4.684463546E-11
    35       3.049123   5.169585E-01   9.344394E+14    1.21683E+35   5.578658101E-11  -4.265538E-01   5.168698236E-11
    36       3.150760   5.169585E-01   9.344394E+14    1.21683E+35   6.155325993E-11  -4.265538E-01   5.702988438E-11
    37       3.255786   5.169585E-01   9.344394E+14    1.21683E+35   6.791604248E-11  -4.265538E-01   6.292508406E-11
    38       3.364312   5.169585E-01   9.344394E+14    1.21683E+35   7.493654808E-11  -4.265538E-01   6.942967262E-11
    39       3.476455   5.169585E-01   9.344394E+14    1.21683E+35   8.268276580E-11  -4.265538E-01   7.660664279E-11
    40       3.592337   5.169585E-01   9.344394E+14    1.21683E+35   9.122971274E-11  -4.265538E-01   8.452549887E-11
    41       3.712082   5.169585E-01   9.344394E+14    1.21683E+35   1.006601605E-10  -4.265538E-01   9.326292987E-11
    42       3.835818   5.169585E-01   9.344394E+14    1.21683E+35   1.110654370E-10  -4.265538E-01   1.029035522E-10
    43       3.963678   5.169585E-01   9.344394E+14    1.21683E+35   1.225463104E-10  -4.265538E-01   1.135407289E-10
    44       4.095801   5.169585E-01   9.344394E+14    1.21683E+35   1.352139656E-10  -4.265538E-01   1.252774743E-10
    45       4.232328   5.169585E-01   9.344394E+14    1.21683E+35   1.491910806E-10  -4.265538E-01   1.382274510E-10
    46       4.373405   5.169585E-01   9.344394E+14    1.21683E+35   1.646130146E-10  -4.265538E-01   1.525160713E-10
    47       4.519185   5.169585E-01   9.344394E+14    1.21683E+35   1.816291192E-10  -4.265538E-01   1.682817110E-10
    48       4.669825   5.169585E-01   9.344394E+14    1.21683E+35   2.004041841E-10  -4.265538E-01   1.856770503E-10
    49       4.825486   5.169585E-01   9.344394E+14    1.21683E+35   2.211200336E-10  -4.265538E-01   2.048705516E-10
    50       4.986335   5.169585E-01   9.344394E+14    1.21683E+35   2.439772872E-10  -4.265538E-01   2.260480915E-10
    51       5.152546   5.169585E-01   9.344394E+14    1.21683E+35   2.691973025E-10  -4.265538E-01   2.494147606E-10
    52       5.324298   5.169585E-01   9.344394E+14    1.21683E+35   2.970243189E-10  -4.265538E-01   2.751968500E-10
    53       5.501774   5.169585E-01   9.344393E+14    1.21683E+35   3.277278227E-10  -4.265538E-01   3.036440423E-10
    54       5.685167   5.169585E-01   9.344393E+14    1.21683E+35   3.616051573E-10  -4.265538E-01   3.350318299E-10
    55       5.874672   5.169585E-01   9.344393E+14    1.21683E+35   3.989844024E-10  -4.265538E-01   3.696641831E-10
    56       6.070495   5.169585E-01   9.344393E+14    1.21683E+35   4.402275515E-10  -4.265538E-01   4.078764935E-10
    57       6.272844   5.169585E-01   9.344393E+14    1.21683E+35   4.857340172E-10  -4.265538E-01   4.500388222E-10
    58       6.481939   5.169584E-01   9.344393E+14    1.21683E+35   5.359444997E-10  -4.265538E-01   4.965594837E-10
    59       6.698004   5.169584E-01   9.344393E+14    1.21683E+35   5.913452543E-10  -4.265538E-01   5.478890000E-10
    60       6.921270   5.169584E-01   9.344392E+14    1.21683E+35   6.524728006E-10  -4.265538E-01   6.045244635E-10
    61       7.151979   5.169584E-01   9.344392E+14    1.21683E+35   7.199191184E-10  -4.265538E-01   6.670143514E-10
    62       7.390379   5.169584E-01   9.344392E+14    1.21683E+35   7.943373805E-10  -4.265537E-01   7.359638369E-10
    63       7.636724   5.169584E-01   9.344392E+14    1.21683E+35   8.764482780E-10  -4.265537E-01   8.120406499E-10
    64       7.891282   5.169584E-01   9.344392E+14    1.21683E+35   9.670470002E-10  -4.265537E-01   8.959815439E-10
    65       8.154324   5.169584E-01   9.344392E+14    1.21683E+35   1.067010935E-09  -4.265537E-01   9.885994305E-10
    66       8.426135   5.169584E-01   9.344391E+14    1.21683E+35   1.177308166E-09  -4.265537E-01   1.090791252E-09
    67       8.707006   5.169584E-01   9.344391E+14    1.21683E+35   1.299006848E-09  -4.265537E-01   1.203546668E-09
    68       8.997239   5.169583E-01   9.344391E+14    1.21683E+35   1.433285549E-09  -4.265537E-01   1.327957639E-09
    69       9.297147   5.169583E-01   9.344391E+14    1.21683E+35   1.581444669E-09  -4.265537E-01   1.465229001E-09
    70       9.607052   5.169583E-01   9.344390E+14    1.21683E+35   1.744919028E-09  -4.265537E-01   1.616690135E-09
    71       9.927287   5.169583E-01   9.344390E+14    1.21683E+35   1.925291762E-09  -4.265537E-01   1.783807840E-09
    72      10.258196   5.169583E-01   9.344390E+14    1.21683E+35   2.124309658E-09  -4.265536E-01   1.968200536E-09
    73      10.600135   5.169583E-01   9.344389E+14    1.21683E+35   2.343900068E-09  -4.265536E-01   2.171653941E-09
    74      10.953473   5.169582E-01   9.344389E+14    1.21683E+35   2.586189573E-09  -4.265536E-01   2.396138362E-09
    75      11.318588   5.169582E-01   9.344388E+14    1.21683E+35   2.853524577E-09  -4.265536E-01   2.643827776E-09
    76      11.695874   5.169582E-01   9.344388E+14    1.21683E+35   3.148494034E-09  -4.265536E-01   2.917120884E-09
    77      12.085736   5.169582E-01   9.344387E+14    1.21683E+35   3.473954515E-09  -4.265536E-01   3.218664340E-09
    78      12.488593   5.169582E-01   9.344387E+14    1.21683E+35   3.833057876E-09  -4.265535E-01   3.551378381E-09
    79      12.904879   5.169581E-01   9.344386E+14    1.21683E+35   4.229281776E-09  -4.265535E-01   3.918485109E-09
    80      13.335041   5.169581E-01   9.344386E+14    1.21683E+35   4.666463360E-09  -4.265535E-01   4.323539694E-09
    81      13.779542   5.169581E-01   9.344385E+14    1.21683E+35   5.148836418E-09  -4.265535E-01   4.770464802E-09
    82      14.238859   5.169580E-01   9.344384E+14    1.21683E+35   5.681072381E-09  -4.265534E-01   5.263588583E-09
    83      14.713487   5.169580E-01   9.344384E+14    1.21683E+35   6.268325565E-09  -4.265534E-01   5.807686586E-09
    84      15.203936   5.169580E-01   9.344383E+14    1.21683E+35   6.916283083E-09  -4.265534E-01   6.408028006E-09
    85      15.710733   5.169579E-01   9.344382E+14    1.21683E+35   7.631219923E-09  -4.265533E-01   7.070426709E-09
    86      16.234423   5.169579E-01   9.344381E+14    1.21683E+35   8.420059709E-09  -4.265533E-01   7.801297540E-09
    87      16.775569   5.169578E-01   9.344380E+14    1.21683E+35   9.290441756E-09  -4.265533E-01   8.607718440E-09
    88      17.334753   5.169578E-01   9.344379E+14    1.21683E+35   1.025079505E-08  -4.265532E-01   9.497498990E-09
    89      17.912576   5.169577E-01   9.344378E+14    1.21683E+35   1.131041986E-08  -4.265532E-01   1.047925604E-08
    90      18.509661   5.169577E-01   9.344377E+14    1.21682E+35   1.247957782E-08  -4.265531E-01   1.156249716E-08
    91      19.126647   5.169576E-01   9.344376E+14    1.21682E+35   1.376959131E-08  -4.265531E-01   1.275771269E-08
    92      19.764200   5.169576E-01   9.344375E+14    1.21682E+35   1.519295307E-08  -4.265530E-01   1.407647738E-08
    93      20.423005   5.169575E-01   9.344373E+14    1.21682E+35   1.676344718E-08  -4.265530E-01   1.553156239E-08
    94      21.103769   5.169574E-01   9.344372E+14    1.21682E+35   1.849628260E-08  -4.265529E-01   1.713705908E-08
    95      21.807225   5.169574E-01   9.344370E+14    1.21682E+35   2.040824037E-08  -4.265529E-01   1.890851537E-08
    96      22.534130   5.169573E-01   9.344369E+14    1.21682E+35   2.251783617E-08  -4.265528E-01   2.086308635E-08
    97      23.285264   5.169572E-01   9.344367E+14    1.21682E+35   2.484549962E-08  -4.265527E-01   2.301970041E-08
    98      24.061436   5.169571E-01   9.344365E+14    1.21682E+35   2.741377207E-08  -4.265526E-01   2.539924252E-08
    99      24.863480   5.169570E-01   9.344363E+14    1.21682E+35   3.024752493E-08  -4.265526E-01   2.802475649E-08
   100      25.692258   5.169569E-01   9.344361E+14    1.21682E+35   3.337420051E-08  -4.265525E-01   3.092166812E-08
   101      26.548661   5.169568E-01   9.344359E+14    1.21682E+35   3.682407774E-08  -4.265524E-01   3.411803139E-08
   102      27.433611   5.169567E-01   9.344356E+14    1.21682E+35   4.063056537E-08  -4.265523E-01   3.764480018E-08
   103      28.348059   5.169565E-01   9.344353E+14    1.21682E+35   4.483052554E-08  -4.265522E-01   4.153612795E-08
   104      29.292987   5.169564E-01   9.344351E+14    1.21681E+35   4.946463065E-08  -4.265521E-01   4.582969852E-08
   105      30.269413   5.169563E-01   9.344348E+14    1.21681E+35   5.457775728E-08  -4.265519E-01   5.056709096E-08
   106      31.278385   5.169561E-01   9.344344E+14    1.21681E+35   6.021942070E-08  -4.265518E-01   5.579418218E-08
   107      32.320989   5.169559E-01   9.344341E+14    1.21681E+35   6.644425434E-08  -4.265517E-01   6.156159127E-08
   108      33.398345   5.169558E-01   9.344337E+14    1.21681E+35   7.331253883E-08  -4.265515E-01   6.792516957E-08
   109      34.511612   5.169556E-01   9.344333E+14    1.21681E+35   8.089078571E-08  -4.265514E-01   7.494654151E-08
   110      35.661987   5.169554E-01   9.344329E+14    1.21681E+35   8.925238142E-08  -4.265512E-01   8.269370138E-08
   111      36.850707   5.169551E-01   9.344325E+14    1.21680E+35   9.847829793E-08  -4.265510E-01   9.124167166E-08
   112      38.079049   5.169549E-01   9.344320E+14    1.21680E+35   1.086578768E-07  -4.265508E-01   1.006732295E-07
   113      39.348335   5.169547E-01   9.344315E+14    1.21680E+35   1.198896940E-07  -4.265506E-01   1.110797083E-07
   114      40.659928   5.169544E-01   9.344310E+14    1.21680E+35   1.322825150E-07  -4.265504E-01   1.225618818E-07
   115      42.015239   5.169541E-01   9.344304E+14    1.21680E+35   1.459563470E-07  -4.265502E-01   1.352309404E-07
   116      43.415725   5.169538E-01   9.344298E+14    1.21679E+35   1.610436018E-07  -4.265499E-01   1.492095670E-07
   117      44.862892   5.169535E-01   9.344291E+14    1.21679E+35   1.776903769E-07  -4.265496E-01   1.646331257E-07
   118      46.358295   5.169532E-01   9.344284E+14    1.21679E+35   1.960578710E-07  -4.265494E-01   1.816509718E-07
   119      47.903542   5.169528E-01   9.344276E+14    1.21679E+35   2.163239438E-07  -4.265491E-01   2.004278982E-07
   120      49.500294   5.169524E-01   9.344268E+14    1.21678E+35   2.386848387E-07  -4.265487E-01   2.211457309E-07
   121      51.150269   5.169520E-01   9.344260E+14    1.21678E+35   2.633570822E-07  -4.265484E-01   2.440050892E-07
   122      52.855238   5.169516E-01   9.344251E+14    1.21678E+35   2.905795805E-07  -4.265480E-01   2.692273285E-07
   123      54.617036   5.169511E-01   9.344241E+14    1.21677E+35   3.206159323E-07  -4.265476E-01   2.970566830E-07
   124      56.437556   5.169506E-01   9.344230E+14    1.21677E+35   3.537569807E-07  -4.265472E-01   3.277626302E-07
   125      58.318755   5.169500E-01   9.344219E+14    1.21676E+35   3.903236286E-07  -4.265467E-01   3.616425000E-07
   126      60.262655   5.169495E-01   9.344207E+14    1.21676E+35   4.306699453E-07  -4.265463E-01   3.990243531E-07
   127      62.271346   5.169488E-01   9.344195E+14    1.21675E+35   4.751865939E-07  -4.265457E-01   4.402701567E-07
   128      64.346986   5.169482E-01   9.344181E+14    1.21675E+35   5.243046131E-07  -4.265452E-01   4.857792885E-07
   129      66.491807   5.169475E-01   9.344167E+14    1.21674E+35   5.784995892E-07  -4.265446E-01   5.359924030E-07
   130      68.708114   5.169467E-01   9.344151E+14    1.21674E+35   6.382962592E-07  -4.265440E-01   5.913956970E-07
   131      70.998289   5.169459E-01   9.344135E+14    1.21673E+35   7.042735905E-07  -4.265433E-01   6.525256154E-07
   132      73.364793   5.169451E-01   9.344117E+14    1.21672E+35   7.770703835E-07  -4.265426E-01   7.199740441E-07
   133      75.810170   5.169442E-01   9.344098E+14    1.21672E+35   8.573914545E-07  -4.265418E-01   7.943940388E-07
   134      78.337048   5.169432E-01   9.344078E+14    1.21671E+35   9.460144569E-07  -4.265410E-01   8.765061453E-07
   135      80.948141   5.169421E-01   9.344056E+14    1.21670E+35   1.043797406E-06  -4.265401E-01   9.671053734E-07
   136      83.646256   5.169410E-01   9.344033E+14    1.21669E+35   1.151686983E-06  -4.265392E-01   1.067068891E-06
   137      86.434292   5.169398E-01   9.344009E+14    1.21668E+35   1.270727694E-06  -4.265382E-01   1.177364512E-06
   138      89.315245   5.169386E-01   9.343983E+14    1.21667E+35   1.402071978E-06  -4.265372E-01   1.299060064E-06
   139      92.292210   5.169372E-01   9.343955E+14    1.21666E+35   1.546991354E-06  -4.265360E-01   1.433333717E-06
   140      95.368386   5.169358E-01   9.343925E+14    1.21665E+35   1.706888727E-06  -4.265348E-01   1.581485387E-06
   141      98.547077   5.169342E-01   9.343893E+14    1.21664E+35   1.883311954E-06  -4.265335E-01   1.744949311E-06
   142     101.831698   5.169326E-01   9.343859E+14    1.21662E+35   2.077968821E-06  -4.265321E-01   1.925307924E-06
   143     105.225777   5.169308E-01   9.343823E+14    1.21661E+35   2.292743560E-06  -4.265307E-01   2.124307166E-06
   144     108.732960   5.169290E-01   9.343784E+14    1.21659E+35   2.529715070E-06  -4.265291E-01   2.343873373E-06
   145     112.357013   5.169269E-01   9.343743E+14    1.21658E+35   2.791177027E-06  -4.265274E-01   2.586131907E-06
   146     116.101829   5.169248E-01   9.343698E+14    1.21656E+35   3.079660056E-06  -4.265256E-01   2.853427714E-06
   147     119.971429   5.169225E-01   9.343651E+14    1.21654E+35   3.397956207E-06  -4.265237E-01   3.148348001E-06
   148     123.969969   5.169201E-01   9.343601E+14    1.21652E+35   3.749145940E-06  -4.265217E-01   3.473747255E-06
   149     128.101740   5.169175E-01   9.343547E+14    1.21650E+35   4.136627908E-06  -4.265195E-01   3.832774842E-06
   150     132.371179   5.169147E-01   9.343490E+14    1.21648E+35   4.564151805E-06  -4.265172E-01   4.228905454E-06
   151     136.782869   5.169117E-01   9.343428E+14    1.21645E+35   5.035854603E-06  -4.265147E-01   4.665972702E-06
   152     141.341544   5.169085E-01   9.343363E+14    1.21643E+35   5.556300525E-06  -4.265120E-01   5.148206168E-06
   153     146.052098   5.169052E-01   9.343293E+14    1.21640E+35   6.130525144E-06  -4.265092E-01   5.680272279E-06
   154     150.919584   5.169015E-01   9.343218E+14    1.21637E+35   6.764084024E-06  -4.265062E-01   6.267319404E-06
   155     155.949225   5.168977E-01   9.343138E+14    1.21634E+35   7.463106375E-06  -4.265029E-01   6.915027592E-06
   156     161.146415   5.168935E-01   9.343053E+14    1.21631E+35   8.234354239E-06  -4.264995E-01   7.629663443E-06
   157     166.516731   5.168891E-01   9.342962E+14    1.21627E+35   9.085287773E-06  -4.264958E-01   8.418140634E-06
   158     172.065929   5.168844E-01   9.342865E+14    1.21623E+35   1.002413726E-05  -4.264919E-01   9.288086679E-06
   159     177.799960   5.168794E-01   9.342762E+14    1.21619E+35   1.105998252E-05  -4.264877E-01   1.024791658E-05
   160     183.724970   5.168741E-01   9.342651E+14    1.21615E+35   1.220284052E-05  -4.264832E-01   1.130691403E-05
   161     189.847310   5.168683E-01   9.342533E+14    1.21611E+35   1.346376201E-05  -4.264784E-01   1.247532105E-05
   162     196.173539   5.168622E-01   9.342406E+14    1.21606E+35   1.485493805E-05  -4.264733E-01   1.376443677E-05
   163     202.710435   5.168557E-01   9.342272E+14    1.21600E+35   1.638981753E-05  -4.264678E-01   1.518672643E-05
   164     209.464997   5.168487E-01   9.342128E+14    1.21595E+35   1.808323680E-05  -4.264620E-01   1.675594160E-05
   165     216.444457   5.168413E-01   9.341974E+14    1.21589E+35   1.995156260E-05  -4.264558E-01   1.848725272E-05
   166     223.656287   5.168333E-01   9.341810E+14    1.21582E+35   2.201284964E-05  -4.264491E-01   2.039739536E-05
   167     231.108203   5.168248E-01   9.341635E+14    1.21576E+35   2.428701444E-05  -4.264420E-01   2.250483139E-05
   168     238.808175   5.168158E-01   9.341448E+14    1.21568E+35   2.679602696E-05  -4.264344E-01   2.482992684E-05
   169     246.764438   5.168061E-01   9.341249E+14    1.21560E+35   2.956412193E-05  -4.264264E-01   2.739514795E-05
   170     254.985495   5.167958E-01   9.341035E+14    1.21552E+35   3.261803182E-05  -4.264177E-01   3.022527738E-05
   171     263.480131   5.167848E-01   9.340808E+14    1.21543E+35   3.598724375E-05  -4.264085E-01   3.334765260E-05
   172     272.257417   5.167730E-01   9.340565E+14    1.21534E+35   3.970428266E-05  -4.263987E-01   3.679242875E-05
   173     281.326722   5.167604E-01   9.340305E+14    1.21524E+35   4.380502352E-05  -4.263881E-01   4.059286842E-05
   174     290.697724   5.167470E-01   9.340028E+14    1.21513E+35   4.832903549E-05  -4.263769E-01   4.478566118E-05
   175     300.380416   5.167327E-01   9.339732E+14    1.21501E+35   5.331996122E-05  -4.263649E-01   4.941127576E-05
   176     310.385117   5.167174E-01   9.339417E+14    1.21489E+35   5.882593499E-05  -4.263521E-01   5.451434836E-05
   177     320.722483   5.167010E-01   9.339080E+14    1.21476E+35   6.490004346E-05  -4.263385E-01   6.014411058E-05
   178     331.403520   5.166836E-01   9.338720E+14    1.21462E+35   7.160083352E-05  -4.263239E-01   6.635486119E-05
   179     342.439587   5.166650E-01   9.338335E+14    1.21447E+35   7.899287180E-05  -4.263083E-01   7.320648598E-05
   180     353.842417   5.166451E-01   9.337925E+14    1.21431E+35   8.714736125E-05  -4.262917E-01   8.076503073E-05
   181     365.624121   5.166238E-01   9.337487E+14    1.21414E+35   9.614282034E-05  -4.262740E-01   8.910333253E-05
   182     377.797201   5.166012E-01   9.337019E+14    1.21396E+35   1.060658314E-04  -4.262550E-01   9.830171549E-05
   183     390.374565   5.165770E-01   9.336520E+14    1.21376E+35   1.170118648E-04  -4.262348E-01   1.084487571E-04
   184     403.369536   5.165512E-01   9.335986E+14    1.21355E+35   1.290861867E-04  -4.262132E-01   1.196421327E-04
   185     416.795863   5.165236E-01   9.335417E+14    1.21333E+35   1.424048586E-04  -4.261901E-01   1.319895453E-04
   186     430.667741   5.164941E-01   9.334809E+14    1.21310E+35   1.570958383E-04  -4.261655E-01   1.456097502E-04
   187     444.999815   5.164627E-01   9.334161E+14    1.21284E+35   1.733001915E-04  -4.261393E-01   1.606336829E-04
   188     459.807197   5.164291E-01   9.333468E+14    1.21257E+35   1.911734254E-04  -4.261112E-01   1.772057012E-04
   189     475.105482   5.163933E-01   9.332729E+14    1.21229E+35   2.108869572E-04  -4.260813E-01   1.954849528E-04
   190     490.910756   5.163551E-01   9.331939E+14    1.21198E+35   2.326297292E-04  -4.260493E-01   2.156468807E-04
   191     507.239616   5.163142E-01   9.331097E+14    1.21165E+35   2.566099859E-04  -4.260152E-01   2.378848799E-04
   192     524.109178   5.162706E-01   9.330197E+14    1.21130E+35   2.830572289E-04  -4.259788E-01   2.624121209E-04
   193     541.537096   5.162241E-01   9.329237E+14    1.21093E+35   3.122243667E-04  -4.259399E-01   2.894635552E-04
   194     559.541575   5.161744E-01   9.328212E+14    1.21053E+35   3.443900782E-04  -4.258984E-01   3.192981221E-04
   195     578.141381   5.161214E-01   9.327117E+14    1.21010E+35   3.798614108E-04  -4.258541E-01   3.522011755E-04
   196     597.355865   5.160648E-01   9.325949E+14    1.20965E+35   4.189766353E-04  -4.258068E-01   3.884871518E-04
   197     617.204969   5.160044E-01   9.324703E+14    1.20916E+35   4.621083827E-04  -4.257564E-01   4.285025032E-04
   198     637.709242   5.159399E-01   9.323372E+14    1.20865E+35   5.096670883E-04  -4.257025E-01   4.726289209E-04
   199     658.889861   5.158711E-01   9.321951E+14    1.20810E+35   5.621047745E-04  -4.256451E-01   5.212868767E-04
   200     680.768636   5.157976E-01   9.320435E+14    1.20751E+35   6.199192011E-04  -4.255837E-01   5.749395125E-04
   201     703.368032   5.157192E-01   9.318817E+14    1.20688E+35   6.836584196E-04  -4.255183E-01   6.340969110E-04
   202     726.711179   5.156354E-01   9.317090E+14    1.20621E+35   7.539257676E-04  -4.254484E-01   6.993207840E-04
   203     750.821888   5.155461E-01   9.315246E+14    1.20549E+35   8.313853436E-04  -4.253739E-01   7.712296154E-04
   204     775.724663   5.154508E-01   9.313279E+14    1.20473E+35   9.167680065E-04  -4.252944E-01   8.505043027E-04
   205     801.444714   5.153490E-01   9.311180E+14    1.20392E+35   1.010877945E-03  -4.252095E-01   9.378943421E-04
   206     828.007971   5.152404E-01   9.308939E+14    1.20305E+35   1.114599870E-03  -4.251189E-01   1.034224606E-03
   207     855.441093   5.151246E-01   9.306549E+14    1.20213E+35   1.228906882E-03  -4.250223E-01   1.140402765E-03
   208     883.771483   5.150009E-01   9.303998E+14    1.20114E+35   1.354869071E-03  -4.249193E-01   1.257427417E-03
   209     913.027293   5.148690E-01   9.301276E+14    1.20009E+35   1.493662919E-03  -4.248093E-01   1.386396979E-03
   210     943.237437   5.147282E-01   9.298372E+14    1.19896E+35   1.646581556E-03  -4.246921E-01   1.528519407E-03
   211     974.431596   5.145780E-01   9.295274E+14    1.19777E+35   1.815045960E-03  -4.245670E-01   1.685122822E-03
   212    1006.640224   5.144178E-01   9.291968E+14    1.19649E+35   2.000617158E-03  -4.244336E-01   1.857667115E-03
   213    1039.894556   5.142468E-01   9.288442E+14    1.19513E+35   2.205009520E-03  -4.242913E-01   2.047756602E-03
   214    1074.226604   5.140644E-01   9.284681E+14    1.19368E+35   2.430105221E-03  -4.241395E-01   2.257153834E-03
   215    1109.669163   5.138699E-01   9.280669E+14    1.19214E+35   2.677969962E-03  -4.239777E-01   2.487794629E-03
   216    1146.255807   5.136624E-01   9.276390E+14    1.19049E+35   2.950870043E-03  -4.238052E-01   2.741804439E-03
   217    1184.020881   5.134412E-01   9.271827E+14    1.18874E+35   3.251290873E-03  -4.236213E-01   3.021516146E-03
   218    1222.999498   5.132052E-01   9.266961E+14    1.18687E+35   3.581957021E-03  -4.234253E-01   3.329489384E-03
   219    1263.227523   5.129535E-01   9.261772E+14    1.18488E+35   3.945853903E-03  -4.232163E-01   3.668531504E-03
   220    1304.741560   5.126852E-01   9.256240E+14    1.18276E+35   4.346251200E-03  -4.229937E-01   4.041720283E-03
   221    1347.578932   5.123991E-01   9.250342E+14    1.18050E+35   4.786728102E-03  -4.227564E-01   4.452428498E-03
   222    1391.777656   5.120941E-01   9.244055E+14    1.17810E+35   5.271200479E-03  -4.225036E-01   4.904350464E-03
   223    1437.376411   5.117690E-01   9.237354E+14    1.17554E+35   5.803950059E-03  -4.222342E-01   5.401530665E-03
   224    1484.414509   5.114225E-01   9.230212E+14    1.17282E+35   6.389655700E-03  -4.219474E-01   5.948394565E-03
   225    1532.931846   5.110533E-01   9.222603E+14    1.16993E+35   7.033426816E-03  -4.216419E-01   6.549781721E-03
   226    1582.968857   5.106598E-01   9.214495E+14    1.16685E+35   7.740839024E-03  -4.213166E-01   7.210981285E-03
   227    1634.566461   5.102406E-01   9.205858E+14    1.16358E+35   8.517972048E-03  -4.209703E-01   7.937769971E-03
   228    1687.765991   5.097938E-01   9.196676E+14    1.16010E+35   9.371450166E-03  -4.206017E-01   8.736452497E-03
   229    1742.609021   5.093176E-01   9.186920E+14    1.15640E+35   1.030848557E-02  -4.202095E-01   9.613902221E-03
   230    1799.137357   5.088104E-01   9.176532E+14    1.15247E+35   1.133691886E-02  -4.197923E-01   1.057760891E-02
   231    1857.393085   5.082704E-01   9.165473E+14    1.14829E+35   1.246527011E-02  -4.193485E-01   1.163572907E-02
   232    1917.418349   5.076956E-01   9.153703E+14    1.14386E+35   1.370278607E-02  -4.188766E-01   1.279713494E-02
   233    1979.255235   5.070838E-01   9.141178E+14    1.13916E+35   1.505949058E-02  -4.183750E-01   1.407146773E-02
   234    2042.945633   5.064328E-01   9.127853E+14    1.13417E+35   1.654623649E-02  -4.178418E-01   1.546919307E-02
   235    2108.531099   5.057403E-01   9.113680E+14    1.12888E+35   1.817475855E-02  -4.172754E-01   1.700165867E-02
   236    2176.052691   5.050038E-01   9.098609E+14    1.12327E+35   1.995772707E-02  -4.166739E-01   1.868115352E-02
   237    2245.550790   5.042206E-01   9.082587E+14    1.11733E+35   2.190880154E-02  -4.160352E-01   2.052096856E-02
   238    2317.064911   5.033881E-01   9.065559E+14    1.11104E+35   2.404268367E-02  -4.153574E-01   2.253545810E-02
   239    2390.633487   5.025034E-01   9.047468E+14    1.10439E+35   2.637516884E-02  -4.146384E-01   2.474010144E-02
   240    2466.293641   5.015635E-01   9.028253E+14    1.09734E+35   2.892319525E-02  -4.138759E-01   2.715156389E-02
   241    2544.080936   5.005653E-01   9.007852E+14    1.08990E+35   3.170488924E-02  -4.130676E-01   2.978775620E-02
   242    2624.029105   4.995062E-01   8.986264E+14    1.08204E+35   3.473960952E-02  -4.122114E-01   3.266789197E-02
   243    2706.169184   4.983830E-01   8.963438E+14    1.07374E+35   3.804799307E-02  -4.113047E-01   3.581252348E-02
   244    2790.529628   4.971914E-01   8.939231E+14    1.06498E+35   4.165192733E-02  -4.103451E-01   3.924358955E-02
   245    2877.136765   4.959278E-01   8.913570E+14    1.05575E+35   4.557462172E-02  -4.093301E-01   4.298449130E-02
   246    2966.013791   4.945884E-01   8.886380E+14    1.04603E+35   4.984059199E-02  -4.082571E-01   4.706010093E-02
   247    3057.180394   4.931695E-01   8.857583E+14    1.03580E+35   5.447564830E-02  -4.071236E-01   5.149678084E-02
   248    3150.652365   4.916669E-01   8.827101E+14    1.02504E+35   5.950686588E-02  -4.059270E-01   5.632238863E-02
   249    3246.441175   4.900766E-01   8.794853E+14    1.01374E+35   6.496253558E-02  -4.046646E-01   6.156626551E-02
   250    3344.553547   4.883925E-01   8.760891E+14    1.00189E+35   7.087213583E-02  -4.033337E-01   6.725919470E-02
   251    3444.989520   4.866120E-01   8.725009E+14    9.89461E+34   7.726611279E-02  -4.019320E-01   7.343325853E-02
   252    3547.744792   4.847309E-01   8.687116E+14    9.76452E+34   8.417585811E-02  -4.004567E-01   8.012193242E-02
   253    3652.808991   4.827447E-01   8.647127E+14    9.62848E+34   9.163352317E-02  -3.989055E-01   8.735989851E-02
   254    3760.165124   4.806489E-01   8.604954E+14    9.48639E+34   9.967182069E-02  -3.972759E-01   9.518289764E-02
   255    3869.789101   4.784385E-01   8.560669E+14    9.33819E+34   1.083238500E-01  -3.955657E-01   1.036275447E-01
   256    3981.647264   4.761094E-01   8.514107E+14    9.18382E+34   1.176227240E-01  -3.937728E-01   1.127309366E-01
   257    4095.698926   4.736573E-01   8.465116E+14    9.02327E+34   1.276012303E-01  -3.918952E-01   1.225306238E-01
   258    4211.895705   4.710781E-01   8.413616E+14    8.85654E+34   1.382915939E-01  -3.899312E-01   1.330642933E-01
   259    4330.180284   4.683663E-01   8.359671E+14    8.68367E+34   1.497250814E-01  -3.878793E-01   1.443693414E-01
   260    4450.484008   4.655181E-01   8.303165E+14    8.50473E+34   1.619315266E-01  -3.857384E-01   1.564822362E-01
   261    4572.729062   4.625304E-01   8.243932E+14    8.31985E+34   1.749386489E-01  -3.835075E-01   1.694383352E-01
   262    4696.828946   4.593986E-01   8.181951E+14    8.12916E+34   1.887718347E-01  -3.811860E-01   1.832714531E-01
   263    4822.686217   4.561166E-01   8.117321E+14    7.93287E+34   2.034536681E-01  -3.787739E-01   1.980130276E-01
   264    4950.190605   4.526847E-01   8.049789E+14    7.73120E+34   2.190027830E-01  -3.762714E-01   2.136913862E-01
   265    5079.224286   4.490987E-01   7.979362E+14    7.52446E+34   2.354338702E-01  -3.736792E-01   2.303317649E-01
   266    5209.658086   4.453539E-01   7.906114E+14    7.31295E+34   2.527570838E-01  -3.709987E-01   2.479550682E-01
   267    5341.350603   4.414518E-01   7.829855E+14    7.09706E+34   2.709768762E-01  -3.682314E-01   2.665771881E-01
   268    5474.152815   4.373861E-01   7.750724E+14    6.87720E+34   2.900921626E-01  -3.653799E-01   2.862088711E-01
   269    5607.903231   4.331579E-01   7.668649E+14    6.65384E+34   3.100954719E-01  -3.624468E-01   3.068541339E-01
   270    5742.432015   4.287669E-01   7.583616E+14    6.42748E+34   3.309722816E-01  -3.594358E-01   3.285105266E-01
   271    5877.560795   4.242092E-01   7.495761E+14    6.19866E+34   3.527013360E-01  -3.563507E-01   3.511679715E-01
   272    6013.101067   4.194909E-01   7.404942E+14    5.96796E+34   3.752532818E-01  -3.531964E-01   3.748082739E-01
   273    6148.860093   4.146032E-01   7.311303E+14    5.73599E+34   3.985915908E-01  -3.499779E-01   3.994050985E-01
   274    6284.637115   4.095590E-01   7.214800E+14    5.50339E+34   4.226716507E-01  -3.467012E-01   4.249231950E-01
   275    6420.228130   4.043491E-01   7.115616E+14    5.27079E+34   4.474415950E-01  -3.433725E-01   4.513185998E-01
   276    6555.423241   3.989870E-01   7.013738E+14    5.03888E+34   4.728417177E-01  -3.399986E-01   4.785380942E-01
   277    6690.011851   3.934648E-01   6.909344E+14    4.80832E+34   4.988056396E-01  -3.365868E-01   5.065195907E-01
   278    6823.780832   3.877946E-01   6.802408E+14    4.57978E+34   5.252600111E-01  -3.331448E-01   5.351924223E-01
   279    6956.520074   3.819767E-01   6.693034E+14    4.35392E+34   5.521256455E-01  -3.296807E-01   5.644776122E-01
   280    7088.021895   3.760151E-01   6.581422E+14    4.13140E+34   5.793186186E-01  -3.262026E-01   5.942895039E-01
   281    7218.080984   3.699263E-01   6.467730E+14    3.91282E+34   6.067506763E-01  -3.227189E-01   6.245348465E-01
   282    7346.496944   3.636931E-01   6.351880E+14    3.69878E+34   6.343298959E-01  -3.192384E-01   6.551147310E-01
   283    7473.080660   3.573428E-01   6.234164E+14    3.48983E+34   6.619632867E-01  -3.157693E-01   6.859268495E-01
   284    7597.648669   3.508783E-01   6.114719E+14    3.28648E+34   6.895560247E-01  -3.123203E-01   7.168641063E-01
   285    7720.027881   3.442950E-01   5.993607E+14    3.08918E+34   7.170141412E-01  -3.088996E-01   7.478184837E-01
   286    7840.058267   3.376181E-01   5.871110E+14    2.89834E+34   7.442455158E-01  -3.055151E-01   7.786816131E-01
   287    7957.589782   3.308496E-01   5.747328E+14    2.71431E+34   7.711595576E-01  -3.021747E-01   8.093446888E-01
   288    8072.487147   3.239830E-01   5.622198E+14    2.53739E+34   7.976700660E-01  -2.988856E-01   8.397023347E-01
   289    8184.633762   3.082575E-01   5.335988E+14    2.36857E+34   8.235693821E-01  -2.956544E-01   8.695143183E-01
   290    8297.128754   3.015500E-01   5.214382E+14    2.20644E+34   8.490318128E-01  -2.923966E-01   8.989988533E-01
   291    8406.601214   2.947969E-01   5.092402E+14    2.05200E+34   8.738946273E-01  -2.892129E-01   9.279215305E-01
   292    8512.971142   2.880199E-01   4.970317E+14    1.90526E+34   8.980943969E-01  -2.861082E-01   9.561974697E-01
   293    8616.170850   2.812175E-01   4.848153E+14    1.76623E+34   9.215737515E-01  -2.830871E-01   9.837481181E-01
   294    8716.150120   2.743899E-01   4.725961E+14    1.63483E+34   9.442838674E-01  -2.801532E-01   1.010504488E+00
   295    8812.875185   2.675666E-01   4.604164E+14    1.51096E+34   9.661838707E-01  -2.773095E-01   1.036406383E+00
   296    8906.320783   2.607517E-01   4.482872E+14    1.39446E+34   9.872392477E-01  -2.745586E-01   1.061400723E+00
   297    8996.476272   2.539377E-01   4.361928E+14    1.28517E+34   1.007423829E+00  -2.719023E-01   1.085444886E+00
   298    9083.349889   2.471573E-01   4.241847E+14    1.18287E+34   1.026720119E+00  -2.693418E-01   1.108506817E+00
   299    9166.954484   2.404165E-01   4.122755E+14    1.08733E+34   1.045115594E+00  -2.668779E-01   1.130560275E+00
   300    9247.314896   2.337061E-01   4.004603E+14    9.98282E+33   1.062605931E+00  -2.645109E-01   1.151589555E+00
   301    9324.469837   2.270614E-01   3.887808E+14    9.15459E+33   1.079193893E+00  -2.622402E-01   1.171588058E+00
   302    9398.461708   2.204879E-01   3.772458E+14    8.38578E+33   1.094885684E+00  -2.600654E-01   1.190554147E+00
   303    9469.342665   2.139706E-01   3.658423E+14    7.67347E+33   1.109694234E+00  -2.579853E-01   1.208495019E+00
   304    9537.176928   1.980214E-01   3.379881E+14    7.01970E+33   1.123526972E+00  -2.559983E-01   1.225293141E+00
   305    9605.204658   1.781155E-01   3.033052E+14    6.44223E+33   1.135946104E+00  -2.540115E-01   1.240434054E+00
   306    9675.635824   1.726938E-01   2.938872E+14    5.87913E+33   1.148294969E+00  -2.519633E-01   1.255521627E+00
   307    9742.940795   1.673857E-01   2.846802E+14    5.36086E+33   1.159891645E+00  -2.500148E-01   1.269711877E+00
   308    9807.189057   1.621932E-01   2.756869E+14    4.88448E+33   1.170759190E+00  -2.481634E-01   1.283028448E+00
   309    9868.455356   1.571096E-01   2.668993E+14    4.44718E+33   1.180922892E+00  -2.464061E-01   1.295498622E+00
   310    9926.821154   1.521400E-01   2.583222E+14    4.04623E+33   1.190409787E+00  -2.447398E-01   1.307151762E+00
   311    9982.371003   1.472731E-01   2.499381E+14    3.67905E+33   1.199248506E+00  -2.431612E-01   1.318020180E+00
   312   10035.196336   1.425155E-01   2.417552E+14    3.34315E+33   1.207468298E+00  -2.416669E-01   1.328136855E+00
   313   10085.389417   1.378617E-01   2.337594E+14    3.03619E+33   1.215099839E+00  -2.402536E-01   1.337537477E+00
   314   10133.046707   1.333097E-01   2.259477E+14    2.75596E+33   1.222172924E+00  -2.389178E-01   1.346256728E+00
   315   10178.266546   1.288851E-01   2.183594E+14    2.50034E+33   1.228719163E+00  -2.376559E-01   1.354332072E+00
   316   10221.139150   1.245857E-01   2.109934E+14    2.26736E+33   1.234768870E+00  -2.364649E-01   1.361799518E+00
   317   10261.754777   1.204115E-01   2.038446E+14    2.05518E+33   1.240351778E+00  -2.353414E-01   1.368694660E+00
   318   10300.204071   1.163114E-01   1.968306E+14    1.86214E+33   1.245496035E+00  -2.342824E-01   1.375051309E+00
   319   10336.592311   1.123307E-01   1.900240E+14    1.68660E+33   1.250230822E+00  -2.332843E-01   1.380904686E+00
   320   10371.008853   1.084199E-01   1.833450E+14    1.52709E+33   1.254583318E+00  -2.323441E-01   1.386287741E+00
   321   10403.555233   1.045579E-01   1.767595E+14    1.38228E+33   1.258578176E+00  -2.314585E-01   1.391230192E+00
   322   10434.337196   1.008224E-01   1.703917E+14    1.25083E+33   1.262242801E+00  -2.306241E-01   1.395765480E+00
   323   10463.434218   9.707735E-02   1.640143E+14    1.13162E+33   1.265599295E+00  -2.298383E-01   1.399920588E+00
   324   10490.962527   9.342583E-02   1.577992E+14    1.02356E+33   1.268671418E+00  -2.290977E-01   1.403724592E+00
   325   10517.004885   8.985737E-02   1.517269E+14    9.25597E+32   1.271481534E+00  -2.283994E-01   1.407204952E+00
   326   10541.643177   8.491026E-02   1.432968E+14    8.37625E+32   1.274026995E+00  -2.277411E-01   1.410358585E+00
   327   10565.382186   8.022696E-02   1.353205E+14    7.57872E+32   1.276353816E+00  -2.271090E-01   1.413242575E+00
   328   10588.248919   7.579452E-02   1.277756E+14    6.85593E+32   1.278479638E+00  -2.265021E-01   1.415878511E+00
   329   10610.270016   7.160052E-02   1.206403E+14    6.20109E+32   1.280420829E+00  -2.259197E-01   1.418286450E+00
   330   10631.471721   6.763299E-02   1.138940E+14    5.60798E+32   1.282192554E+00  -2.253608E-01   1.420485001E+00
   331   10651.879851   6.388044E-02   1.075166E+14    5.07092E+32   1.283808851E+00  -2.248246E-01   1.422491405E+00
   332   10671.519775   6.033188E-02   1.014892E+14    4.58472E+32   1.285282693E+00  -2.243103E-01   1.424321614E+00
   333   10690.416384   5.697678E-02   9.579352E+13    4.14467E+32   1.286626059E+00  -2.238170E-01   1.425990372E+00
   334   10708.594079   5.380510E-02   9.041208E+13    3.74647E+32   1.287849997E+00  -2.233440E-01   1.427511285E+00
   335   10726.076754   5.080722E-02   8.532830E+13    3.38620E+32   1.288964687E+00  -2.228904E-01   1.428896902E+00
   336   10742.887780   4.797400E-02   8.052634E+13    3.06031E+32   1.289979498E+00  -2.224556E-01   1.430158778E+00
   337   10759.049993   4.529671E-02   7.599112E+13    2.76556E+32   1.290903048E+00  -2.220388E-01   1.431307549E+00
   338   10774.585691   4.276704E-02   7.170830E+13    2.49902E+32   1.291743254E+00  -2.216393E-01   1.432352991E+00
   339   10789.516623   4.037709E-02   6.766424E+13    2.25801E+32   1.292507388E+00  -2.212565E-01   1.433304086E+00
   340   10803.863984   3.811937E-02   6.384598E+13    2.04012E+32   1.293202117E+00  -2.208896E-01   1.434169077E+00
   341   10817.648416   3.598672E-02   6.024122E+13    1.84315E+32   1.293833555E+00  -2.205381E-01   1.434955523E+00
   342   10830.890004   3.397238E-02   5.683829E+13    1.66511E+32   1.294407303E+00  -2.202012E-01   1.435670352E+00
   343   10843.608277   3.206993E-02   5.362611E+13    1.50419E+32   1.294928489E+00  -2.198785E-01   1.436319909E+00
   344   10855.822211   3.027325E-02   5.059420E+13    1.35877E+32   1.295401802E+00  -2.195694E-01   1.436909999E+00
   345   10867.550233   2.857658E-02   4.773260E+13    1.22736E+32   1.295831532E+00  -2.192732E-01   1.437445935E+00
   346   10878.810223   2.697443E-02   4.503189E+13    1.10861E+32   1.296221597E+00  -2.189895E-01   1.437932570E+00
   347   10889.619522   2.546162E-02   4.248317E+13    1.00132E+32   1.296575578E+00  -2.187178E-01   1.438374339E+00
   348   10899.994936   2.403323E-02   4.007799E+13    9.04386E+31   1.296896741E+00  -2.184575E-01   1.438775293E+00
   349   10909.952746   2.260515E-02   3.768193E+13    8.16859E+31   1.297187907E+00  -2.182083E-01   1.439138918E+00
   350   10919.541258   2.108040E-02   3.514071E+13    7.38191E+31   1.297450621E+00  -2.179687E-01   1.439466994E+00
   351   10928.853860   1.965819E-02   3.277035E+13    6.67084E+31   1.297688979E+00  -2.177365E-01   1.439764595E+00
   352   10937.897863   1.833167E-02   3.055945E+13    6.02814E+31   1.297905209E+00  -2.175115E-01   1.440034516E+00
   353   10946.680417   1.706885E-02   2.845208E+13    5.44771E+31   1.298101191E+00  -2.172933E-01   1.440279125E+00
   354   10955.222746   1.589145E-02   2.648728E+13    4.92311E+31   1.298278934E+00  -2.170815E-01   1.440500949E+00
   355   10963.531752   1.478036E-02   2.463353E+13    4.44904E+31   1.298440104E+00  -2.168759E-01   1.440702070E+00
   356   10971.621448   1.371658E-02   2.285936E+13    4.02117E+31   1.298586048E+00  -2.166760E-01   1.440884173E+00
   357   10979.515546   1.272925E-02   2.121276E+13    3.63440E+31   1.298718399E+00  -2.164813E-01   1.441049295E+00
   358   10987.218404   1.180997E-02   1.968027E+13    3.28480E+31   1.298838406E+00  -2.162916E-01   1.441199000E+00
   359   10994.735977   1.094837E-02   1.824554E+13    2.96894E+31   1.298947170E+00  -2.161068E-01   1.441334653E+00
   360   11002.077856   1.014955E-02   1.691528E+13    2.68342E+31   1.299045781E+00  -2.159266E-01   1.441457617E+00
   361   11009.247835   9.403421E-03   1.567237E+13    2.42536E+31   1.299135170E+00  -2.157509E-01   1.441569059E+00
   362   11016.253968   8.702518E-03   1.450420E+13    2.19228E+31   1.299216140E+00  -2.155795E-01   1.441669987E+00
   363   11023.108053   8.053811E-03   1.342302E+13    1.98158E+31   1.299289541E+00  -2.154121E-01   1.441761466E+00
   364   11029.813142   7.445369E-03   1.240895E+13    1.79120E+31   1.299356048E+00  -2.152485E-01   1.441844340E+00
   365   11036.379603   6.880526E-03   1.146754E+13    1.61915E+31   1.299416314E+00  -2.150886E-01   1.441919427E+00
   366   11042.812461   6.353993E-03   1.059007E+13    1.46363E+31   1.299470932E+00  -2.149321E-01   1.441987467E+00
   367   11049.118726   5.862387E-03   9.770883E+12    1.32314E+31   1.299520402E+00  -2.147790E-01   1.442049084E+00
   368   11055.306711   5.322996E-03   8.871993E+12    1.19646E+31   1.299565123E+00  -2.146289E-01   1.442104777E+00
   369   11061.477903   4.808947E-03   8.015153E+12    1.08338E+31   1.299605142E+00  -2.144794E-01   1.442154607E+00
   370   11067.671878   4.406153E-03   7.343705E+12    9.79741E+30   1.299641913E+00  -2.143296E-01   1.442200387E+00
   371   11073.794213   4.037083E-03   6.728484E+12    8.86012E+30   1.299675250E+00  -2.141817E-01   1.442241887E+00
   372   11079.845631   3.687684E-03   6.146140E+12    8.01362E+30   1.299705433E+00  -2.140358E-01   1.442279455E+00
   373   11085.845831   3.367099E-03   5.611832E+12    7.24826E+30   1.299732790E+00  -2.138912E-01   1.442313501E+00
   374   11091.797889   3.069228E-03   5.115561E+12    6.55616E+30   1.299757589E+00  -2.137481E-01   1.442344358E+00
   375   11097.711968   2.793029E-03   4.655550E+12    5.93098E+30   1.299780043E+00  -2.136060E-01   1.442372293E+00
   376   11103.598706   2.510749E-03   4.185167E+12    5.36653E+30   1.299800365E+00  -2.134648E-01   1.442397570E+00
   377   11109.531749   2.218502E-03   3.697913E+12    4.86230E+30   1.299818562E+00  -2.133226E-01   1.442420201E+00
   378   11115.623628   1.823613E-03   3.039021E+12    4.40950E+30   1.299834942E+00  -2.131768E-01   1.442440570E+00
   379   11122.354288   1.622201E-03   2.703333E+12    3.99381E+30   1.299850016E+00  -2.130160E-01   1.442459316E+00
   380   11129.217721   1.440445E-03   2.400340E+12    3.61743E+30   1.299863703E+00  -2.128523E-01   1.442476334E+00
   381   11136.229726   1.273797E-03   2.122396E+12    3.27744E+30   1.299876100E+00  -2.126853E-01   1.442491748E+00
   382   11143.425816   1.122655E-03   1.870569E+12    2.96966E+30   1.299887354E+00  -2.125141E-01   1.442505740E+00
   383   11150.835671   9.867172E-04   1.644227E+12    2.69134E+30   1.299897561E+00  -2.123382E-01   1.442518427E+00
   384   11158.487910   8.636612E-04   1.439393E+12    2.43967E+30   1.299906819E+00  -2.121568E-01   1.442529930E+00
   385   11166.424934   7.542592E-04   1.257099E+12    2.21176E+30   1.299915228E+00  -2.119690E-01   1.442540375E+00
   386   11174.678166   6.568698E-04   1.094783E+12    2.00539E+30   1.299922866E+00  -2.117741E-01   1.442549862E+00
   387   11183.286164   5.709091E-04   9.515566E+11    1.81852E+30   1.299929806E+00  -2.115712E-01   1.442558480E+00
   388   11192.283628   4.558026E-04   7.596657E+11    1.65503E+30   1.299935899E+00  -2.113595E-01   1.442566043E+00
   389   11202.558416   4.181577E-04   6.969073E+11    1.49664E+30   1.299941823E+00  -2.111184E-01   1.442573396E+00
   390   11212.710432   3.836212E-04   6.393325E+11    1.35340E+30   1.299947203E+00  -2.108806E-01   1.442580072E+00
   391   11222.740834   3.519366E-04   5.865133E+11    1.22387E+30   1.299952088E+00  -2.106462E-01   1.442586133E+00
   392   11232.650772   3.228685E-04   5.380569E+11    1.10674E+30   1.299956524E+00  -2.104151E-01   1.442591635E+00
   393   11242.441397   2.962007E-04   4.936031E+11    1.00081E+30   1.299960551E+00  -2.101874E-01   1.442596629E+00
   394   11252.113855   2.721231E-04   4.534941E+11    9.04974E+29   1.299964209E+00  -2.099629E-01   1.442601165E+00
   395   11261.654619   2.501468E-04   4.168947E+11    8.18266E+29   1.299967531E+00  -2.097419E-01   1.442605283E+00
   396   11271.059003   2.299450E-04   3.832485E+11    7.39864E+29   1.299970547E+00  -2.095245E-01   1.442609020E+00
   397   11280.328645   2.113743E-04   3.523172E+11    6.68973E+29   1.299973284E+00  -2.093107E-01   1.442612411E+00
   398   11289.465171   1.943031E-04   3.238818E+11    6.04874E+29   1.299975768E+00  -2.091004E-01   1.442615488E+00
   399   11298.470198   1.786104E-04   2.977410E+11    5.46915E+29   1.299978023E+00  -2.088935E-01   1.442618279E+00
   400   11307.345332   1.642327E-04   2.737856E+11    4.94507E+29   1.299980069E+00  -2.086900E-01   1.442620812E+00
   401   11316.089703   1.512378E-04   2.521146E+11    4.47082E+29   1.299981926E+00  -2.084899E-01   1.442623111E+00
   402   11324.692051   1.392708E-04   2.321585E+11    4.04204E+29   1.299983612E+00  -2.082935E-01   1.442625197E+00
   403   11333.154389   1.282506E-04   2.137817E+11    3.65438E+29   1.299985141E+00  -2.081006E-01   1.442627089E+00
   404   11341.478715   1.181022E-04   1.968592E+11    3.30390E+29   1.299986529E+00  -2.079112E-01   1.442628805E+00
   405   11349.667006   1.087567E-04   1.812761E+11    2.98702E+29   1.299987787E+00  -2.077252E-01   1.442630362E+00
   406   11357.721220   1.001506E-04   1.669262E+11    2.70053E+29   1.299988929E+00  -2.075426E-01   1.442631774E+00
   407   11365.643297   9.222537E-05   1.537121E+11    2.44151E+29   1.299989964E+00  -2.073633E-01   1.442633054E+00
   408   11373.435157   8.497138E-05   1.416195E+11    2.20732E+29   1.299990903E+00  -2.071873E-01   1.442634215E+00
   409   11381.094545   7.836561E-05   1.306112E+11    1.99544E+29   1.299991755E+00  -2.070146E-01   1.442635268E+00
   410   11388.615263   7.227329E-05   1.204584E+11    1.80389E+29   1.299992528E+00  -2.068453E-01   1.442636223E+00
   411   11395.999577   6.665450E-05   1.110947E+11    1.63073E+29   1.299993229E+00  -2.066793E-01   1.442637089E+00
   412   11403.249726   6.147246E-05   1.024587E+11    1.47419E+29   1.299993864E+00  -2.065166E-01   1.442637874E+00
   413   11410.367920   5.669322E-05   9.449393E+10    1.33267E+29   1.299994440E+00  -2.063571E-01   1.442638585E+00
   414   11417.356342   5.228548E-05   8.714819E+10    1.20474E+29   1.299994962E+00  -2.062008E-01   1.442639230E+00
   415   11424.217147   4.822037E-05   8.037340E+10    1.08908E+29   1.299995436E+00  -2.060475E-01   1.442639815E+00
   416   11430.952462   4.447127E-05   7.412518E+10    9.84530E+28   1.299995865E+00  -2.058973E-01   1.442640344E+00
   417   11437.564387   4.101360E-05   6.836261E+10    8.90013E+28   1.299996254E+00  -2.057500E-01   1.442640824E+00
   418   11444.054994   3.786044E-05   6.310633E+10    8.04544E+28   1.299996606E+00  -2.056057E-01   1.442641260E+00
   419   11450.420251   3.496758E-05   5.828337E+10    7.27249E+28   1.299996926E+00  -2.054643E-01   1.442641654E+00
   420   11456.658983   3.229572E-05   5.382894E+10    6.57379E+28   1.299997216E+00  -2.053260E-01   1.442642012E+00
   421   11462.773525   2.982798E-05   4.971490E+10    5.94221E+28   1.299997478E+00  -2.051906E-01   1.442642336E+00
   422   11468.766173   2.754877E-05   4.591523E+10    5.37130E+28   1.299997716E+00  -2.050580E-01   1.442642629E+00
   423   11474.639191   2.544369E-05   4.240592E+10    4.85524E+28   1.299997932E+00  -2.049283E-01   1.442642895E+00
   424   11480.394806   2.349943E-05   3.916479E+10    4.38875E+28   1.299998127E+00  -2.048013E-01   1.442643136E+00
   425   11486.035210   2.170373E-05   3.617133E+10    3.96707E+28   1.299998304E+00  -2.046770E-01   1.442643354E+00
   426   11491.562562   2.004522E-05   3.340664E+10    3.58591E+28   1.299998464E+00  -2.045554E-01   1.442643552E+00
   427   11496.978985   1.851343E-05   3.085324E+10    3.24136E+28   1.299998610E+00  -2.044364E-01   1.442643731E+00
   428   11502.286568   1.709867E-05   2.849497E+10    2.92992E+28   1.299998741E+00  -2.043198E-01   1.442643893E+00
   429   11507.487368   1.579201E-05   2.631693E+10    2.64839E+28   1.299998860E+00  -2.042058E-01   1.442644040E+00
   430   11512.583407   1.458520E-05   2.430534E+10    2.39392E+28   1.299998968E+00  -2.040941E-01   1.442644173E+00
   431   11517.576674   1.348706E-05   2.247535E+10    2.16376E+28   1.299999066E+00  -2.039849E-01   1.442644293E+00
   432   11522.462770   1.247307E-05   2.078563E+10    1.95571E+28   1.299999155E+00  -2.038781E-01   1.442644402E+00
   433   11527.243251   1.153531E-05   1.922292E+10    1.76766E+28   1.299999235E+00  -2.037737E-01   1.442644501E+00
   434   11531.920284   1.066804E-05   1.777768E+10    1.59768E+28   1.299999307E+00  -2.036717E-01   1.442644591E+00
   435   11536.495999   9.865964E-06   1.644109E+10    1.44406E+28   1.299999373E+00  -2.035720E-01   1.442644672E+00
   436   11540.972488   9.124185E-06   1.520497E+10    1.30520E+28   1.299999433E+00  -2.034745E-01   1.442644745E+00
   437   11545.351802   8.438170E-06   1.406178E+10    1.17969E+28   1.299999487E+00  -2.033793E-01   1.442644812E+00
   438   11549.635954   7.803727E-06   1.300452E+10    1.06625E+28   1.299999536E+00  -2.032862E-01   1.442644872E+00
   439   11553.826921   7.216981E-06   1.202675E+10    9.63719E+27   1.299999580E+00  -2.031952E-01   1.442644926E+00
   440   11557.926643   6.674345E-06   1.112249E+10    8.71046E+27   1.299999620E+00  -2.031063E-01   1.442644975E+00
   441   11561.937023   6.172504E-06   1.028620E+10    7.87283E+27   1.299999656E+00  -2.030194E-01   1.442645020E+00
   442   11565.859927   5.708392E-06   9.512791E+09    7.11575E+27   1.299999689E+00  -2.029345E-01   1.442645060E+00
   443   11569.697186   5.279172E-06   8.797525E+09    6.43146E+27   1.299999718E+00  -2.028515E-01   1.442645097E+00
   444   11573.450597   4.882223E-06   8.136033E+09    5.81297E+27   1.299999745E+00  -2.027703E-01   1.442645130E+00
   445   11577.121923   4.515117E-06   7.524274E+09    5.25396E+27   1.299999770E+00  -2.026910E-01   1.442645160E+00
   446   11580.712890   4.175612E-06   6.958508E+09    4.74870E+27   1.299999792E+00  -2.026136E-01   1.442645187E+00
   447   11584.225194   3.861633E-06   6.435280E+09    4.29202E+27   1.299999812E+00  -2.025378E-01   1.442645212E+00
   448   11587.660497   3.571260E-06   5.951390E+09    3.87926E+27   1.299999830E+00  -2.024638E-01   1.442645234E+00
   449   11591.020428   3.304196E-06   5.506350E+09    3.50617E+27   1.299999846E+00  -2.023914E-01   1.442645254E+00
   450   11594.305086   3.060679E-06   5.100565E+09    3.16870E+27   1.299999861E+00  -2.023208E-01   1.442645272E+00
   451   11597.512092   2.835107E-06   4.724681E+09    2.86372E+27   1.299999874E+00  -2.022518E-01   1.442645289E+00
   452   11600.643226   2.626157E-06   4.376494E+09    2.58808E+27   1.299999886E+00  -2.021845E-01   1.442645303E+00
   453   11603.700230   2.432606E-06   4.053965E+09    2.33898E+27   1.299999897E+00  -2.021189E-01   1.442645317E+00
   454   11606.684809   2.253319E-06   3.755202E+09    2.11385E+27   1.299999907E+00  -2.020548E-01   1.442645329E+00
   455   11609.598632   2.087243E-06   3.478455E+09    1.91039E+27   1.299999916E+00  -2.019924E-01   1.442645340E+00
   456   11612.443330   1.933407E-06   3.222102E+09    1.72651E+27   1.299999924E+00  -2.019314E-01   1.442645350E+00
   457   11615.220499   1.790908E-06   2.984639E+09    1.56032E+27   1.299999932E+00  -2.018719E-01   1.442645359E+00
   458   11617.931702   1.658911E-06   2.764675E+09    1.41014E+27   1.299999938E+00  -2.018139E-01   1.442645367E+00
   459   11620.578465   1.536642E-06   2.560921E+09    1.27440E+27   1.299999944E+00  -2.017572E-01   1.442645375E+00
   460   11623.162284   1.423384E-06   2.372182E+09    1.15173E+27   1.299999950E+00  -2.017020E-01   1.442645381E+00
   461   11625.684618   1.318472E-06   2.197352E+09    1.04087E+27   1.299999955E+00  -2.016481E-01   1.442645387E+00
   462   11628.146897   1.221293E-06   2.035406E+09    9.40681E+26   1.299999959E+00  -2.015955E-01   1.442645393E+00
   463   11630.550518   1.131276E-06   1.885394E+09    8.50133E+26   1.299999963E+00  -2.015442E-01   1.442645398E+00
   464   11632.896847   1.047893E-06   1.746438E+09    7.68301E+26   1.299999967E+00  -2.014941E-01   1.442645402E+00
   465   11635.187221   9.706553E-07   1.617722E+09    6.94345E+26   1.299999970E+00  -2.014453E-01   1.442645406E+00
   466   11637.422946   8.991103E-07   1.498492E+09    6.27508E+26   1.299999973E+00  -2.013976E-01   1.442645410E+00
   467   11639.605300   8.328385E-07   1.388049E+09    5.67104E+26   1.299999976E+00  -2.013511E-01   1.442645413E+00
   468   11641.735529   7.714510E-07   1.285745E+09    5.12515E+26   1.299999978E+00  -2.013058E-01   1.442645416E+00
   469   11643.814856   7.145881E-07   1.190981E+09    4.63179E+26   1.299999980E+00  -2.012615E-01   1.442645419E+00
   470   11645.844473   6.619161E-07   1.103201E+09    4.18593E+26   1.299999982E+00  -2.012183E-01   1.442645422E+00
   471   11647.825546   6.131264E-07   1.021890E+09    3.78299E+26   1.299999984E+00  -2.011762E-01   1.442645424E+00
   472   11649.759217   5.679327E-07   9.465720E+08    3.41883E+26   1.299999986E+00  -2.011351E-01   1.442645426E+00
   473   11651.646598   5.260700E-07   8.768048E+08    3.08972E+26   1.299999987E+00  -2.010950E-01   1.442645428E+00
   474   11653.488778   4.872928E-07   8.121794E+08    2.79229E+26   1.299999989E+00  -2.010558E-01   1.442645429E+00
   475   11655.286823   4.513738E-07   7.523170E+08    2.52350E+26   1.299999990E+00  -2.010177E-01   1.442645431E+00
   476   11657.041772   4.181023E-07   6.968666E+08    2.28057E+26   1.299999991E+00  -2.009804E-01   1.442645432E+00
   477   11658.754641   3.872831E-07   6.455029E+08    2.06104E+26   1.299999992E+00  -2.009441E-01   1.442645433E+00
   478   11660.426425   3.587356E-07   5.979249E+08    1.86263E+26   1.299999993E+00  -2.009086E-01   1.442645434E+00
   479   11662.058092   3.322922E-07   5.538535E+08    1.68332E+26   1.299999994E+00  -2.008740E-01   1.442645435E+00
   480   11663.650592   3.077980E-07   5.130304E+08    1.52128E+26   1.299999994E+00  -2.008403E-01   1.442645436E+00
   481   11665.204852   2.851092E-07   4.752160E+08    1.37483E+26   1.299999995E+00  -2.008073E-01   1.442645437E+00
   482   11666.721776   2.640928E-07   4.401888E+08    1.24248E+26   1.299999995E+00  -2.007752E-01   1.442645438E+00
   483   11668.202249   2.446255E-07   4.077431E+08    1.12287E+26   1.299999996E+00  -2.007439E-01   1.442645438E+00
   484   11669.647135   2.265931E-07   3.776889E+08    1.01477E+26   1.299999997E+00  -2.007133E-01   1.442645439E+00
   485   11671.057278   2.099526E-07   3.499020E+08    9.17081E+25   1.299999997E+00  -2.006834E-01   1.442645440E+00
   486   11672.433295   1.953107E-07   3.247951E+08    8.28702E+25   1.299999997E+00  -2.006543E-01   1.442645440E+00
   487   11673.773228   1.816467E-07   3.014875E+08    7.48841E+25   1.299999998E+00  -2.006260E-01   1.442645441E+00
   488   11675.078020   1.686034E-07   2.798358E+08    6.76677E+25   1.299999998E+00  -2.005984E-01   1.442645441E+00
   489   11676.348664   1.564966E-07   2.597390E+08    6.11468E+25   1.299999998E+00  -2.005716E-01   1.442645441E+00
   490   11677.586044   1.452592E-07   2.410854E+08    5.52542E+25   1.299999999E+00  -2.005454E-01   1.442645442E+00
   491   11678.791021   1.348286E-07   2.237714E+08    4.99295E+25   1.299999999E+00  -2.005199E-01   1.442645442E+00
   492   11679.964435   1.251470E-07   2.077008E+08    4.51179E+25   1.299999999E+00  -2.004952E-01   1.442645442E+00
   493   11681.107105   1.161606E-07   1.927843E+08    4.07699E+25   1.299999999E+00  -2.004710E-01   1.442645442E+00
   494   11682.219830   1.078498E-07   1.789959E+08    3.68405E+25   1.299999999E+00  -2.004475E-01   1.442645443E+00
   495   11683.303028   1.001444E-07   1.662141E+08    3.32895E+25   1.300000000E+00  -2.004247E-01   1.442645443E+00
   496   11684.357336   9.298954E-08   1.543450E+08    3.00807E+25   1.300000000E+00  -2.004024E-01   1.442645443E+00
   497   11685.383516   8.634584E-08   1.433234E+08    2.71812E+25   1.300000000E+00  -2.003808E-01   1.442645443E+00
   498   11686.382312   8.017679E-08   1.330889E+08    2.45612E+25   1.300000000E+00  -2.003597E-01   1.442645443E+00
   499   11687.354451   7.444847E-08   1.235851E+08    2.21937E+25   1.300000000E+00  -2.003392E-01   1.442645443E+00
   500   11688.300636   6.914134E-08   1.147795E+08    2.00543E+25   1.300000000E+00  -2.003193E-01   1.442645444E+00
   501   11689.221399   6.423954E-08   1.066451E+08    1.81207E+25   1.300000000E+00  -2.002999E-01   1.442645444E+00
   502   11690.117021   5.968524E-08   9.908717E+07    1.63735E+25   1.300000000E+00  -2.002810E-01   1.442645444E+00
   503   11690.988186   5.545381E-08   9.206487E+07    1.47948E+25   1.300000000E+00  -2.002626E-01   1.442645444E+00
   504   11691.835556   5.152236E-08   8.554022E+07    1.33682E+25   1.300000001E+00  -2.002448E-01   1.442645444E+00
   505   11692.659776   4.786962E-08   7.947796E+07    1.20793E+25   1.300000001E+00  -2.002274E-01   1.442645444E+00
   506   11693.461476   4.447584E-08   7.384532E+07    1.09146E+25   1.300000001E+00  -2.002106E-01   1.442645444E+00
   507   11694.241267   4.134724E-08   6.864898E+07    9.86193E+24   1.300000001E+00  -2.001941E-01   1.442645444E+00
   508   11694.999314   3.844411E-08   6.382643E+07    8.91071E+24   1.300000001E+00  -2.001782E-01   1.442645444E+00
   509   11695.736120   3.574482E-08   5.934265E+07    8.05124E+24   1.300000001E+00  -2.001627E-01   1.442645444E+00
   510   11696.452274   3.323504E-08   5.517384E+07    7.27467E+24   1.300000001E+00  -2.001476E-01   1.442645444E+00
   511   11697.148354   3.090149E-08   5.129789E+07    6.57300E+24   1.300000001E+00  -2.001329E-01   1.442645444E+00
   512   11697.824918   2.873177E-08   4.769421E+07    5.93900E+24   1.300000001E+00  -2.001187E-01   1.442645444E+00
   513   11698.482511   2.671963E-08   4.435285E+07    5.36614E+24   1.300000001E+00  -2.001049E-01   1.442645444E+00
   514   11699.121528   2.486159E-08   4.126874E+07    4.84835E+24   1.300000001E+00  -2.000914E-01   1.442645444E+00
   515   11699.742119   2.313275E-08   3.839908E+07    4.38052E+24   1.300000001E+00  -2.000784E-01   1.442645444E+00
   516   11700.344814   2.152413E-08   3.572895E+07    3.95784E+24   1.300000001E+00  -2.000657E-01   1.442645445E+00
   517   11700.930125   2.002736E-08   3.324450E+07    3.57594E+24   1.300000001E+00  -2.000534E-01   1.442645445E+00
   518   11701.498552   1.863468E-08   3.093279E+07    3.23089E+24   1.300000001E+00  -2.000415E-01   1.442645445E+00
   519   11702.050581   1.733884E-08   2.878184E+07    2.91913E+24   1.300000001E+00  -2.000299E-01   1.442645445E+00
   520   11702.586682   1.614354E-08   2.679777E+07    2.63740E+24   1.300000001E+00  -2.000186E-01   1.442645445E+00
   521   11703.106965   1.503562E-08   2.495873E+07    2.38278E+24   1.300000001E+00  -2.000077E-01   1.442645445E+00
   522   11703.611712   1.400373E-08   2.324590E+07    2.15275E+24   1.300000001E+00  -1.999971E-01   1.442645445E+00
   523   11704.101387   1.304266E-08   2.165061E+07    1.94492E+24   1.300000001E+00  -1.999868E-01   1.442645445E+00
   524   11704.576436   1.214755E-08   2.016480E+07    1.75716E+24   1.300000001E+00  -1.999768E-01   1.442645445E+00
   525   11705.037297   1.131386E-08   1.878095E+07    1.58752E+24   1.300000001E+00  -1.999671E-01   1.442645445E+00
   526   11705.484390   1.053739E-08   1.749207E+07    1.43426E+24   1.300000001E+00  -1.999577E-01   1.442645445E+00
   527   11705.918126   9.823867E-09   1.630870E+07    1.29573E+24   1.300000001E+00  -1.999486E-01   1.442645445E+00
   528   11706.338440   9.159118E-09   1.520621E+07    1.17057E+24   1.300000001E+00  -1.999398E-01   1.442645445E+00
   529   11706.745723   8.539349E-09   1.417824E+07    1.05750E+24   1.300000001E+00  -1.999312E-01   1.442645445E+00
   530   11707.140377   7.961518E-09   1.321977E+07    9.55351E+23   1.300000001E+00  -1.999229E-01   1.442645445E+00
   531   11707.522792   7.422785E-09   1.232608E+07    8.63069E+23   1.300000001E+00  -1.999149E-01   1.442645445E+00
   532   11707.893347   6.920507E-09   1.149282E+07    7.79702E+23   1.300000001E+00  -1.999071E-01   1.442645445E+00
   533   11708.252410   6.453362E-09   1.071762E+07    7.04385E+23   1.300000001E+00  -1.998996E-01   1.442645445E+00
   534   11708.600277   6.023600E-09   1.000354E+07    6.36310E+23   1.300000001E+00  -1.998923E-01   1.442645445E+00
   535   11708.936982   5.622457E-09   9.337049E+06    5.74814E+23   1.300000001E+00  -1.998852E-01   1.442645445E+00
   536   11709.262883   5.248028E-09   8.714958E+06    5.19261E+23   1.300000001E+00  -1.998784E-01   1.442645445E+00
   537   11709.578324   4.898534E-09   8.134315E+06    4.69077E+23   1.300000001E+00  -1.998718E-01   1.442645445E+00
   538   11709.883641   4.572314E-09   7.592356E+06    4.23743E+23   1.300000001E+00  -1.998654E-01   1.442645445E+00
   539   11710.179159   4.267818E-09   7.086506E+06    3.82790E+23   1.300000001E+00  -1.998592E-01   1.442645445E+00
   540   11710.465190   3.984775E-09   6.616311E+06    3.45793E+23   1.300000001E+00  -1.998532E-01   1.442645445E+00
   541   11710.741957   3.723944E-09   6.183032E+06    3.12353E+23   1.300000001E+00  -1.998474E-01   1.442645445E+00
   542   11711.009494   3.480187E-09   5.778127E+06    2.82147E+23   1.300000001E+00  -1.998417E-01   1.442645445E+00
   543   11711.268109   3.252384E-09   5.399737E+06    2.54863E+23   1.300000001E+00  -1.998363E-01   1.442645445E+00
   544   11711.518099   3.039493E-09   5.046126E+06    2.30216E+23   1.300000001E+00  -1.998311E-01   1.442645445E+00
   545   11711.759752   2.840536E-09   4.715672E+06    2.07953E+23   1.300000001E+00  -1.998260E-01   1.442645445E+00
   546   11711.993344   2.654603E-09   4.406858E+06    1.87843E+23   1.300000001E+00  -1.998211E-01   1.442645445E+00
   547   11712.219145   2.481479E-09   4.119355E+06    1.69677E+23   1.300000001E+00  -1.998164E-01   1.442645445E+00
   548   11712.437355   2.321939E-09   3.854516E+06    1.53258E+23   1.300000001E+00  -1.998118E-01   1.442645445E+00
   549   11712.648002   2.172656E-09   3.606703E+06    1.38428E+23   1.300000001E+00  -1.998074E-01   1.442645445E+00
   550   11712.851347   2.032971E-09   3.374823E+06    1.25033E+23   1.300000001E+00  -1.998031E-01   1.442645445E+00
   551   11713.047644   1.902266E-09   3.157850E+06    1.12934E+23   1.300000001E+00  -1.997990E-01   1.442645445E+00
   552   11713.237136   1.779964E-09   2.954827E+06    1.02005E+23   1.300000001E+00  -1.997950E-01   1.442645445E+00
   553   11713.420059   1.665526E-09   2.764856E+06    9.21347E+22   1.300000001E+00  -1.997912E-01   1.442645445E+00
   554   11713.596641   1.558508E-09   2.587202E+06    8.32190E+22   1.300000001E+00  -1.997875E-01   1.442645445E+00
   555   11713.767094   1.459984E-09   2.423631E+06    7.51616E+22   1.300000001E+00  -1.997839E-01   1.442645445E+00
   556   11713.931439   1.367689E-09   2.270401E+06    6.78843E+22   1.300000001E+00  -1.997805E-01   1.442645445E+00
   557   11714.089896   1.281228E-09   2.126858E+06    6.13116E+22   1.300000001E+00  -1.997771E-01   1.442645445E+00
   558   11714.242675   1.200233E-09   1.992391E+06    5.53753E+22   1.300000001E+00  -1.997739E-01   1.442645445E+00
   559   11714.389979   1.124358E-09   1.866425E+06    5.00138E+22   1.300000001E+00  -1.997708E-01   1.442645445E+00
   560   11714.532005   1.053280E-09   1.748423E+06    4.51713E+22   1.300000001E+00  -1.997679E-01   1.442645445E+00
   561   11714.668941   9.866947E-10   1.637882E+06    4.07977E+22   1.300000001E+00  -1.997650E-01   1.442645445E+00
   562   11714.800970   9.250975E-10   1.535660E+06    3.68463E+22   1.300000001E+00  -1.997622E-01   1.442645445E+00
