       6     136      36      51

     EOS file :  Prof_BSk26_1.2.dat                                          

  step        radius       baryon#       density        pressure       encl. mass            phi     encl. bar. mass 
                (m)        (#/fm3)       (g/cm3)        (dyn/cm2)      (sol. mass)                     (sol. mass)   

     0       0.000000   4.534468E-01   8.109369E+14    8.91495E+34   0.000000000E+00  -3.710673E-01   0.000000000E+00
     1     100.000001   4.534197E-01   8.108826E+14    8.91327E+34   1.707692945E-06  -3.710469E-01   1.599209878E-06
     2     116.664823   4.534114E-01   8.108660E+14    8.91276E+34   2.711618643E-06  -3.710406E-01   2.539375517E-06
     3     136.106418   4.534001E-01   8.108434E+14    8.91206E+34   4.305664289E-06  -3.710321E-01   4.032202217E-06
     4     158.787071   4.533848E-01   8.108128E+14    8.91112E+34   6.836623021E-06  -3.710205E-01   6.402493121E-06
     5     185.245836   4.533640E-01   8.107710E+14    8.90982E+34   1.085498572E-05  -3.710048E-01   1.016585978E-05
     6     216.111171   4.533356E-01   8.107141E+14    8.90807E+34   1.723447124E-05  -3.709833E-01   1.614072030E-05
     7     252.115570   4.532969E-01   8.106368E+14    8.90568E+34   2.736156164E-05  -3.709541E-01   2.562592766E-05
     8     294.112481   4.532444E-01   8.105315E+14    8.90243E+34   4.343588484E-05  -3.709144E-01   4.068236050E-05
     9     343.095805   4.531729E-01   8.103882E+14    8.89801E+34   6.894593273E-05  -3.708604E-01   6.457905058E-05
    10     400.222251   4.530756E-01   8.101933E+14    8.89199E+34   1.094217266E-04  -3.707869E-01   1.024993976E-04
    11     466.836806   4.529432E-01   8.099282E+14    8.88381E+34   1.736240777E-04  -3.706869E-01   1.626578268E-04
    12     544.501474   4.527631E-01   8.095675E+14    8.87270E+34   2.754202903E-04  -3.705509E-01   2.580626897E-04
    13     635.027271   4.525183E-01   8.090772E+14    8.85760E+34   4.367351829E-04  -3.703661E-01   4.092934915E-04
    14     740.509131   4.521855E-01   8.084108E+14    8.83711E+34   6.921781149E-04  -3.701151E-01   6.488633350E-04
    15     863.362810   4.517334E-01   8.075056E+14    8.80932E+34   1.096264018E-03  -3.697743E-01   1.028044040E-03
    16    1006.361979   4.511196E-01   8.062767E+14    8.77168E+34   1.734610146E-03  -3.693120E-01   1.627485455E-03
    17    1172.672173   4.502871E-01   8.046100E+14    8.72081E+34   2.741142636E-03  -3.686858E-01   2.573612602E-03
    18    1365.875962   4.491591E-01   8.023528E+14    8.65221E+34   4.324209531E-03  -3.678389E-01   4.063676443E-03
    19    1589.980142   4.476335E-01   7.993008E+14    8.56001E+34   6.805514870E-03  -3.666961E-01   6.403456672E-03
    20    1849.390531   4.455762E-01   7.951959E+14    8.43666E+34   1.067672053E-02  -3.651591E-01   1.006280919E-02
    21    2148.828482   4.428102E-01   7.896914E+14    8.27264E+34   1.667872791E-02  -3.631003E-01   1.575492832E-02
    22    2493.167381   4.391041E-01   7.823223E+14    8.05629E+34   2.590618558E-02  -3.603585E-01   2.454428658E-02
    23    2887.142094   4.341712E-01   7.725571E+14    7.77406E+34   3.993341125E-02  -3.567348E-01   3.798311201E-02
    24    3334.847183   4.276510E-01   7.596950E+14    7.41120E+34   6.093846559E-02  -3.519942E-01   5.826045315E-02
    25    3839.033692   4.191206E-01   7.429615E+14    6.95360E+34   9.177341995E-02  -3.458767E-01   8.832125077E-02
    26    4400.080255   4.081054E-01   7.215008E+14    6.39087E+34   1.358742168E-01  -3.381227E-01   1.318565714E-01
    27    5014.722241   3.941221E-01   6.944955E+14    5.72101E+34   1.968604434E-01  -3.285225E-01   1.930055719E-01
    28    5674.650967   3.767484E-01   6.612879E+14    4.95579E+34   2.776623113E-01  -3.169897E-01   2.755618483E-01
    29    6365.377724   3.557362E-01   6.216248E+14    4.12512E+34   3.791688705E-01  -3.036514E-01   3.815648336E-01
    30    7065.918520   3.311299E-01   5.758232E+14    3.27704E+34   4.987266267E-01  -2.889272E-01   5.094771451E-01
    31    7750.089437   3.033654E-01   5.249049E+14    2.47058E+34   6.293161751E-01  -2.735446E-01   6.527614812E-01
    32    8389.799761   2.732862E-01   4.705645E+14    1.76179E+34   7.603614708E-01  -2.584457E-01   8.001090115E-01
    33    8959.900151   2.420250E-01   4.148919E+14    1.18834E+34   8.804206443E-01  -2.445826E-01   9.380902496E-01
    34    9443.131989   2.107747E-01   3.599430E+14    7.61009E+33   9.806511210E-01  -2.326791E-01   1.055362184E+00
    35    9833.219329   1.805411E-01   3.073471E+14    4.66045E+33   1.057143868E+00  -2.230742E-01   1.146061304E+00
    36   10134.787949   1.519835E-01   2.580882E+14    2.75600E+33   1.110949229E+00  -2.157184E-01   1.210439981E+00
    37   10360.369902   1.254771E-01   2.126632E+14    1.59099E+33   1.146270067E+00  -2.102934E-01   1.252940557E+00
    38   10525.983130   1.018557E-01   1.723721E+14    9.04913E+32   1.168281633E+00  -2.063725E-01   1.279511964E+00
    39   10646.390531   7.772339E-02   1.313533E+14    5.12745E+32   1.181433052E+00  -2.035643E-01   1.295414930E+00
    40   10738.300511   5.156361E-02   8.699855E+13    3.14377E+32   1.188319713E+00  -2.014511E-01   1.303752978E+00
    41   10825.091418   3.652245E-02   6.154863E+13    1.82808E+32   1.193036831E+00  -1.994847E-01   1.309467447E+00
    42   10897.833420   2.572533E-02   4.330852E+13    1.06309E+32   1.195862848E+00  -1.978602E-01   1.312891060E+00
    43   10958.951412   1.807268E-02   3.039579E+13    6.17192E+31   1.197553191E+00  -1.965128E-01   1.314938816E+00
    44   11010.217811   1.265694E-02   2.126906E+13    3.58256E+31   1.198556747E+00  -1.953954E-01   1.316154484E+00
    45   11053.246592   8.856955E-03   1.487088E+13    2.07769E+31   1.199151056E+00  -1.944666E-01   1.316874395E+00
    46   11089.290576   6.125811E-03   1.028266E+13    1.20873E+31   1.199499725E+00  -1.936951E-01   1.317296673E+00
    47   11119.866732   4.126193E-03   6.922588E+12    7.08383E+30   1.199703197E+00  -1.930453E-01   1.317543027E+00
    48   11146.668830   2.557915E-03   4.289289E+12    4.24489E+30   1.199819977E+00  -1.924793E-01   1.317684412E+00
    49   11172.744645   1.546096E-03   2.591306E+12    2.58251E+30   1.199889080E+00  -1.919317E-01   1.317768072E+00
    50   11199.155109   8.359133E-04   1.399703E+12    1.63028E+30   1.199929070E+00  -1.913803E-01   1.317816494E+00
    51   11230.195255   4.757436E-04   7.959869E+11    1.02235E+30   1.199954889E+00  -1.907363E-01   1.317847770E+00
    52   11264.653753   2.152165E-04   3.596072E+11    6.38147E+29   1.199971413E+00  -1.900264E-01   1.317867785E+00
    53   11312.597599   1.385594E-04   2.313784E+11    3.82222E+29   1.199982598E+00  -1.890477E-01   1.317881340E+00
    54   11357.703176   9.122811E-05   1.522431E+11    2.26314E+29   1.199989540E+00  -1.881361E-01   1.317889751E+00
    55   11398.698920   5.920307E-05   9.867921E+10    1.34736E+29   1.199993687E+00  -1.873152E-01   1.317894776E+00
    56   11436.693566   3.931384E-05   6.550909E+10    7.98146E+28   1.199996214E+00  -1.865609E-01   1.317897837E+00
    57   11470.880639   2.538463E-05   4.225971E+10    4.70805E+28   1.199997741E+00  -1.858874E-01   1.317899687E+00
    58   11502.374317   1.703648E-05   2.835761E+10    2.76581E+28   1.199998660E+00  -1.852713E-01   1.317900799E+00
    59   11530.135960   1.114649E-05   1.854290E+10    1.63884E+28   1.199999199E+00  -1.847317E-01   1.317901452E+00
    60   11555.443940   7.238292E-06   1.204061E+10    9.72845E+27   1.199999520E+00  -1.842425E-01   1.317901842E+00
    61   11578.706647   4.858462E-06   8.077302E+09    5.71137E+27   1.199999716E+00  -1.837951E-01   1.317902079E+00
    62   11599.167460   3.233294E-06   5.374074E+09    3.35468E+27   1.199999832E+00  -1.834034E-01   1.317902219E+00
    63   11617.310495   2.151401E-06   3.574419E+09    1.97772E+27   1.199999901E+00  -1.830575E-01   1.317902302E+00
    64   11633.454596   1.444524E-06   2.399632E+09    1.16032E+27   1.199999941E+00  -1.827508E-01   1.317902351E+00
    65   11647.612296   9.703261E-07   1.611426E+09    6.80560E+26   1.199999965E+00  -1.824828E-01   1.317902380E+00
    66   11660.015550   6.161212E-07   1.022947E+09    4.01217E+26   1.199999980E+00  -1.822485E-01   1.317902397E+00
    67   11671.564675   4.143601E-07   6.878708E+08    2.35173E+26   1.199999988E+00  -1.820310E-01   1.317902407E+00
    68   11681.656650   2.787856E-07   4.627873E+08    1.37817E+26   1.199999993E+00  -1.818413E-01   1.317902413E+00
    69   11690.466207   1.861331E-07   3.090050E+08    8.08074E+25   1.199999996E+00  -1.816761E-01   1.317902417E+00
    70   11698.216775   1.237582E-07   2.053942E+08    4.78138E+25   1.199999998E+00  -1.815310E-01   1.317902419E+00
    71   11705.127582   8.352715E-08   1.386158E+08    2.79789E+25   1.199999999E+00  -1.814018E-01   1.317902420E+00
    72   11711.128547   5.653450E-08   9.380181E+07    1.63574E+25   1.199999999E+00  -1.812897E-01   1.317902421E+00
    73   11716.319687   3.829464E-08   6.352641E+07    9.55960E+24   1.200000000E+00  -1.811929E-01   1.317902421E+00
    74   11720.804303   2.603490E-08   4.319521E+07    5.57791E+24   1.200000000E+00  -1.811094E-01   1.317902422E+00
    75   11724.656349   1.773564E-08   2.942776E+07    3.25380E+24   1.200000000E+00  -1.810377E-01   1.317902422E+00
    76   11727.957352   1.212748E-08   2.012035E+07    1.89463E+24   1.200000000E+00  -1.809763E-01   1.317902422E+00
    77   11730.770587   8.323054E-09   1.380696E+07    1.10286E+24   1.200000000E+00  -1.809240E-01   1.317902422E+00
    78   11733.158405   5.727479E-09   9.500027E+06    6.40670E+23   1.200000000E+00  -1.808796E-01   1.317902422E+00
    79   11735.175420   3.854874E-09   6.393714E+06    3.73847E+23   1.200000000E+00  -1.808422E-01   1.317902422E+00
    80   11736.924969   2.681475E-09   4.447332E+06    2.16311E+23   1.200000000E+00  -1.808097E-01   1.317902422E+00
    81   11738.380856   1.865227E-09   3.093431E+06    1.25157E+23   1.200000000E+00  -1.807827E-01   1.317902422E+00
    82   11739.592286   1.305489E-09   2.165156E+06    7.23565E+22   1.200000000E+00  -1.807602E-01   1.317902422E+00
    83   11740.593172   9.171686E-10   1.521224E+06    4.17111E+22   1.200000000E+00  -1.807416E-01   1.317902422E+00
    84   11741.414558   6.443502E-10   1.068794E+06    2.40448E+22   1.200000000E+00  -1.807264E-01   1.317902422E+00
    85   11742.088609   4.564540E-10   7.570823E+05    1.38219E+22   1.200000000E+00  -1.807139E-01   1.317902422E+00
    86   11742.635692   3.235061E-10   5.365361E+05    7.94245E+21   1.200000000E+00  -1.807038E-01   1.317902422E+00
    87   11743.079336   2.297600E-10   3.810290E+05    4.56279E+21   1.200000000E+00  -1.806955E-01   1.317902422E+00
    88   11743.438252   1.639991E-10   2.719462E+05    2.61507E+21   1.200000000E+00  -1.806889E-01   1.317902422E+00
    89   11743.726491   1.170597E-10   1.940916E+05    1.49876E+21   1.200000000E+00  -1.806835E-01   1.317902422E+00
    90   11743.957968   8.386395E-11   1.390507E+05    8.58614E+20   1.200000000E+00  -1.806793E-01   1.317902422E+00
    91   11744.143077   6.022786E-11   9.986907E+04    4.90949E+20   1.200000000E+00  -1.806758E-01   1.317902422E+00
    92   11744.290452   4.325327E-11   7.172792E+04    2.80720E+20   1.200000000E+00  -1.806731E-01   1.317902422E+00
    93   11744.407785   3.119871E-11   5.173934E+04    1.60331E+20   1.200000000E+00  -1.806709E-01   1.317902422E+00
    94   11744.500691   2.253104E-11   3.736573E+04    9.14888E+19   1.200000000E+00  -1.806692E-01   1.317902422E+00
    95   11744.574099   1.627142E-11   2.698520E+04    5.22055E+19   1.200000000E+00  -1.806678E-01   1.317902422E+00
    96   11744.632103   1.182589E-11   1.961264E+04    2.97254E+19   1.200000000E+00  -1.806668E-01   1.317902422E+00
    97   11744.677544   8.599349E-12   1.426163E+04    1.69188E+19   1.200000000E+00  -1.806659E-01   1.317902422E+00
    98   11744.713113   6.253447E-12   1.037110E+04    9.62952E+18   1.200000000E+00  -1.806653E-01   1.317902422E+00
    99   11744.740952   4.557677E-12   7.559383E+03    5.47599E+18   1.200000000E+00  -1.806647E-01   1.317902422E+00
   100   11744.762672   3.321755E-12   5.509949E+03    3.11401E+18   1.200000000E+00  -1.806643E-01   1.317902422E+00
   101   11744.779617   2.420982E-12   4.016139E+03    1.77083E+18   1.200000000E+00  -1.806640E-01   1.317902422E+00
   102   11744.792838   1.764474E-12   2.927318E+03    1.00701E+18   1.200000000E+00  -1.806638E-01   1.317902422E+00
   103   11744.803152   1.285995E-12   2.133688E+03    5.72654E+17   1.200000000E+00  -1.806636E-01   1.317902422E+00
   104   11744.811199   9.372661E-13   1.555221E+03    3.25649E+17   1.200000000E+00  -1.806634E-01   1.317902422E+00
   105   11744.817478   6.842990E-13   1.135611E+03    1.85132E+17   1.200000000E+00  -1.806633E-01   1.317902422E+00
   106   11744.822366   5.164858E-13   8.579616E+02    1.03867E+17   1.200000000E+00  -1.806632E-01   1.317902422E+00
   107   11744.825995   3.898261E-13   6.481956E+02    5.82742E+16   1.200000000E+00  -1.806632E-01   1.317902422E+00
   108   11744.828691   2.942276E-13   4.897160E+02    3.26944E+16   1.200000000E+00  -1.806631E-01   1.317902422E+00
   109   11744.830693   2.220731E-13   3.699836E+02    1.83430E+16   1.200000000E+00  -1.806631E-01   1.317902422E+00
   110   11744.832179   1.676132E-13   2.795250E+02    1.02913E+16   1.200000000E+00  -1.806631E-01   1.317902422E+00
   111   11744.833283   1.265550E-13   2.112538E+02    5.77334E+15   1.200000000E+00  -1.806630E-01   1.317902422E+00
   112   11744.834103   9.797633E-14   1.633657E+02    3.21037E+15   1.200000000E+00  -1.806630E-01   1.317902422E+00
   113   11744.834692   7.585133E-14   1.263331E+02    1.78519E+15   1.200000000E+00  -1.806630E-01   1.317902422E+00
   114   11744.835116   5.872260E-14   9.769526E+01    9.92687E+14   1.200000000E+00  -1.806630E-01   1.317902422E+00
   115   11744.835420   4.546187E-14   7.554918E+01    5.52002E+14   1.200000000E+00  -1.806630E-01   1.317902422E+00
   116   11744.835639   3.519568E-14   5.842329E+01    3.06951E+14   1.200000000E+00  -1.806630E-01   1.317902422E+00
   117   11744.835797   2.724419E-14   4.517334E+01    1.70683E+14   1.200000000E+00  -1.806630E-01   1.317902422E+00
   118   11744.835910   2.142733E-14   3.552070E+01    9.43015E+13   1.200000000E+00  -1.806630E-01   1.317902422E+00
   119   11744.835990   1.685242E-14   2.793064E+01    5.21010E+13   1.200000000E+00  -1.806630E-01   1.317902422E+00
   120   11744.836046   1.325429E-14   2.196242E+01    2.87855E+13   1.200000000E+00  -1.806630E-01   1.317902422E+00
   121   11744.836085   1.042439E-14   1.726949E+01    1.59038E+13   1.200000000E+00  -1.806630E-01   1.317902422E+00
   122   11744.836113   9.218368E-15   1.527640E+01    8.47592E+12   1.200000000E+00  -1.806630E-01   1.317902422E+00
   123   11744.836129   8.400924E-15   1.392836E+01    4.41063E+12   1.200000000E+00  -1.806630E-01   1.317902422E+00
   124   11744.836139   7.655967E-15   1.269928E+01    2.29517E+12   1.200000000E+00  -1.806630E-01   1.317902422E+00
   125   11744.836144   6.977064E-15   1.157855E+01    1.19434E+12   1.200000000E+00  -1.806630E-01   1.317902422E+00
   126   11744.836147   6.358198E-15   1.055214E+01    6.21619E+11   1.200000000E+00  -1.806630E-01   1.317902422E+00
   127   11744.836149   5.794225E-15   9.616717E+00    3.23534E+11   1.200000000E+00  -1.806630E-01   1.317902422E+00
   128   11744.836150   5.280277E-15   8.764220E+00    1.68389E+11   1.200000000E+00  -1.806630E-01   1.317902422E+00
   129   11744.836151   4.900442E-15   8.134070E+00    8.74017E+10   1.200000000E+00  -1.806630E-01   1.317902422E+00
   130   11744.836151   4.855156E-15   8.058589E+00    4.38814E+10   1.200000000E+00  -1.806630E-01   1.317902422E+00
   131   11744.836151   4.810288E-15   7.983809E+00    2.20313E+10   1.200000000E+00  -1.806630E-01   1.317902422E+00
   132   11744.836151   4.765834E-15   7.909723E+00    1.10612E+10   1.200000000E+00  -1.806630E-01   1.317902422E+00
   133   11744.836151   4.752155E-15   7.889545E+00    5.53907E+09   1.200000000E+00  -1.806630E-01   1.317902422E+00
   134   11744.836151   4.743128E-15   7.877510E+00    2.77141E+09   1.200000000E+00  -1.806630E-01   1.317902422E+00
   135   11744.836151   4.734118E-15   7.865494E+00    1.38664E+09   1.200000000E+00  -1.806630E-01   1.317902422E+00
   136   11744.836151   4.725095E-15   7.850185E+00    6.93839E+08   1.200000000E+00  -1.806630E-01   1.317902422E+00
