       6     582     334     414

     EOS file :  /Users/dany/Work/NStar/eos/v14/APR_EOS_Acc_Pd.dat           

  step        radius       baryon#       density        pressure       encl. mass            phi     encl. bar. mass 
                (m)        (#/fm3)       (g/cm3)        (dyn/cm2)      (sol. mass)                     (sol. mass)   

     0       0.000000   1.138373E+00   2.744695E+15    1.69926E+36   0.000000000E+00  -1.422630E+00   0.000000000E+00
     1       1.000000   1.138373E+00   2.744694E+15    1.69926E+36   5.780266170E-12  -1.422630E+00   4.014998066E-12
     2       1.033333   1.138373E+00   2.744694E+15    1.69926E+36   6.377774411E-12  -1.422630E+00   4.430029896E-12
     3       1.067778   1.138373E+00   2.744694E+15    1.69926E+36   7.037047298E-12  -1.422630E+00   4.887963719E-12
     4       1.103370   1.138373E+00   2.744694E+15    1.69926E+36   7.764469465E-12  -1.422630E+00   5.393234330E-12
     5       1.140149   1.138373E+00   2.744694E+15    1.69926E+36   8.567085527E-12  -1.422630E+00   5.950734948E-12
     6       1.178154   1.138373E+00   2.744694E+15    1.69926E+36   9.452668305E-12  -1.422630E+00   6.565864611E-12
     7       1.217426   1.138373E+00   2.744694E+15    1.69926E+36   1.042979410E-11  -1.422630E+00   7.244580452E-12
     8       1.258007   1.138373E+00   2.744694E+15    1.69926E+36   1.150792574E-11  -1.422630E+00   7.993455398E-12
     9       1.299941   1.138373E+00   2.744694E+15    1.69926E+36   1.269750424E-11  -1.422630E+00   8.819741822E-12
    10       1.343272   1.138373E+00   2.744694E+15    1.69926E+36   1.401004991E-11  -1.422630E+00   9.731441775E-12
    11       1.388048   1.138373E+00   2.744694E+15    1.69926E+36   1.545827390E-11  -1.422630E+00   1.073738449E-11
    12       1.434316   1.138373E+00   2.744694E+15    1.69926E+36   1.705620133E-11  -1.422630E+00   1.184731186E-11
    13       1.482126   1.138373E+00   2.744694E+15    1.69926E+36   1.881930709E-11  -1.422630E+00   1.307197284E-11
    14       1.531531   1.138373E+00   2.744694E+15    1.69926E+36   2.076466574E-11  -1.422630E+00   1.442322746E-11
    15       1.582582   1.138373E+00   2.744694E+15    1.69926E+36   2.291111682E-11  -1.422630E+00   1.591416177E-11
    16       1.635334   1.138373E+00   2.744694E+15    1.69926E+36   2.527944731E-11  -1.422630E+00   1.755921450E-11
    17       1.689846   1.138373E+00   2.744694E+15    1.69926E+36   2.789259299E-11  -1.422630E+00   1.937431693E-11
    18       1.746174   1.138373E+00   2.744694E+15    1.69926E+36   3.077586047E-11  -1.422630E+00   2.137704716E-11
    19       1.804380   1.138373E+00   2.744694E+15    1.69926E+36   3.395717235E-11  -1.422630E+00   2.358680033E-11
    20       1.864526   1.138373E+00   2.744694E+15    1.69926E+36   3.746733757E-11  -1.422630E+00   2.602497649E-11
    21       1.926676   1.138373E+00   2.744694E+15    1.69926E+36   4.134034983E-11  -1.422630E+00   2.871518780E-11
    22       1.990899   1.138373E+00   2.744694E+15    1.69926E+36   4.561371675E-11  -1.422630E+00   3.168348723E-11
    23       2.057262   1.138373E+00   2.744694E+15    1.69926E+36   5.032882312E-11  -1.422630E+00   3.495862083E-11
    24       2.125838   1.138373E+00   2.744694E+15    1.69926E+36   5.553133171E-11  -1.422630E+00   3.857230617E-11
    25       2.196699   1.138373E+00   2.744694E+15    1.69926E+36   6.127162545E-11  -1.422630E+00   4.255953946E-11
    26       2.269922   1.138373E+00   2.744694E+15    1.69926E+36   6.760529537E-11  -1.422630E+00   4.695893448E-11
    27       2.345586   1.138373E+00   2.744694E+15    1.69926E+36   7.459367898E-11  -1.422630E+00   5.181309653E-11
    28       2.423772   1.138373E+00   2.744694E+15    1.69926E+36   8.230445425E-11  -1.422630E+00   5.716903504E-11
    29       2.504565   1.138373E+00   2.744694E+15    1.69926E+36   9.081229504E-11  -1.422630E+00   6.307861881E-11
    30       2.588050   1.138373E+00   2.744694E+15    1.69926E+36   1.001995943E-10  -1.422630E+00   6.959907835E-11
    31       2.674319   1.138373E+00   2.744694E+15    1.69926E+36   1.105572619E-10  -1.422630E+00   7.679356009E-11
    32       2.763463   1.138373E+00   2.744694E+15    1.69926E+36   1.219856052E-10  -1.422630E+00   8.473173794E-11
    33       2.855578   1.138373E+00   2.744694E+15    1.69926E+36   1.345953002E-10  -1.422630E+00   9.349048801E-11
    34       2.950764   1.138373E+00   2.744694E+15    1.69926E+36   1.485084636E-10  -1.422630E+00   1.031546331E-10
    35       3.049123   1.138373E+00   2.744694E+15    1.69926E+36   1.638598355E-10  -1.422630E+00   1.138177643E-10
    36       3.150760   1.138373E+00   2.744694E+15    1.69926E+36   1.807980839E-10  -1.422630E+00   1.255831470E-10
    37       3.255785   1.138373E+00   2.744694E+15    1.69926E+36   1.994872446E-10  -1.422630E+00   1.385647214E-10
    38       3.364312   1.138373E+00   2.744694E+15    1.69926E+36   2.201083100E-10  -1.422630E+00   1.528882055E-10
    39       3.476455   1.138373E+00   2.744694E+15    1.69926E+36   2.428609817E-10  -1.422630E+00   1.686923131E-10
    40       3.592337   1.138373E+00   2.744694E+15    1.69926E+36   2.679656045E-10  -1.422630E+00   1.861300967E-10
    41       3.712082   1.138373E+00   2.744694E+15    1.69926E+36   2.956653002E-10  -1.422630E+00   2.053704298E-10
    42       3.835818   1.138373E+00   2.744694E+15    1.69926E+36   3.262283223E-10  -1.422630E+00   2.265996425E-10
    43       3.963678   1.138373E+00   2.744694E+15    1.69926E+36   3.599506536E-10  -1.422630E+00   2.500233260E-10
    44       4.095801   1.138373E+00   2.744694E+15    1.69926E+36   3.971588728E-10  -1.422630E+00   2.758683234E-10
    45       4.232328   1.138373E+00   2.744694E+15    1.69926E+36   4.382133170E-10  -1.422630E+00   3.043849265E-10
    46       4.373405   1.138373E+00   2.744694E+15    1.69926E+36   4.835115716E-10  -1.422630E+00   3.358493002E-10
    47       4.519185   1.138373E+00   2.744694E+15    1.69926E+36   5.334923203E-10  -1.422630E+00   3.705661562E-10
    48       4.669825   1.138373E+00   2.744694E+15    1.69926E+36   5.886395936E-10  -1.422630E+00   4.088717046E-10
    49       4.825485   1.138373E+00   2.744693E+15    1.69926E+36   6.494874565E-10  -1.422630E+00   4.511369095E-10
    50       4.986335   1.138373E+00   2.744693E+15    1.69926E+36   7.166251802E-10  -1.422630E+00   4.977710817E-10
    51       5.152546   1.138373E+00   2.744693E+15    1.69926E+36   7.907029489E-10  -1.422630E+00   5.492258425E-10
    52       5.324297   1.138373E+00   2.744693E+15    1.69926E+36   8.724381567E-10  -1.422630E+00   6.059994974E-10
    53       5.501774   1.138373E+00   2.744693E+15    1.69926E+36   9.626223544E-10  -1.422630E+00   6.686418617E-10
    54       5.685166   1.138373E+00   2.744693E+15    1.69926E+36   1.062128916E-09  -1.422630E+00   7.377595854E-10
    55       5.874672   1.138373E+00   2.744693E+15    1.69926E+36   1.171921495E-09  -1.422630E+00   8.140220278E-10
    56       6.070494   1.138373E+00   2.744693E+15    1.69926E+36   1.293063360E-09  -1.422630E+00   8.981677403E-10
    57       6.272844   1.138373E+00   2.744693E+15    1.69926E+36   1.426727687E-09  -1.422630E+00   9.910116180E-10
    58       6.481938   1.138373E+00   2.744693E+15    1.69926E+36   1.574208926E-09  -1.422630E+00   1.093452792E-09
    59       6.698003   1.138373E+00   2.744692E+15    1.69926E+36   1.736935331E-09  -1.422630E+00   1.206483337E-09
    60       6.921270   1.138373E+00   2.744692E+15    1.69926E+36   1.916482798E-09  -1.422630E+00   1.331197877E-09
    61       7.151978   1.138373E+00   2.744692E+15    1.69926E+36   2.114590121E-09  -1.422630E+00   1.468804190E-09
    62       7.390377   1.138372E+00   2.744692E+15    1.69926E+36   2.333175832E-09  -1.422630E+00   1.620634900E-09
    63       7.636723   1.138372E+00   2.744692E+15    1.69926E+36   2.574356785E-09  -1.422629E+00   1.788160385E-09
    64       7.891280   1.138372E+00   2.744692E+15    1.69926E+36   2.840468649E-09  -1.422629E+00   1.973003015E-09
    65       8.154323   1.138372E+00   2.744691E+15    1.69926E+36   3.134088533E-09  -1.422629E+00   2.176952866E-09
    66       8.426133   1.138372E+00   2.744691E+15    1.69926E+36   3.458059940E-09  -1.422629E+00   2.401985053E-09
    67       8.707004   1.138372E+00   2.744691E+15    1.69926E+36   3.815520304E-09  -1.422629E+00   2.650278858E-09
    68       8.997237   1.138372E+00   2.744691E+15    1.69926E+36   4.209931377E-09  -1.422629E+00   2.924238835E-09
    69       9.297145   1.138372E+00   2.744691E+15    1.69925E+36   4.645112748E-09  -1.422629E+00   3.226518099E-09
    70       9.607049   1.138372E+00   2.744690E+15    1.69925E+36   5.125278837E-09  -1.422629E+00   3.560044012E-09
    71       9.927284   1.138372E+00   2.744690E+15    1.69925E+36   5.655079706E-09  -1.422629E+00   3.928046541E-09
    72      10.258193   1.138372E+00   2.744690E+15    1.69925E+36   6.239646090E-09  -1.422629E+00   4.334089532E-09
    73      10.600132   1.138372E+00   2.744689E+15    1.69925E+36   6.884639086E-09  -1.422629E+00   4.782105224E-09
    74      10.953469   1.138372E+00   2.744689E+15    1.69925E+36   7.596304975E-09  -1.422629E+00   5.276432331E-09
    75      11.318584   1.138372E+00   2.744689E+15    1.69925E+36   8.381535709E-09  -1.422629E+00   5.821858058E-09
    76      11.695870   1.138372E+00   2.744688E+15    1.69925E+36   9.247935656E-09  -1.422628E+00   6.423664458E-09
    77      12.085731   1.138371E+00   2.744688E+15    1.69925E+36   1.020389524E-08  -1.422628E+00   7.087679591E-09
    78      12.488588   1.138371E+00   2.744687E+15    1.69925E+36   1.125867220E-08  -1.422628E+00   7.820333958E-09
    79      12.904873   1.138371E+00   2.744687E+15    1.69925E+36   1.242248122E-08  -1.422628E+00   8.628722775E-09
    80      13.335035   1.138371E+00   2.744686E+15    1.69925E+36   1.370659288E-08  -1.422628E+00   9.520674688E-09
    81      13.779535   1.138371E+00   2.744686E+15    1.69925E+36   1.512344278E-08  -1.422628E+00   1.050482758E-08
    82      14.238851   1.138371E+00   2.744685E+15    1.69925E+36   1.668675196E-08  -1.422628E+00   1.159071223E-08
    83      14.713478   1.138371E+00   2.744685E+15    1.69925E+36   1.841165981E-08  -1.422627E+00   1.278884459E-08
    84      15.203926   1.138370E+00   2.744684E+15    1.69925E+36   2.031487061E-08  -1.422627E+00   1.411082765E-08
    85      15.710722   1.138370E+00   2.744683E+15    1.69925E+36   2.241481536E-08  -1.422627E+00   1.556946378E-08
    86      16.234410   1.138370E+00   2.744682E+15    1.69925E+36   2.473183022E-08  -1.422627E+00   1.717887872E-08
    87      16.775555   1.138370E+00   2.744682E+15    1.69924E+36   2.728835348E-08  -1.422627E+00   1.895465835E-08
    88      17.334738   1.138370E+00   2.744681E+15    1.69924E+36   3.010914278E-08  -1.422626E+00   2.091399965E-08
    89      17.912560   1.138369E+00   2.744680E+15    1.69924E+36   3.322151492E-08  -1.422626E+00   2.307587723E-08
    90      18.509643   1.138369E+00   2.744679E+15    1.69924E+36   3.665561037E-08  -1.422626E+00   2.546122707E-08
    91      19.126628   1.138369E+00   2.744678E+15    1.69924E+36   4.044468511E-08  -1.422625E+00   2.809314923E-08
    92      19.764179   1.138369E+00   2.744676E+15    1.69924E+36   4.462543270E-08  -1.422625E+00   3.099713162E-08
    93      20.422981   1.138368E+00   2.744675E+15    1.69924E+36   4.923833956E-08  -1.422625E+00   3.420129674E-08
    94      21.103743   1.138368E+00   2.744674E+15    1.69924E+36   5.432807707E-08  -1.422624E+00   3.773667406E-08
    95      21.807196   1.138368E+00   2.744673E+15    1.69923E+36   5.994393411E-08  -1.422624E+00   4.163750047E-08
    96      22.534098   1.138367E+00   2.744671E+15    1.69923E+36   6.614029432E-08  -1.422624E+00   4.594155184E-08
    97      23.285228   1.138367E+00   2.744669E+15    1.69923E+36   7.297716274E-08  -1.422623E+00   5.069050881E-08
    98      24.061397   1.138367E+00   2.744668E+15    1.69923E+36   8.052074682E-08  -1.422623E+00   5.593036041E-08
    99      24.863436   1.138366E+00   2.744666E+15    1.69923E+36   8.884409756E-08  -1.422622E+00   6.171184937E-08
   100      25.692210   1.138366E+00   2.744664E+15    1.69922E+36   9.802781678E-08  -1.422622E+00   6.809096353E-08
   101      26.548609   1.138365E+00   2.744662E+15    1.69922E+36   1.081608376E-07  -1.422621E+00   7.512947794E-08
   102      27.433553   1.138365E+00   2.744660E+15    1.69922E+36   1.193412857E-07  -1.422620E+00   8.289555306E-08
   103      28.347995   1.138364E+00   2.744657E+15    1.69922E+36   1.316774293E-07  -1.422620E+00   9.146439477E-08
   104      29.292916   1.138363E+00   2.744655E+15    1.69921E+36   1.452887272E-07  -1.422619E+00   1.009189826E-07
   105      30.269335   1.138363E+00   2.744652E+15    1.69921E+36   1.603069861E-07  -1.422618E+00   1.113508732E-07
   106      31.278299   1.138362E+00   2.744649E+15    1.69921E+36   1.768776361E-07  -1.422617E+00   1.228610869E-07
   107      32.320894   1.138361E+00   2.744646E+15    1.69920E+36   1.951611394E-07  -1.422616E+00   1.355610858E-07
   108      33.398240   1.138360E+00   2.744643E+15    1.69920E+36   2.153345434E-07  -1.422616E+00   1.495738532E-07
   109      34.511497   1.138360E+00   2.744639E+15    1.69919E+36   2.375931949E-07  -1.422615E+00   1.650350842E-07
   110      35.661860   1.138359E+00   2.744636E+15    1.69919E+36   2.621526317E-07  -1.422614E+00   1.820944996E-07
   111      36.850566   1.138358E+00   2.744632E+15    1.69919E+36   2.892506690E-07  -1.422612E+00   2.009172957E-07
   112      38.078894   1.138357E+00   2.744628E+15    1.69918E+36   3.191497020E-07  -1.422611E+00   2.216857435E-07
   113      39.348163   1.138355E+00   2.744623E+15    1.69917E+36   3.521392460E-07  -1.422610E+00   2.446009538E-07
   114      40.659738   1.138354E+00   2.744618E+15    1.69917E+36   3.885387392E-07  -1.422609E+00   2.698848239E-07
   115      42.015030   1.138353E+00   2.744613E+15    1.69916E+36   4.287006350E-07  -1.422607E+00   2.977821864E-07
   116      43.415494   1.138352E+00   2.744607E+15    1.69916E+36   4.730138140E-07  -1.422605E+00   3.285631793E-07
   117      44.862637   1.138350E+00   2.744602E+15    1.69915E+36   5.219073485E-07  -1.422604E+00   3.625258611E-07
   118      46.358014   1.138349E+00   2.744595E+15    1.69914E+36   5.758546555E-07  -1.422602E+00   3.999990971E-07
   119      47.903232   1.138347E+00   2.744588E+15    1.69913E+36   6.353780792E-07  -1.422600E+00   4.413457422E-07
   120      49.499952   1.138345E+00   2.744581E+15    1.69913E+36   7.010539474E-07  -1.422598E+00   4.869661542E-07
   121      51.149891   1.138343E+00   2.744574E+15    1.69912E+36   7.735181488E-07  -1.422596E+00   5.373020691E-07
   122      52.854822   1.138341E+00   2.744565E+15    1.69911E+36   8.534722881E-07  -1.422594E+00   5.928408777E-07
   123      54.616576   1.138339E+00   2.744557E+15    1.69910E+36   9.416904759E-07  -1.422591E+00   6.541203428E-07
   124      56.437049   1.138337E+00   2.744547E+15    1.69909E+36   1.039026820E-06  -1.422588E+00   7.217338050E-07
   125      58.318195   1.138334E+00   2.744537E+15    1.69907E+36   1.146423692E-06  -1.422586E+00   7.963359258E-07
   126      60.262038   1.138332E+00   2.744527E+15    1.69906E+36   1.264920843E-06  -1.422583E+00   8.786490240E-07
   127      62.270665   1.138329E+00   2.744515E+15    1.69905E+36   1.395665470E-06  -1.422579E+00   9.694700663E-07
   128      64.346235   1.138326E+00   2.744503E+15    1.69903E+36   1.539923310E-06  -1.422576E+00   1.069678381E-06
   129      66.490978   1.138323E+00   2.744490E+15    1.69902E+36   1.699090888E-06  -1.422572E+00   1.180244169E-06
   130      68.707199   1.138319E+00   2.744476E+15    1.69900E+36   1.874709030E-06  -1.422568E+00   1.302237889E-06
   131      70.997280   1.138316E+00   2.744462E+15    1.69898E+36   2.068477765E-06  -1.422564E+00   1.436840621E-06
   132      73.363680   1.138312E+00   2.744446E+15    1.69896E+36   2.282272770E-06  -1.422560E+00   1.585355491E-06
   133      75.808941   1.138308E+00   2.744429E+15    1.69894E+36   2.518163514E-06  -1.422555E+00   1.749220282E-06
   134      78.335692   1.138303E+00   2.744411E+15    1.69892E+36   2.778433271E-06  -1.422550E+00   1.930021345E-06
   135      80.946645   1.138298E+00   2.744392E+15    1.69890E+36   3.065601200E-06  -1.422544E+00   2.129508945E-06
   136      83.644606   1.138293E+00   2.744371E+15    1.69888E+36   3.382446703E-06  -1.422538E+00   2.349614192E-06
   137      86.432471   1.138288E+00   2.744349E+15    1.69885E+36   3.732036302E-06  -1.422532E+00   2.592467724E-06
   138      89.313236   1.138282E+00   2.744326E+15    1.69882E+36   4.117753281E-06  -1.422525E+00   2.860420314E-06
   139      92.289993   1.138276E+00   2.744301E+15    1.69879E+36   4.543330390E-06  -1.422518E+00   3.156065605E-06
   140      95.365940   1.138270E+00   2.744274E+15    1.69876E+36   5.012885923E-06  -1.422511E+00   3.482265195E-06
   141      98.544378   1.138263E+00   2.744246E+15    1.69873E+36   5.530963518E-06  -1.422503E+00   3.842176305E-06
   142     101.828719   1.138255E+00   2.744215E+15    1.69869E+36   6.102576055E-06  -1.422494E+00   4.239282310E-06
   143     105.222491   1.138247E+00   2.744183E+15    1.69865E+36   6.733254092E-06  -1.422485E+00   4.677426412E-06
   144     108.729334   1.138238E+00   2.744148E+15    1.69861E+36   7.429099279E-06  -1.422475E+00   5.160848794E-06
   145     112.353013   1.138229E+00   2.744111E+15    1.69857E+36   8.196843290E-06  -1.422464E+00   5.694227601E-06
   146     116.097415   1.138220E+00   2.744072E+15    1.69852E+36   9.043912820E-06  -1.422453E+00   6.282724154E-06
   147     119.966559   1.138209E+00   2.744030E+15    1.69847E+36   9.978501286E-06  -1.422441E+00   6.932032822E-06
   148     123.964595   1.138198E+00   2.743984E+15    1.69842E+36   1.100964790E-05  -1.422428E+00   7.648436037E-06
   149     128.095812   1.138186E+00   2.743936E+15    1.69836E+36   1.214732491E-05  -1.422415E+00   8.438864983E-06
   150     132.364638   1.138174E+00   2.743885E+15    1.69830E+36   1.340253379E-05  -1.422400E+00   9.310966540E-06
   151     136.775652   1.138160E+00   2.743830E+15    1.69823E+36   1.478741133E-05  -1.422384E+00   1.027317712E-05
   152     141.333582   1.138146E+00   2.743772E+15    1.69817E+36   1.631534672E-05  -1.422368E+00   1.133480414E-05
   153     146.043312   1.138130E+00   2.743709E+15    1.69809E+36   1.800111053E-05  -1.422350E+00   1.250611581E-05
   154     150.909891   1.138114E+00   2.743642E+15    1.69801E+36   1.986099712E-05  -1.422331E+00   1.379844030E-05
   155     155.938530   1.138096E+00   2.743571E+15    1.69793E+36   2.191298154E-05  -1.422311E+00   1.522427498E-05
   156     161.134616   1.138077E+00   2.743495E+15    1.69784E+36   2.417689265E-05  -1.422289E+00   1.679740697E-05
   157     166.503712   1.138057E+00   2.743414E+15    1.69774E+36   2.667460399E-05  -1.422266E+00   1.853304613E-05
   158     172.051565   1.138036E+00   2.743327E+15    1.69764E+36   2.943024420E-05  -1.422241E+00   2.044797163E-05
   159     177.784112   1.138013E+00   2.743234E+15    1.69753E+36   3.247042916E-05  -1.422215E+00   2.256069372E-05
   160     183.707486   1.137989E+00   2.743135E+15    1.69741E+36   3.582451773E-05  -1.422187E+00   2.489163200E-05
   161     189.828020   1.137963E+00   2.743030E+15    1.69729E+36   3.952489396E-05  -1.422157E+00   2.746331211E-05
   162     196.152256   1.137935E+00   2.742917E+15    1.69715E+36   4.360727795E-05  -1.422125E+00   3.030058259E-05
   163     202.686953   1.137905E+00   2.742797E+15    1.69701E+36   4.811106878E-05  -1.422090E+00   3.343085399E-05
   164     209.439090   1.137874E+00   2.742668E+15    1.69686E+36   5.307972234E-05  -1.422054E+00   3.688436252E-05
   165     216.415876   1.137840E+00   2.742531E+15    1.69670E+36   5.856116787E-05  -1.422015E+00   4.069446079E-05
   166     223.624754   1.137804E+00   2.742385E+15    1.69652E+36   6.460826710E-05  -1.421973E+00   4.489793833E-05
   167     231.073414   1.137765E+00   2.742228E+15    1.69634E+36   7.127932018E-05  -1.421929E+00   4.953537491E-05
   168     238.769795   1.137724E+00   2.742061E+15    1.69614E+36   7.863862322E-05  -1.421881E+00   5.465153015E-05
   169     246.722095   1.137680E+00   2.741883E+15    1.69593E+36   8.675708277E-05  -1.421831E+00   6.029577287E-05
   170     254.938781   1.137633E+00   2.741693E+15    1.69570E+36   9.571289267E-05  -1.421776E+00   6.652255449E-05
   171     263.428595   1.137583E+00   2.741490E+15    1.69546E+36   1.055922799E-04  -1.421719E+00   7.339193068E-05
   172     272.200562   1.137530E+00   2.741273E+15    1.69520E+36   1.164903261E-04  -1.421657E+00   8.097013640E-05
   173     281.264000   1.137473E+00   2.741041E+15    1.69493E+36   1.285118724E-04  -1.421591E+00   8.933021952E-05
   174     290.628530   1.137412E+00   2.740794E+15    1.69464E+36   1.417725163E-04  -1.421521E+00   9.855273909E-05
   175     300.304083   1.137347E+00   2.740530E+15    1.69433E+36   1.563997089E-04  -1.421446E+00   1.087265347E-04
   176     310.300909   1.137277E+00   2.740249E+15    1.69399E+36   1.725339631E-04  -1.421365E+00   1.199495742E-04
   177     320.629590   1.137203E+00   2.739948E+15    1.69364E+36   1.903301844E-04  -1.421280E+00   1.323298875E-04
   178     331.301046   1.137124E+00   2.739627E+15    1.69326E+36   2.099591347E-04  -1.421189E+00   1.459865948E-04
   179     342.326548   1.137039E+00   2.739284E+15    1.69285E+36   2.316090440E-04  -1.421091E+00   1.610510401E-04
   180     353.717724   1.136949E+00   2.738919E+15    1.69242E+36   2.554873834E-04  -1.420987E+00   1.776680386E-04
   181     365.486574   1.136853E+00   2.738528E+15    1.69196E+36   2.818228164E-04  -1.420876E+00   1.959972500E-04
   182     377.645479   1.136750E+00   2.738112E+15    1.69146E+36   3.108673437E-04  -1.420757E+00   2.162146915E-04
   183     390.207210   1.136641E+00   2.737667E+15    1.69094E+36   3.428986636E-04  -1.420631E+00   2.385144025E-04
   184     403.184940   1.136523E+00   2.737192E+15    1.69038E+36   3.782227659E-04  -1.420496E+00   2.631102771E-04
   185     416.592256   1.136398E+00   2.736686E+15    1.68978E+36   4.171767830E-04  -1.420351E+00   2.902380802E-04
   186     430.443170   1.136265E+00   2.736145E+15    1.68914E+36   4.601321240E-04  -1.420197E+00   3.201576667E-04
   187     444.752126   1.136123E+00   2.735568E+15    1.68846E+36   5.074979162E-04  -1.420033E+00   3.531554213E-04
   188     459.534020   1.135971E+00   2.734953E+15    1.68773E+36   5.597247859E-04  -1.419858E+00   3.895469430E-04
   189     474.804201   1.135809E+00   2.734295E+15    1.68695E+36   6.173090084E-04  -1.419671E+00   4.296799963E-04
   190     490.578490   1.135636E+00   2.733594E+15    1.68612E+36   6.807970635E-04  -1.419471E+00   4.739377550E-04
   191     506.873190   1.135451E+00   2.732846E+15    1.68524E+36   7.507906325E-04  -1.419258E+00   5.227423681E-04
   192     523.705095   1.135254E+00   2.732048E+15    1.68430E+36   8.279520785E-04  -1.419030E+00   5.765588770E-04
   193     541.091502   1.135044E+00   2.731196E+15    1.68329E+36   9.130104542E-04  -1.418788E+00   6.358995184E-04
   194     559.050224   1.134819E+00   2.730288E+15    1.68222E+36   1.006768084E-03  -1.418529E+00   7.013284492E-04
   195     577.599598   1.134580E+00   2.729318E+15    1.68108E+36   1.110107775E-03  -1.418252E+00   7.734669328E-04
   196     596.758500   1.134324E+00   2.728284E+15    1.67986E+36   1.224000703E-03  -1.417957E+00   8.529990300E-04
   197     616.546350   1.134052E+00   2.727181E+15    1.67856E+36   1.349515052E-03  -1.417643E+00   9.406778417E-04
   198     636.983126   1.133761E+00   2.726004E+15    1.67717E+36   1.487825447E-03  -1.417307E+00   1.037332353E-03
   199     658.089374   1.133451E+00   2.724750E+15    1.67569E+36   1.640223268E-03  -1.416949E+00   1.143874936E-03
   200     679.886211   1.133120E+00   2.723411E+15    1.67411E+36   1.808127913E-03  -1.416567E+00   1.261309566E-03
   201     702.395342   1.132768E+00   2.721984E+15    1.67244E+36   1.993099079E-03  -1.416160E+00   1.390740819E-03
   202     725.639061   1.132391E+00   2.720463E+15    1.67065E+36   2.196850162E-03  -1.415726E+00   1.533383721E-03
   203     749.640261   1.131990E+00   2.718840E+15    1.66874E+36   2.421262839E-03  -1.415262E+00   1.690574512E-03
   204     774.422439   1.131562E+00   2.717111E+15    1.66671E+36   2.668402952E-03  -1.414768E+00   1.863782426E-03
   205     800.009698   1.131106E+00   2.715267E+15    1.66454E+36   2.940537769E-03  -1.414241E+00   2.054622543E-03
   206     826.426756   1.130619E+00   2.713302E+15    1.66223E+36   3.240154727E-03  -1.413680E+00   2.264869829E-03
   207     853.698942   1.130101E+00   2.711208E+15    1.65978E+36   3.569981774E-03  -1.413081E+00   2.496474448E-03
   208     881.852200   1.129548E+00   2.708989E+15    1.65716E+36   3.933010140E-03  -1.412443E+00   2.751578479E-03
   209     910.912953   1.128960E+00   2.706628E+15    1.65438E+36   4.332516497E-03  -1.411763E+00   3.032532776E-03
   210     940.908325   1.128332E+00   2.704113E+15    1.65141E+36   4.772089606E-03  -1.411038E+00   3.341918613E-03
   211     971.866069   1.127664E+00   2.701435E+15    1.64826E+36   5.255658474E-03  -1.410265E+00   3.682568753E-03
   212    1003.814532   1.126952E+00   2.698582E+15    1.64491E+36   5.787521975E-03  -1.409442E+00   4.057590511E-03
   213    1036.782638   1.126193E+00   2.695545E+15    1.64134E+36   6.372381021E-03  -1.408565E+00   4.470391046E-03
   214    1070.799882   1.125385E+00   2.692311E+15    1.63754E+36   7.015373081E-03  -1.407631E+00   4.924704748E-03
   215    1105.896305   1.124525E+00   2.688870E+15    1.63351E+36   7.722109126E-03  -1.406637E+00   5.424622869E-03
   216    1142.102476   1.123609E+00   2.685207E+15    1.62922E+36   8.498713092E-03  -1.405578E+00   5.974625529E-03
   217    1179.449465   1.122634E+00   2.681311E+15    1.62466E+36   9.351863914E-03  -1.404450E+00   6.579616236E-03
   218    1217.968814   1.121596E+00   2.677167E+15    1.61982E+36   1.028884018E-02  -1.403251E+00   7.244959060E-03
   219    1257.692502   1.120491E+00   2.672760E+15    1.61468E+36   1.131756739E-02  -1.401974E+00   7.976518584E-03
   220    1298.652908   1.119317E+00   2.668087E+15    1.60923E+36   1.244666929E-02  -1.400615E+00   8.780702839E-03
   221    1340.882573   1.118068E+00   2.663131E+15    1.60344E+36   1.368552010E-02  -1.399171E+00   9.664505362E-03
   222    1384.414373   1.116740E+00   2.657865E+15    1.59730E+36   1.504429291E-02  -1.397634E+00   1.063555750E-02
   223    1429.281564   1.115329E+00   2.652272E+15    1.59080E+36   1.653402523E-02  -1.396001E+00   1.170218329E-02
   224    1475.517578   1.113828E+00   2.646333E+15    1.58390E+36   1.816667538E-02  -1.394265E+00   1.287345246E-02
   225    1523.155955   1.112235E+00   2.640029E+15    1.57660E+36   1.995518354E-02  -1.392420E+00   1.415923917E-02
   226    1572.230264   1.110542E+00   2.633341E+15    1.56887E+36   2.191353436E-02  -1.390461E+00   1.557028410E-02
   227    1622.774019   1.108748E+00   2.626281E+15    1.56069E+36   2.405683014E-02  -1.388381E+00   1.711826142E-02
   228    1674.819955   1.106846E+00   2.618811E+15    1.55205E+36   2.640133922E-02  -1.386174E+00   1.881582857E-02
   229    1728.400861   1.104828E+00   2.610896E+15    1.54291E+36   2.896455320E-02  -1.383831E+00   2.067671722E-02
   230    1783.549419   1.102687E+00   2.602512E+15    1.53326E+36   3.176527073E-02  -1.381346E+00   2.271581194E-02
   231    1840.297818   1.100418E+00   2.593636E+15    1.52307E+36   3.482364878E-02  -1.378713E+00   2.494921939E-02
   232    1898.677629   1.098010E+00   2.584281E+15    1.51233E+36   3.816128052E-02  -1.375921E+00   2.739434324E-02
   233    1958.718849   1.095459E+00   2.574397E+15    1.50102E+36   4.180120066E-02  -1.372965E+00   3.006992693E-02
   234    2020.451150   1.092758E+00   2.563949E+15    1.48910E+36   4.576795821E-02  -1.369835E+00   3.299620123E-02
   235    2083.903303   1.089900E+00   2.552919E+15    1.47656E+36   5.008766560E-02  -1.366523E+00   3.619494697E-02
   236    2149.102730   1.086892E+00   2.541404E+15    1.46338E+36   5.478814088E-02  -1.363021E+00   3.968958577E-02
   237    2216.072373   1.083713E+00   2.529257E+15    1.44955E+36   5.989858989E-02  -1.359319E+00   4.350506673E-02
   238    2284.836565   1.080355E+00   2.516452E+15    1.43503E+36   6.544992497E-02  -1.355409E+00   4.766824356E-02
   239    2355.417832   1.076802E+00   2.502988E+15    1.41981E+36   7.147468629E-02  -1.351281E+00   5.220780190E-02
   240    2427.835992   1.073053E+00   2.488818E+15    1.40388E+36   7.800694064E-02  -1.346926E+00   5.715428187E-02
   241    2502.109232   1.069105E+00   2.473946E+15    1.38722E+36   8.508230300E-02  -1.342336E+00   6.254024919E-02
   242    2578.252498   1.064961E+00   2.458426E+15    1.36983E+36   9.273802416E-02  -1.337500E+00   6.840028778E-02
   243    2656.275779   1.060598E+00   2.442129E+15    1.35167E+36   1.010123626E-01  -1.332410E+00   7.477081678E-02
   244    2736.189210   1.056006E+00   2.425138E+15    1.33276E+36   1.099451413E-01  -1.327056E+00   8.169051592E-02
   245    2817.996596   1.051181E+00   2.407345E+15    1.31308E+36   1.195770124E-01  -1.321429E+00   8.919984578E-02
   246    2901.701009   1.046110E+00   2.388776E+15    1.29264E+36   1.299496593E-01  -1.315522E+00   9.734153440E-02
   247    2987.300475   1.040789E+00   2.369371E+15    1.27142E+36   1.411053720E-01  -1.309325E+00   1.061601684E-01
   248    3074.790551   1.035230E+00   2.349254E+15    1.24945E+36   1.530871616E-01  -1.302830E+00   1.157025177E-01
   249    3164.157922   1.029411E+00   2.328291E+15    1.22671E+36   1.659377296E-01  -1.296030E+00   1.260167331E-01
   250    3255.389141   1.023316E+00   2.306514E+15    1.20324E+36   1.796998659E-01  -1.288918E+00   1.371529793E-01
   251    3348.464678   1.016957E+00   2.283966E+15    1.17904E+36   1.944155817E-01  -1.281486E+00   1.491628253E-01
   252    3443.358314   1.010329E+00   2.260657E+15    1.15413E+36   2.101267197E-01  -1.273731E+00   1.620991911E-01
   253    3540.038401   1.003406E+00   2.236530E+15    1.12854E+36   2.268726746E-01  -1.265646E+00   1.760157452E-01
   254    3638.470121   9.961935E-01   2.211545E+15    1.10230E+36   2.446911443E-01  -1.257228E+00   1.909671814E-01
   255    3738.615048   9.886940E-01   2.185749E+15    1.07544E+36   2.636179328E-01  -1.248473E+00   2.070091268E-01
   256    3840.427679   9.809185E-01   2.159315E+15    1.04801E+36   2.836867599E-01  -1.239379E+00   2.241973531E-01
   257    3943.850060   9.728465E-01   2.132146E+15    1.02004E+36   3.049264983E-01  -1.229946E+00   2.425860848E-01
   258    4048.823087   9.644799E-01   2.104196E+15    9.91582E+35   3.273623664E-01  -1.220174E+00   2.622293531E-01
   259    4155.284605   9.558209E-01   2.075571E+15    9.62691E+35   3.510155049E-01  -1.210065E+00   2.831805071E-01
   260    4263.162773   9.468698E-01   2.046308E+15    9.33421E+35   3.759029469E-01  -1.199622E+00   3.054904256E-01
   261    4372.379423   9.376280E-01   2.016371E+15    9.03831E+35   4.020345105E-01  -1.188849E+00   3.292073258E-01
   262    4482.853524   9.281015E-01   1.985869E+15    8.73983E+35   4.294154461E-01  -1.177753E+00   3.543770729E-01
   263    4594.494446   9.182908E-01   1.954822E+15    8.43944E+35   4.580439526E-01  -1.166341E+00   3.810408887E-01
   264    4707.206622   9.082038E-01   1.923220E+15    8.13780E+35   4.879108740E-01  -1.154622E+00   4.092356670E-01
   265    4820.891254   8.978449E-01   1.891192E+15    7.83562E+35   5.190009733E-01  -1.142607E+00   4.389936847E-01
   266    4935.439628   8.872228E-01   1.858770E+15    7.53359E+35   5.512910581E-01  -1.130309E+00   4.703401466E-01
   267    5050.738335   8.763420E-01   1.825908E+15    7.23243E+35   5.847490776E-01  -1.117741E+00   5.032934797E-01
   268    5166.673886   8.652146E-01   1.792717E+15    6.93286E+35   6.193360855E-01  -1.104920E+00   5.378660676E-01
   269    5283.124778   8.538491E-01   1.759322E+15    6.63557E+35   6.550062779E-01  -1.091862E+00   5.740612741E-01
   270    5399.960709   8.422543E-01   1.725703E+15    6.34126E+35   6.917049165E-01  -1.078587E+00   6.118720109E-01
   271    5517.051428   8.304466E-01   1.691874E+15    6.05061E+35   7.293686950E-01  -1.065115E+00   6.512828525E-01
   272    5634.265144   8.184377E-01   1.657917E+15    5.76427E+35   7.679275260E-01  -1.051467E+00   6.922690681E-01
   273    5751.465326   8.062361E-01   1.623897E+15    5.48287E+35   8.073035548E-01  -1.037667E+00   7.347945555E-01
   274    5868.511936   7.938574E-01   1.589916E+15    5.20698E+35   8.474139150E-01  -1.023737E+00   7.788118809E-01
   275    5985.259555   7.813134E-01   1.555852E+15    4.93718E+35   8.881670645E-01  -1.009705E+00   8.242609094E-01
   276    6101.572238   7.686255E-01   1.521965E+15    4.67395E+35   9.294684884E-01  -9.955947E-01   8.710743161E-01
   277    6217.299678   7.558034E-01   1.488191E+15    4.41777E+35   9.712167510E-01  -9.814339E-01   9.191678764E-01
   278    6332.298363   7.428663E-01   1.454584E+15    4.16906E+35   1.013305707E+00  -9.672501E-01   9.684488696E-01
   279    6446.424900   7.298218E-01   1.421148E+15    3.92817E+35   1.055629292E+00  -9.530707E-01   1.018813075E+00
   280    6559.539538   7.166966E-01   1.388030E+15    3.69542E+35   1.098076774E+00  -9.389235E-01   1.070146886E+00
   281    6671.497267   7.034989E-01   1.355166E+15    3.47106E+35   1.140535446E+00  -9.248370E-01   1.122323605E+00
   282    6782.162792   6.902459E-01   1.322601E+15    3.25531E+35   1.182893279E+00  -9.108386E-01   1.175210658E+00
   283    6891.403525   6.769582E-01   1.290490E+15    3.04831E+35   1.225041022E+00  -8.969555E-01   1.228667253E+00
   284    6999.082145   6.636473E-01   1.258670E+15    2.85018E+35   1.266865406E+00  -8.832154E-01   1.282541475E+00
   285    7105.080193   6.503291E-01   1.227272E+15    2.66096E+35   1.308260659E+00  -8.696433E-01   1.336682667E+00
   286    7209.277202   6.370201E-01   1.196408E+15    2.48066E+35   1.349125476E+00  -8.562644E-01   1.390932711E+00
   287    7311.552029   6.237346E-01   1.165906E+15    2.30924E+35   1.389355551E+00  -8.431036E-01   1.445127500E+00
   288    7411.805085   6.104865E-01   1.135898E+15    2.14662E+35   1.428860477E+00  -8.301824E-01   1.499109482E+00
   289    7509.935290   5.972869E-01   1.106397E+15    1.99267E+35   1.467550965E+00  -8.175221E-01   1.552717884E+00
   290    7605.849727   5.841577E-01   1.077438E+15    1.84725E+35   1.505346783E+00  -8.051422E-01   1.605794918E+00
   291    7699.461833   5.710953E-01   1.048973E+15    1.71016E+35   1.542170890E+00  -7.930610E-01   1.658185496E+00
   292    7790.698457   5.581262E-01   1.021004E+15    1.58119E+35   1.577957579E+00  -7.812941E-01   1.709743125E+00
   293    7879.495795   5.452621E-01   9.936524E+14    1.46009E+35   1.612649633E+00  -7.698553E-01   1.760330138E+00
   294    7965.789931   5.325037E-01   9.667771E+14    1.34661E+35   1.646192915E+00  -7.587574E-01   1.809811811E+00
   295    8049.537896   5.198738E-01   9.404594E+14    1.24047E+35   1.678547112E+00  -7.480099E-01   1.858070375E+00
   296    8130.699613   5.073714E-01   9.147067E+14    1.14137E+35   1.709677671E+00  -7.376212E-01   1.904996157E+00
   297    8209.243793   4.950010E-01   8.894753E+14    1.04901E+35   1.739557128E+00  -7.275977E-01   1.950489799E+00
   298    8285.151861   4.827800E-01   8.647838E+14    9.63089E+34   1.768168342E+00  -7.179435E-01   1.994468116E+00
   299    8358.412501   4.707081E-01   8.406232E+14    8.83281E+34   1.795500669E+00  -7.086609E-01   2.036859016E+00
   300    8429.023629   4.587939E-01   8.170040E+14    8.09274E+34   1.821551235E+00  -6.997506E-01   2.077604417E+00
   301    8496.990486   4.470381E-01   7.939050E+14    7.40755E+34   1.846323555E+00  -6.912117E-01   2.116658626E+00
   302    8562.327698   4.354472E-01   7.713077E+14    6.77413E+34   1.869827761E+00  -6.830414E-01   2.153989670E+00
   303    8625.058598   4.240225E-01   7.492165E+14    6.18942E+34   1.892080475E+00  -6.752356E-01   2.189578647E+00
   304    8685.212894   4.127648E-01   7.276107E+14    5.65041E+34   1.913103618E+00  -6.677887E-01   2.223417982E+00
   305    8742.828008   4.016768E-01   7.064782E+14    5.15421E+34   1.932923679E+00  -6.606940E-01   2.255511905E+00
   306    8797.947955   3.907568E-01   6.858191E+14    4.69801E+34   1.951571817E+00  -6.539436E-01   2.285875347E+00
   307    8850.621776   3.800024E-01   6.655944E+14    4.27909E+34   1.969082429E+00  -6.475288E-01   2.314532127E+00
   308    8900.905858   3.694125E-01   6.458175E+14    3.89486E+34   1.985493676E+00  -6.414400E-01   2.341515792E+00
   309    8948.859446   3.589846E-01   6.264521E+14    3.54284E+34   2.000845761E+00  -6.356667E-01   2.366866403E+00
   310    8994.547660   3.487180E-01   6.074921E+14    3.22067E+34   2.015181268E+00  -6.301982E-01   2.390631385E+00
   311    9038.038695   3.386140E-01   5.889333E+14    2.92613E+34   2.028544359E+00  -6.250231E-01   2.412863578E+00
   312    9079.403077   3.286685E-01   5.707537E+14    2.65709E+34   2.040979998E+00  -6.201299E-01   2.433619994E+00
   313    9118.714392   3.100277E-01   5.368102E+14    2.41269E+34   2.052478023E+00  -6.155066E-01   2.452872466E+00
   314    9157.137343   3.007973E-01   5.200744E+14    2.18874E+34   2.063190206E+00  -6.110154E-01   2.470877799E+00
   315    9193.608341   2.917394E-01   5.037260E+14    1.98470E+34   2.073120849E+00  -6.067787E-01   2.487608450E+00
   316    9228.200904   2.828500E-01   4.877459E+14    1.79894E+34   2.082313466E+00  -6.027848E-01   2.503128078E+00
   317    9260.989805   2.741280E-01   4.721279E+14    1.62994E+34   2.090811015E+00  -5.990219E-01   2.517501066E+00
   318    9292.049759   2.655765E-01   4.568733E+14    1.47628E+34   2.098655596E+00  -5.954784E-01   2.530791663E+00
   319    9321.454576   2.571986E-01   4.419780E+14    1.33667E+34   2.105888008E+00  -5.921431E-01   2.543062970E+00
   320    9349.277247   2.489962E-01   4.274354E+14    1.20988E+34   2.112547806E+00  -5.890049E-01   2.554377402E+00
   321    9375.589805   2.409589E-01   4.132334E+14    1.09482E+34   2.118673207E+00  -5.860534E-01   2.564795838E+00
   322    9400.463340   2.330949E-01   3.993849E+14    9.90429E+33   2.124301109E+00  -5.832781E-01   2.574377591E+00
   323    9423.966218   2.254142E-01   3.858895E+14    8.95772E+33   2.129466620E+00  -5.806694E-01   2.583179650E+00
   324    9446.164755   2.179198E-01   3.727503E+14    8.09978E+33   2.134202828E+00  -5.782178E-01   2.591256209E+00
   325    9467.123051   2.106088E-01   3.599643E+14    7.32250E+33   2.138541290E+00  -5.759145E-01   2.598659212E+00
   326    9486.903128   1.805126E-01   3.074724E+14    6.65684E+33   2.142290861E+00  -5.737510E-01   2.605068552E+00
   327    9508.061247   1.740546E-01   2.962504E+14    6.01726E+33   2.145927944E+00  -5.714488E-01   2.611296470E+00
   328    9528.079935   1.681882E-01   2.860705E+14    5.43710E+33   2.149264261E+00  -5.692824E-01   2.617010261E+00
   329    9546.964714   1.625030E-01   2.762234E+14    4.91209E+33   2.152315796E+00  -5.672492E-01   2.622236817E+00
   330    9564.770472   1.569885E-01   2.666902E+14    4.43711E+33   2.155104544E+00  -5.653417E-01   2.627013572E+00
   331    9581.551097   1.516432E-01   2.574649E+14    4.00751E+33   2.157651092E+00  -5.635526E-01   2.631375438E+00
   332    9597.358592   1.464451E-01   2.485137E+14    3.61907E+33   2.159974718E+00  -5.618748E-01   2.635355336E+00
   333    9612.244671   1.414070E-01   2.398491E+14    3.26790E+33   2.162093440E+00  -5.603017E-01   2.638983949E+00
   334    9626.257912   1.365004E-01   2.314228E+14    2.95052E+33   2.164023991E+00  -5.588269E-01   2.642289960E+00
   335    9639.447296   1.317454E-01   2.232639E+14    2.66371E+33   2.165782003E+00  -5.574443E-01   2.645300126E+00
   336    9651.857705   1.271508E-01   2.153878E+14    2.40456E+33   2.167382091E+00  -5.561482E-01   2.648039550E+00
   337    9663.530759   1.227122E-01   2.077845E+14    2.17044E+33   2.168837633E+00  -5.549334E-01   2.650531171E+00
   338    9674.506398   1.184036E-01   2.004091E+14    1.95897E+33   2.170160945E+00  -5.537951E-01   2.652796155E+00
   339    9684.824716   1.142085E-01   1.932347E+14    1.76801E+33   2.171363235E+00  -5.527284E-01   2.654853732E+00
   340    9694.525070   1.101595E-01   1.863127E+14    1.59556E+33   2.172455301E+00  -5.517286E-01   2.656722448E+00
   341    9703.641825   1.061249E-01   1.794313E+14    1.43993E+33   2.173446272E+00  -5.507918E-01   2.658417945E+00
   342    9712.217868   1.022309E-01   1.727924E+14    1.29941E+33   2.174345634E+00  -5.499129E-01   2.659956466E+00
   343    9720.283638   9.840411E-02   1.662729E+14    1.17256E+33   2.175161478E+00  -5.490885E-01   2.661351919E+00
   344    9727.873363   9.461902E-02   1.598299E+14    1.05813E+33   2.175900828E+00  -5.483146E-01   2.662616352E+00
   345    9735.021525   9.097806E-02   1.536341E+14    9.54830E+32   2.176571190E+00  -5.475875E-01   2.663762652E+00
   346    9741.752434   8.630481E-02   1.456727E+14    8.62039E+32   2.177175794E+00  -5.469044E-01   2.664796454E+00
   347    9748.179217   8.146368E-02   1.374264E+14    7.78596E+32   2.177721551E+00  -5.462536E-01   2.665729755E+00
   348    9754.348472   7.689286E-02   1.296448E+14    7.03211E+32   2.178216417E+00  -5.456301E-01   2.666576152E+00
   349    9760.269883   7.257740E-02   1.223019E+14    6.35107E+32   2.178665060E+00  -5.450329E-01   2.667343604E+00
   350    9765.952815   6.850319E-02   1.153733E+14    5.73586E+32   2.179071728E+00  -5.444609E-01   2.668039361E+00
   351    9771.406326   6.465687E-02   1.088359E+14    5.18012E+32   2.179440288E+00  -5.439130E-01   2.668670024E+00
   352    9776.639169   6.102579E-02   1.026676E+14    4.67812E+32   2.179774259E+00  -5.433882E-01   2.669241595E+00
   353    9781.659800   5.759801E-02   9.684790E+13    4.22470E+32   2.180076843E+00  -5.428856E-01   2.669759540E+00
   354    9786.476390   5.436223E-02   9.135715E+13    3.81515E+32   2.180350948E+00  -5.424043E-01   2.670228824E+00
   355    9791.096825   5.130775E-02   8.617690E+13    3.44526E+32   2.180599221E+00  -5.419434E-01   2.670653964E+00
   356    9795.528720   4.842449E-02   8.128970E+13    3.11117E+32   2.180824067E+00  -5.415019E-01   2.671039065E+00
   357    9799.779422   4.570291E-02   7.667905E+13    2.80945E+32   2.181027670E+00  -5.410792E-01   2.671387856E+00
   358    9803.856019   4.313397E-02   7.232938E+13    2.53695E+32   2.181212015E+00  -5.406744E-01   2.671703725E+00
   359    9807.765346   4.070916E-02   6.822599E+13    2.29086E+32   2.181378903E+00  -5.402868E-01   2.671989749E+00
   360    9811.513993   3.842042E-02   6.435500E+13    2.06862E+32   2.181529970E+00  -5.399156E-01   2.672248719E+00
   361    9815.108313   3.626016E-02   6.070329E+13    1.86792E+32   2.181666702E+00  -5.395602E-01   2.672483173E+00
   362    9818.554427   3.422118E-02   5.725849E+13    1.68667E+32   2.181790446E+00  -5.392199E-01   2.672695411E+00
   363    9821.858230   3.229670E-02   5.400891E+13    1.52300E+32   2.181902424E+00  -5.388940E-01   2.672887520E+00
   364    9825.025401   3.048031E-02   5.094352E+13    1.37520E+32   2.182003745E+00  -5.385820E-01   2.673061394E+00
   365    9828.061410   2.876595E-02   4.805191E+13    1.24174E+32   2.182095416E+00  -5.382833E-01   2.673218752E+00
   366    9830.971519   2.714791E-02   4.532425E+13    1.12122E+32   2.182178347E+00  -5.379972E-01   2.673361150E+00
   367    9833.760795   2.562079E-02   4.275127E+13    1.01239E+32   2.182253366E+00  -5.377233E-01   2.673490002E+00
   368    9836.434112   2.417950E-02   4.032422E+13    9.14115E+31   2.182321223E+00  -5.374611E-01   2.673606587E+00
   369    9838.996160   2.276807E-02   3.795346E+13    8.25409E+31   2.182382574E+00  -5.372101E-01   2.673712027E+00
   370    9841.456793   2.122878E-02   3.538800E+13    7.45737E+31   2.182437763E+00  -5.369692E-01   2.673806874E+00
   371    9843.843541   1.979349E-02   3.299586E+13    6.73752E+31   2.182487700E+00  -5.367358E-01   2.673892676E+00
   372    9846.158550   1.845520E-02   3.076535E+13    6.08714E+31   2.182532884E+00  -5.365095E-01   2.673970293E+00
   373    9848.403909   1.718409E-02   2.864441E+13    5.49988E+31   2.182573740E+00  -5.362903E-01   2.674040462E+00
   374    9850.584915   1.599673E-02   2.666297E+13    4.96938E+31   2.182610697E+00  -5.360776E-01   2.674103928E+00
   375    9852.703929   1.488098E-02   2.480135E+13    4.49009E+31   2.182644131E+00  -5.358710E-01   2.674161337E+00
   376    9854.764110   1.380840E-02   2.301249E+13    4.05765E+31   2.182674335E+00  -5.356704E-01   2.674213195E+00
   377    9856.772321   1.281311E-02   2.135262E+13    3.66685E+31   2.182701666E+00  -5.354749E-01   2.674260111E+00
   378    9858.729830   1.188770E-02   1.980970E+13    3.31369E+31   2.182726394E+00  -5.352846E-01   2.674302555E+00
   379    9860.638145   1.101941E-02   1.836383E+13    2.99467E+31   2.182748757E+00  -5.350992E-01   2.674340934E+00
   380    9862.500006   1.021452E-02   1.702347E+13    2.70637E+31   2.182768992E+00  -5.349184E-01   2.674375650E+00
   381    9864.316510   9.464206E-03   1.577368E+13    2.44583E+31   2.182787298E+00  -5.347421E-01   2.674407050E+00
   382    9866.089553   8.758091E-03   1.459682E+13    2.21056E+31   2.182803847E+00  -5.345702E-01   2.674435432E+00
   383    9867.822517   8.104649E-03   1.350775E+13    1.99791E+31   2.182818820E+00  -5.344023E-01   2.674461108E+00
   384    9869.516277   7.492683E-03   1.248781E+13    1.80578E+31   2.182832363E+00  -5.342383E-01   2.674484327E+00
   385    9871.173354   6.923794E-03   1.153966E+13    1.63219E+31   2.182844612E+00  -5.340779E-01   2.674505324E+00
   386    9872.795314   6.394389E-03   1.065738E+13    1.47530E+31   2.182855694E+00  -5.339211E-01   2.674524317E+00
   387    9874.383802   5.899304E-03   9.832399E+12    1.33359E+31   2.182865713E+00  -5.337675E-01   2.674541486E+00
   388    9875.941207   5.377681E-03   8.963135E+12    1.20575E+31   2.182874761E+00  -5.336171E-01   2.674556989E+00
   389    9877.486832   4.842320E-03   8.070785E+12    1.09203E+31   2.182882816E+00  -5.334679E-01   2.674570788E+00
   390    9879.042393   4.436477E-03   7.394255E+12    9.87496E+30   2.182890228E+00  -5.333179E-01   2.674583483E+00
   391    9880.578721   4.064646E-03   6.774430E+12    8.92969E+30   2.182896936E+00  -5.331697E-01   2.674594972E+00
   392    9882.096042   3.713628E-03   6.189380E+12    8.07587E+30   2.182903001E+00  -5.330235E-01   2.674605357E+00
   393    9883.598914   3.390610E-03   5.651017E+12    7.30414E+30   2.182908488E+00  -5.328788E-01   2.674614752E+00
   394    9885.088564   3.091315E-03   5.152346E+12    6.60631E+30   2.182913454E+00  -5.327355E-01   2.674623253E+00
   395    9886.567179   2.812986E-03   4.688790E+12    5.97603E+30   2.182917943E+00  -5.325932E-01   2.674630937E+00
   396    9888.037831   2.534400E-03   4.224600E+12    5.40680E+30   2.182922001E+00  -5.324519E-01   2.674637881E+00
   397    9889.515446   2.239260E-03   3.732522E+12    4.89854E+30   2.182925627E+00  -5.323099E-01   2.674644085E+00
   398    9891.031475   1.840097E-03   3.066495E+12    4.44320E+30   2.182928879E+00  -5.321643E-01   2.674649648E+00
   399    9892.705992   1.636762E-03   2.727602E+12    4.02412E+30   2.182931874E+00  -5.320037E-01   2.674654772E+00
   400    9894.412074   1.453965E-03   2.422891E+12    3.64466E+30   2.182934588E+00  -5.318401E-01   2.674659416E+00
   401    9896.152717   1.285669E-03   2.142195E+12    3.30194E+30   2.182937043E+00  -5.316733E-01   2.674663614E+00
   402    9897.937461   1.133497E-03   1.888622E+12    2.99160E+30   2.182939267E+00  -5.315024E-01   2.674667419E+00
   403    9899.772767   9.965384E-04   1.660574E+12    2.71106E+30   2.182941280E+00  -5.313267E-01   2.674670861E+00
   404    9901.665638   8.721938E-04   1.453597E+12    2.45741E+30   2.182943102E+00  -5.311457E-01   2.674673975E+00
   405    9903.627050   7.617997E-04   1.269666E+12    2.22768E+30   2.182944754E+00  -5.309583E-01   2.674676798E+00
   406    9905.664106   6.635457E-04   1.105910E+12    2.01967E+30   2.182946251E+00  -5.307638E-01   2.674679357E+00
   407    9907.785947   5.767172E-04   9.612321E+11    1.83135E+30   2.182947608E+00  -5.305614E-01   2.674681675E+00
   408    9910.001172   4.579178E-04   7.631920E+11    1.66400E+30   2.182948816E+00  -5.303502E-01   2.674683737E+00
   409    9912.537694   4.200726E-04   7.000997E+11    1.50464E+30   2.182949967E+00  -5.301087E-01   2.674685703E+00
   410    9915.040572   3.853550E-04   6.422227E+11    1.36054E+30   2.182951010E+00  -5.298706E-01   2.674687483E+00
   411    9917.510218   3.535064E-04   5.891300E+11    1.23025E+30   2.182951954E+00  -5.296359E-01   2.674689094E+00
   412    9919.947037   3.242898E-04   5.404262E+11    1.11243E+30   2.182952809E+00  -5.294045E-01   2.674690553E+00
   413    9922.351432   2.974877E-04   4.957484E+11    1.00589E+30   2.182953583E+00  -5.291764E-01   2.674691874E+00
   414    9924.723803   2.732638E-04   4.553938E+11    9.09513E+29   2.182954284E+00  -5.289516E-01   2.674693071E+00
   415    9927.061205   2.511819E-04   4.186186E+11    8.22317E+29   2.182954920E+00  -5.287303E-01   2.674694155E+00
   416    9929.362355   2.308842E-04   3.848129E+11    7.43480E+29   2.182955495E+00  -5.285126E-01   2.674695135E+00
   417    9931.627781   2.122267E-04   3.537370E+11    6.72201E+29   2.182956016E+00  -5.282984E-01   2.674696023E+00
   418    9933.858003   1.950767E-04   3.251704E+11    6.07755E+29   2.182956488E+00  -5.280878E-01   2.674696827E+00
   419    9936.053536   1.793125E-04   2.989106E+11    5.49488E+29   2.182956915E+00  -5.278807E-01   2.674697554E+00
   420    9938.214887   1.648562E-04   2.748255E+11    4.96804E+29   2.182957302E+00  -5.276769E-01   2.674698213E+00
   421    9940.342131   1.518047E-04   2.530601E+11    4.49133E+29   2.182957652E+00  -5.274766E-01   2.674698809E+00
   422    9942.432467   1.397864E-04   2.330182E+11    4.06035E+29   2.182957969E+00  -5.272798E-01   2.674699349E+00
   423    9944.486502   1.287195E-04   2.145636E+11    3.67073E+29   2.182958256E+00  -5.270867E-01   2.674699838E+00
   424    9946.504837   1.185287E-04   1.975703E+11    3.31849E+29   2.182958516E+00  -5.268970E-01   2.674700280E+00
   425    9948.488061   1.091446E-04   1.819229E+11    3.00006E+29   2.182958751E+00  -5.267108E-01   2.674700680E+00
   426    9950.436757   1.005034E-04   1.675145E+11    2.71217E+29   2.182958964E+00  -5.265280E-01   2.674701042E+00
   427    9952.351497   9.254635E-05   1.542473E+11    2.45191E+29   2.182959156E+00  -5.263485E-01   2.674701370E+00
   428    9954.232848   8.525802E-05   1.420971E+11    2.21661E+29   2.182959331E+00  -5.261722E-01   2.674701666E+00
   429    9956.080487   7.862680E-05   1.310464E+11    2.00373E+29   2.182959489E+00  -5.259993E-01   2.674701935E+00
   430    9957.892890   7.251130E-05   1.208550E+11    1.81130E+29   2.182959632E+00  -5.258297E-01   2.674702178E+00
   431    9959.670703   6.687142E-05   1.114562E+11    1.63735E+29   2.182959761E+00  -5.256635E-01   2.674702398E+00
   432    9961.414560   6.167017E-05   1.027882E+11    1.48010E+29   2.182959878E+00  -5.255006E-01   2.674702597E+00
   433    9963.125086   5.687344E-05   9.479427E+10    1.33795E+29   2.182959984E+00  -5.253409E-01   2.674702777E+00
   434    9964.802894   5.244977E-05   8.742199E+10    1.20946E+29   2.182960080E+00  -5.251844E-01   2.674702939E+00
   435    9966.448587   4.837016E-05   8.062302E+10    1.09330E+29   2.182960166E+00  -5.250310E-01   2.674703087E+00
   436    9968.062759   4.460783E-05   7.435278E+10    9.88301E+28   2.182960245E+00  -5.248806E-01   2.674703220E+00
   437    9969.645992   4.113813E-05   6.857015E+10    8.93384E+28   2.182960316E+00  -5.247332E-01   2.674703341E+00
   438    9971.198860   3.797212E-05   6.329252E+10    8.07561E+28   2.182960380E+00  -5.245886E-01   2.674703450E+00
   439    9972.720558   3.506958E-05   5.845342E+10    7.29946E+28   2.182960438E+00  -5.244471E-01   2.674703548E+00
   440    9974.210793   3.238889E-05   5.398428E+10    6.59790E+28   2.182960491E+00  -5.243086E-01   2.674703638E+00
   441    9975.670197   2.991310E-05   4.985681E+10    5.96377E+28   2.182960539E+00  -5.241730E-01   2.674703719E+00
   442    9977.099389   2.762654E-05   4.604488E+10    5.39058E+28   2.182960582E+00  -5.240403E-01   2.674703792E+00
   443    9978.498976   2.551475E-05   4.252439E+10    4.87247E+28   2.182960621E+00  -5.239104E-01   2.674703858E+00
   444    9979.869556   2.356438E-05   3.927305E+10    4.40416E+28   2.182960656E+00  -5.237833E-01   2.674703918E+00
   445    9981.211712   2.176308E-05   3.627028E+10    3.98086E+28   2.182960688E+00  -5.236589E-01   2.674703972E+00
   446    9982.526020   2.009947E-05   3.349708E+10    3.59824E+28   2.182960717E+00  -5.235371E-01   2.674704021E+00
   447    9983.813041   1.856302E-05   3.093591E+10    3.25240E+28   2.182960743E+00  -5.234180E-01   2.674704065E+00
   448    9985.073328   1.714401E-05   2.857055E+10    2.93979E+28   2.182960766E+00  -5.233013E-01   2.674704105E+00
   449    9986.307423   1.583347E-05   2.638603E+10    2.65723E+28   2.182960788E+00  -5.231871E-01   2.674704141E+00
   450    9987.515857   1.462311E-05   2.436853E+10    2.40183E+28   2.182960807E+00  -5.230754E-01   2.674704174E+00
   451    9988.699151   1.352120E-05   2.253225E+10    2.17085E+28   2.182960825E+00  -5.229660E-01   2.674704204E+00
   452    9989.856364   1.250434E-05   2.083774E+10    1.96205E+28   2.182960840E+00  -5.228591E-01   2.674704230E+00
   453    9990.987858   1.156395E-05   1.927065E+10    1.77334E+28   2.182960855E+00  -5.227546E-01   2.674704255E+00
   454    9992.094192   1.069428E-05   1.782141E+10    1.60277E+28   2.182960868E+00  -5.226525E-01   2.674704277E+00
   455    9993.175914   9.890006E-06   1.648115E+10    1.44861E+28   2.182960879E+00  -5.225527E-01   2.674704296E+00
   456    9994.233561   9.146215E-06   1.524168E+10    1.30928E+28   2.182960890E+00  -5.224551E-01   2.674704314E+00
   457    9995.267659   8.458359E-06   1.409542E+10    1.18334E+28   2.182960899E+00  -5.223598E-01   2.674704331E+00
   458    9996.278722   7.822231E-06   1.303536E+10    1.06952E+28   2.182960908E+00  -5.222666E-01   2.674704345E+00
   459    9997.267253   7.233942E-06   1.205502E+10    9.66650E+27   2.182960916E+00  -5.221756E-01   2.674704358E+00
   460    9998.233746   6.689894E-06   1.114840E+10    8.73671E+27   2.182960923E+00  -5.220866E-01   2.674704370E+00
   461    9999.178684   6.186761E-06   1.030996E+10    7.89636E+27   2.182960929E+00  -5.219996E-01   2.674704381E+00
   462   10000.102539   5.721465E-06   9.534577E+09    7.13683E+27   2.182960935E+00  -5.219146E-01   2.674704391E+00
   463   10001.005773   5.291161E-06   8.817504E+09    6.45036E+27   2.182960940E+00  -5.218315E-01   2.674704400E+00
   464   10001.888839   4.893219E-06   8.154357E+09    5.82991E+27   2.182960945E+00  -5.217503E-01   2.674704408E+00
   465   10002.752180   4.525204E-06   7.541083E+09    5.26914E+27   2.182960949E+00  -5.216709E-01   2.674704415E+00
   466   10003.596231   4.184866E-06   6.973929E+09    4.76231E+27   2.182960953E+00  -5.215934E-01   2.674704422E+00
   467   10004.421415   3.870123E-06   6.449428E+09    4.30423E+27   2.182960957E+00  -5.215176E-01   2.674704428E+00
   468   10005.228148   3.579051E-06   5.964372E+09    3.89021E+27   2.182960960E+00  -5.214435E-01   2.674704433E+00
   469   10006.016836   3.311197E-06   5.518015E+09    3.51599E+27   2.182960963E+00  -5.213711E-01   2.674704438E+00
   470   10006.787563   3.067115E-06   5.111289E+09    3.17751E+27   2.182960965E+00  -5.213003E-01   2.674704442E+00
   471   10007.539754   2.841024E-06   4.734540E+09    2.87162E+27   2.182960968E+00  -5.212313E-01   2.674704446E+00
   472   10008.273851   2.631598E-06   4.385561E+09    2.59518E+27   2.182960970E+00  -5.211640E-01   2.674704450E+00
   473   10008.990283   2.437610E-06   4.062303E+09    2.34534E+27   2.182960972E+00  -5.210983E-01   2.674704453E+00
   474   10009.689469   2.257921E-06   3.762871E+09    2.11956E+27   2.182960974E+00  -5.210342E-01   2.674704456E+00
   475   10010.371821   2.091477E-06   3.485509E+09    1.91551E+27   2.182960975E+00  -5.209716E-01   2.674704459E+00
   476   10011.037739   1.937302E-06   3.228591E+09    1.73110E+27   2.182960976E+00  -5.209106E-01   2.674704461E+00
   477   10011.687615   1.794492E-06   2.990610E+09    1.56445E+27   2.182960978E+00  -5.208511E-01   2.674704463E+00
   478   10012.321830   1.662208E-06   2.770170E+09    1.41384E+27   2.182960979E+00  -5.207930E-01   2.674704465E+00
   479   10012.940758   1.539676E-06   2.565978E+09    1.27773E+27   2.182960980E+00  -5.207363E-01   2.674704467E+00
   480   10013.544764   1.426176E-06   2.376836E+09    1.15472E+27   2.182960981E+00  -5.206810E-01   2.674704469E+00
   481   10014.134204   1.321043E-06   2.201636E+09    1.04356E+27   2.182960982E+00  -5.206271E-01   2.674704470E+00
   482   10014.709425   1.223659E-06   2.039350E+09    9.43091E+26   2.182960983E+00  -5.205745E-01   2.674704471E+00
   483   10015.270768   1.133455E-06   1.889026E+09    8.52298E+26   2.182960983E+00  -5.205231E-01   2.674704472E+00
   484   10015.818563   1.049899E-06   1.749782E+09    7.70246E+26   2.182960984E+00  -5.204730E-01   2.674704474E+00
   485   10016.353136   9.725029E-07   1.620801E+09    6.96093E+26   2.182960984E+00  -5.204241E-01   2.674704475E+00
   486   10016.874802   9.008120E-07   1.501328E+09    6.29079E+26   2.182960985E+00  -5.203764E-01   2.674704475E+00
   487   10017.383870   8.344059E-07   1.390661E+09    5.68516E+26   2.182960985E+00  -5.203299E-01   2.674704476E+00
   488   10017.880643   7.728949E-07   1.288152E+09    5.13783E+26   2.182960986E+00  -5.202845E-01   2.674704477E+00
   489   10018.365413   7.159183E-07   1.193198E+09    4.64320E+26   2.182960986E+00  -5.202402E-01   2.674704478E+00
   490   10018.838470   6.631418E-07   1.105244E+09    4.19618E+26   2.182960987E+00  -5.201970E-01   2.674704478E+00
   491   10019.300093   6.142558E-07   1.023772E+09    3.79220E+26   2.182960987E+00  -5.201548E-01   2.674704479E+00
   492   10019.750558   5.689735E-07   9.483066E+08    3.42711E+26   2.182960987E+00  -5.201137E-01   2.674704479E+00
   493   10020.190132   5.270293E-07   8.784035E+08    3.09717E+26   2.182960987E+00  -5.200736E-01   2.674704480E+00
   494   10020.619075   4.881771E-07   8.136530E+08    2.79899E+26   2.182960988E+00  -5.200344E-01   2.674704480E+00
   495   10021.037644   4.521889E-07   7.536754E+08    2.52952E+26   2.182960988E+00  -5.199962E-01   2.674704480E+00
   496   10021.446088   4.188538E-07   6.981189E+08    2.28599E+26   2.182960988E+00  -5.199589E-01   2.674704481E+00
   497   10021.844650   3.879760E-07   6.466576E+08    2.06591E+26   2.182960988E+00  -5.199226E-01   2.674704481E+00
   498   10022.233567   3.593744E-07   5.989896E+08    1.86702E+26   2.182960988E+00  -5.198871E-01   2.674704481E+00
   499   10022.613071   3.328814E-07   5.548354E+08    1.68727E+26   2.182960989E+00  -5.198525E-01   2.674704481E+00
   500   10022.983389   3.083413E-07   5.139359E+08    1.52483E+26   2.182960989E+00  -5.198187E-01   2.674704482E+00
   501   10023.344742   2.856103E-07   4.760512E+08    1.37802E+26   2.182960989E+00  -5.197857E-01   2.674704482E+00
   502   10023.697345   2.645550E-07   4.409591E+08    1.24535E+26   2.182960989E+00  -5.197536E-01   2.674704482E+00
   503   10024.041409   2.450519E-07   4.084538E+08    1.12546E+26   2.182960989E+00  -5.197222E-01   2.674704482E+00
   504   10024.377140   2.269865E-07   3.783446E+08    1.01710E+26   2.182960989E+00  -5.196916E-01   2.674704482E+00
   505   10024.704738   2.102951E-07   3.504899E+08    9.19178E+25   2.182960989E+00  -5.196618E-01   2.674704482E+00
   506   10025.024367   1.956281E-07   3.253387E+08    8.30590E+25   2.182960989E+00  -5.196326E-01   2.674704483E+00
   507   10025.335560   1.819498E-07   3.019906E+08    7.50540E+25   2.182960989E+00  -5.196043E-01   2.674704483E+00
   508   10025.638540   1.688837E-07   2.803011E+08    6.78207E+25   2.182960989E+00  -5.195767E-01   2.674704483E+00
   509   10025.933541   1.567559E-07   2.601693E+08    6.12846E+25   2.182960989E+00  -5.195498E-01   2.674704483E+00
   510   10026.220774   1.454990E-07   2.414834E+08    5.53783E+25   2.182960989E+00  -5.195236E-01   2.674704483E+00
   511   10026.500440   1.350504E-07   2.241396E+08    5.00412E+25   2.182960989E+00  -5.194981E-01   2.674704483E+00
   512   10026.772740   1.253522E-07   2.080414E+08    4.52185E+25   2.182960989E+00  -5.194733E-01   2.674704483E+00
   513   10027.037867   1.163504E-07   1.930993E+08    4.08605E+25   2.182960990E+00  -5.194492E-01   2.674704483E+00
   514   10027.296007   1.080245E-07   1.792858E+08    3.69222E+25   2.182960990E+00  -5.194257E-01   2.674704483E+00
   515   10027.547265   1.003062E-07   1.664824E+08    3.33630E+25   2.182960990E+00  -5.194028E-01   2.674704483E+00
   516   10027.791788   9.313929E-08   1.545934E+08    3.01469E+25   2.182960990E+00  -5.193806E-01   2.674704483E+00
   517   10028.029756   8.648447E-08   1.435534E+08    2.72409E+25   2.182960990E+00  -5.193589E-01   2.674704483E+00
   518   10028.261344   8.030514E-08   1.333018E+08    2.46149E+25   2.182960990E+00  -5.193378E-01   2.674704483E+00
   519   10028.486721   7.456731E-08   1.237823E+08    2.22421E+25   2.182960990E+00  -5.193173E-01   2.674704483E+00
   520   10028.706055   6.925050E-08   1.149606E+08    2.00980E+25   2.182960990E+00  -5.192973E-01   2.674704483E+00
   521   10028.919473   6.434068E-08   1.068129E+08    1.81600E+25   2.182960990E+00  -5.192779E-01   2.674704483E+00
   522   10029.127040   5.977896E-08   9.924271E+07    1.64090E+25   2.182960990E+00  -5.192590E-01   2.674704483E+00
   523   10029.328916   5.554066E-08   9.220901E+07    1.48267E+25   2.182960990E+00  -5.192407E-01   2.674704483E+00
   524   10029.525256   5.160285E-08   8.567381E+07    1.33970E+25   2.182960990E+00  -5.192228E-01   2.674704483E+00
   525   10029.716211   4.794422E-08   7.960178E+07    1.21052E+25   2.182960990E+00  -5.192054E-01   2.674704483E+00
   526   10029.901930   4.454499E-08   7.396009E+07    1.09380E+25   2.182960990E+00  -5.191885E-01   2.674704483E+00
   527   10030.082555   4.141074E-08   6.875448E+07    9.88304E+24   2.182960990E+00  -5.191721E-01   2.674704483E+00
   528   10030.258129   3.850302E-08   6.392429E+07    8.92974E+24   2.182960990E+00  -5.191562E-01   2.674704483E+00
   529   10030.428766   3.579947E-08   5.943344E+07    8.06840E+24   2.182960990E+00  -5.191406E-01   2.674704484E+00
   530   10030.594605   3.328575E-08   5.525807E+07    7.29014E+24   2.182960990E+00  -5.191256E-01   2.674704484E+00
   531   10030.755781   3.094853E-08   5.137603E+07    6.58694E+24   2.182960990E+00  -5.191109E-01   2.674704484E+00
   532   10030.912425   2.877543E-08   4.776671E+07    5.95158E+24   2.182960990E+00  -5.190967E-01   2.674704484E+00
   533   10031.064663   2.675973E-08   4.441941E+07    5.37748E+24   2.182960990E+00  -5.190828E-01   2.674704484E+00
   534   10031.212591   2.489883E-08   4.133055E+07    4.85858E+24   2.182960990E+00  -5.190694E-01   2.674704484E+00
   535   10031.356242   2.316733E-08   3.845648E+07    4.38975E+24   2.182960990E+00  -5.190563E-01   2.674704484E+00
   536   10031.495739   2.155625E-08   3.578227E+07    3.96616E+24   2.182960990E+00  -5.190436E-01   2.674704484E+00
   537   10031.631202   2.005720E-08   3.329402E+07    3.58344E+24   2.182960990E+00  -5.190313E-01   2.674704484E+00
   538   10031.762748   1.866239E-08   3.097879E+07    3.23765E+24   2.182960990E+00  -5.190193E-01   2.674704484E+00
   539   10031.890490   1.736458E-08   2.882456E+07    2.92523E+24   2.182960990E+00  -5.190077E-01   2.674704484E+00
   540   10032.014537   1.616715E-08   2.683695E+07    2.64291E+24   2.182960990E+00  -5.189965E-01   2.674704484E+00
   541   10032.134919   1.505757E-08   2.499517E+07    2.38775E+24   2.182960990E+00  -5.189855E-01   2.674704484E+00
   542   10032.251698   1.402415E-08   2.327978E+07    2.15723E+24   2.182960990E+00  -5.189749E-01   2.674704484E+00
   543   10032.364983   1.306165E-08   2.168212E+07    1.94897E+24   2.182960990E+00  -5.189646E-01   2.674704484E+00
   544   10032.474878   1.216520E-08   2.019410E+07    1.76081E+24   2.182960990E+00  -5.189546E-01   2.674704484E+00
   545   10032.581484   1.133028E-08   1.880821E+07    1.59081E+24   2.182960990E+00  -5.189449E-01   2.674704484E+00
   546   10032.684899   1.055266E-08   1.751742E+07    1.43723E+24   2.182960990E+00  -5.189355E-01   2.674704484E+00
   547   10032.785219   9.837885E-09   1.633195E+07    1.29841E+24   2.182960990E+00  -5.189264E-01   2.674704484E+00
   548   10032.882431   9.172170E-09   1.522785E+07    1.17299E+24   2.182960990E+00  -5.189176E-01   2.674704484E+00
   549   10032.976625   8.551503E-09   1.419840E+07    1.05968E+24   2.182960990E+00  -5.189090E-01   2.674704484E+00
   550   10033.067893   7.972835E-09   1.323854E+07    9.57320E+23   2.182960990E+00  -5.189007E-01   2.674704484E+00
   551   10033.156326   7.433324E-09   1.234357E+07    8.64846E+23   2.182960990E+00  -5.188927E-01   2.674704484E+00
   552   10033.242013   6.930321E-09   1.150910E+07    7.81305E+23   2.182960990E+00  -5.188849E-01   2.674704484E+00
   553   10033.325038   6.462351E-09   1.073255E+07    7.05832E+23   2.182960990E+00  -5.188774E-01   2.674704484E+00
   554   10033.405472   6.031980E-09   1.001747E+07    6.37616E+23   2.182960990E+00  -5.188701E-01   2.674704484E+00
   555   10033.483323   5.630271E-09   9.350032E+06    5.75992E+23   2.182960990E+00  -5.188630E-01   2.674704484E+00
   556   10033.558671   5.255314E-09   8.727064E+06    5.20324E+23   2.182960990E+00  -5.188562E-01   2.674704484E+00
   557   10033.631599   4.905328E-09   8.145602E+06    4.70036E+23   2.182960990E+00  -5.188495E-01   2.674704484E+00
   558   10033.702183   4.578649E-09   7.602882E+06    4.24609E+23   2.182960990E+00  -5.188431E-01   2.674704484E+00
   559   10033.770499   4.273726E-09   7.096321E+06    3.83572E+23   2.182960990E+00  -5.188369E-01   2.674704484E+00
   560   10033.836620   3.990187E-09   6.625301E+06    3.46499E+23   2.182960990E+00  -5.188309E-01   2.674704484E+00
   561   10033.900598   3.728997E-09   6.191426E+06    3.12990E+23   2.182960990E+00  -5.188251E-01   2.674704484E+00
   562   10033.962440   3.484905E-09   5.785964E+06    2.82722E+23   2.182960990E+00  -5.188195E-01   2.674704484E+00
   563   10034.022219   3.256790E-09   5.407055E+06    2.55381E+23   2.182960990E+00  -5.188141E-01   2.674704484E+00
   564   10034.080001   3.043607E-09   5.052960E+06    2.30684E+23   2.182960990E+00  -5.188088E-01   2.674704484E+00
   565   10034.135855   2.844378E-09   4.722053E+06    2.08376E+23   2.182960990E+00  -5.188037E-01   2.674704484E+00
   566   10034.189844   2.658190E-09   4.412816E+06    1.88225E+23   2.182960990E+00  -5.187988E-01   2.674704484E+00
   567   10034.242031   2.484767E-09   4.124813E+06    1.70021E+23   2.182960990E+00  -5.187941E-01   2.674704484E+00
   568   10034.292463   2.325014E-09   3.859620E+06    1.53569E+23   2.182960990E+00  -5.187895E-01   2.674704484E+00
   569   10034.341146   2.175531E-09   3.611476E+06    1.38708E+23   2.182960990E+00  -5.187851E-01   2.674704484E+00
   570   10034.388140   2.035659E-09   3.379285E+06    1.25286E+23   2.182960990E+00  -5.187808E-01   2.674704484E+00
   571   10034.433504   1.904780E-09   3.162023E+06    1.13162E+23   2.182960990E+00  -5.187767E-01   2.674704484E+00
   572   10034.477294   1.782315E-09   2.958729E+06    1.02212E+23   2.182960990E+00  -5.187727E-01   2.674704484E+00
   573   10034.519566   1.667724E-09   2.768505E+06    9.23210E+22   2.182960990E+00  -5.187689E-01   2.674704484E+00
   574   10034.560370   1.560527E-09   2.590555E+06    8.33873E+22   2.182960990E+00  -5.187652E-01   2.674704484E+00
   575   10034.599759   1.461875E-09   2.426770E+06    7.53135E+22   2.182960990E+00  -5.187616E-01   2.674704484E+00
   576   10034.637736   1.369459E-09   2.273340E+06    6.80214E+22   2.182960990E+00  -5.187582E-01   2.674704484E+00
   577   10034.674351   1.282886E-09   2.129610E+06    6.14354E+22   2.182960990E+00  -5.187548E-01   2.674704484E+00
   578   10034.709653   1.201785E-09   1.994968E+06    5.54870E+22   2.182960990E+00  -5.187516E-01   2.674704484E+00
   579   10034.743690   1.125811E-09   1.868838E+06    5.01146E+22   2.182960990E+00  -5.187485E-01   2.674704484E+00
   580   10034.776506   1.054641E-09   1.750682E+06    4.52624E+22   2.182960990E+00  -5.187456E-01   2.674704484E+00
   581   10034.808146   9.879690E-10   1.639997E+06    4.08799E+22   2.182960990E+00  -5.187427E-01   2.674704484E+00
   582   10034.838652   9.262715E-10   1.537608E+06    3.69206E+22   2.182960990E+00  -5.187399E-01   2.674704484E+00
