       6     564     316     396

     EOS file :  /Users/dany/Work/NStar/eos/v14/APR_EOS_Acc_Pd.dat           

  step        radius       baryon#       density        pressure       encl. mass            phi     encl. bar. mass 
                (m)        (#/fm3)       (g/cm3)        (dyn/cm2)      (sol. mass)                     (sol. mass)   

     0       0.000000   5.447682E-01   9.926058E+14    1.45558E+35   0.000000000E+00  -4.709551E-01   0.000000000E+00
     1       1.000000   5.447682E-01   9.926058E+14    1.45558E+35   2.090406051E-12  -4.709551E-01   1.921376298E-12
     2       1.033333   5.447682E-01   9.926058E+14    1.45558E+35   2.306492096E-12  -4.709551E-01   2.119989676E-12
     3       1.067778   5.447682E-01   9.926058E+14    1.45558E+35   2.544915035E-12  -4.709551E-01   2.339133792E-12
     4       1.103370   5.447682E-01   9.926058E+14    1.45558E+35   2.807983842E-12  -4.709551E-01   2.580930915E-12
     5       1.140149   5.447682E-01   9.926058E+14    1.45558E+35   3.098246167E-12  -4.709551E-01   2.847722697E-12
     6       1.178154   5.447682E-01   9.926058E+14    1.45558E+35   3.418513017E-12  -4.709551E-01   3.142092843E-12
     7       1.217426   5.447682E-01   9.926058E+14    1.45558E+35   3.771885967E-12  -4.709551E-01   3.466892139E-12
     8       1.258007   5.447682E-01   9.926058E+14    1.45558E+35   4.161787210E-12  -4.709551E-01   3.825266058E-12
     9       1.299941   5.447682E-01   9.926058E+14    1.45558E+35   4.591992688E-12  -4.709551E-01   4.220685221E-12
    10       1.343272   5.447682E-01   9.926058E+14    1.45558E+35   5.066668663E-12  -4.709551E-01   4.656979009E-12
    11       1.388048   5.447682E-01   9.926058E+14    1.45558E+35   5.590412069E-12  -4.709551E-01   5.138372645E-12
    12       1.434316   5.447682E-01   9.926058E+14    1.45558E+35   6.168295022E-12  -4.709551E-01   5.669528118E-12
    13       1.482126   5.447682E-01   9.926058E+14    1.45558E+35   6.805913948E-12  -4.709551E-01   6.255589328E-12
    14       1.531531   5.447681E-01   9.926058E+14    1.45558E+35   7.509443776E-12  -4.709551E-01   6.902231900E-12
    15       1.582582   5.447681E-01   9.926058E+14    1.45558E+35   8.285697739E-12  -4.709551E-01   7.615718151E-12
    16       1.635334   5.447681E-01   9.926058E+14    1.45558E+35   9.142193359E-12  -4.709551E-01   8.402957738E-12
    17       1.689846   5.447681E-01   9.926058E+14    1.45558E+35   1.008722524E-11  -4.709551E-01   9.271574568E-12
    18       1.746174   5.447681E-01   9.926058E+14    1.45558E+35   1.112994542E-11  -4.709551E-01   1.022998064E-11
    19       1.804380   5.447681E-01   9.926058E+14    1.45558E+35   1.228045196E-11  -4.709551E-01   1.128745749E-11
    20       1.864526   5.447681E-01   9.926058E+14    1.45558E+35   1.354988678E-11  -4.709551E-01   1.245424612E-11
    21       1.926676   5.447681E-01   9.926058E+14    1.45558E+35   1.495054354E-11  -4.709551E-01   1.374164611E-11
    22       1.990899   5.447681E-01   9.926058E+14    1.45558E+35   1.649598669E-11  -4.709551E-01   1.516212511E-11
    23       2.057262   5.447681E-01   9.926058E+14    1.45558E+35   1.820118287E-11  -4.709551E-01   1.672943953E-11
    24       2.125838   5.447681E-01   9.926058E+14    1.45558E+35   2.008264579E-11  -4.709551E-01   1.845876782E-11
    25       2.196699   5.447681E-01   9.926058E+14    1.45558E+35   2.215859622E-11  -4.709551E-01   2.036685740E-11
    26       2.269922   5.447681E-01   9.926058E+14    1.45558E+35   2.444913839E-11  -4.709551E-01   2.247218690E-11
    27       2.345586   5.447681E-01   9.926058E+14    1.45558E+35   2.697645473E-11  -4.709551E-01   2.479514506E-11
    28       2.423772   5.447681E-01   9.926058E+14    1.45558E+35   2.976502067E-11  -4.709551E-01   2.735822825E-11
    29       2.504565   5.447681E-01   9.926058E+14    1.45558E+35   3.284184168E-11  -4.709551E-01   3.018625828E-11
    30       2.588050   5.447681E-01   9.926058E+14    1.45558E+35   3.623671477E-11  -4.709551E-01   3.330662278E-11
    31       2.674319   5.447681E-01   9.926058E+14    1.45558E+35   3.998251711E-11  -4.709551E-01   3.674954049E-11
    32       2.763463   5.447681E-01   9.926058E+14    1.45558E+35   4.411552437E-11  -4.709551E-01   4.054835384E-11
    33       2.855578   5.447681E-01   9.926058E+14    1.45558E+35   4.867576207E-11  -4.709551E-01   4.473985188E-11
    34       2.950764   5.447681E-01   9.926058E+14    1.45558E+35   5.370739315E-11  -4.709551E-01   4.936462657E-11
    35       3.049123   5.447681E-01   9.926058E+14    1.45558E+35   5.925914572E-11  -4.709551E-01   5.446746587E-11
    36       3.150760   5.447681E-01   9.926058E+14    1.45558E+35   6.538478491E-11  -4.709551E-01   6.009778747E-11
    37       3.255786   5.447681E-01   9.926058E+14    1.45558E+35   7.214363357E-11  -4.709551E-01   6.631011742E-11
    38       3.364312   5.447681E-01   9.926058E+14    1.45558E+35   7.960114678E-11  -4.709551E-01   7.316461811E-11
    39       3.476455   5.447681E-01   9.926058E+14    1.45558E+35   8.782954574E-11  -4.709551E-01   8.072767094E-11
    40       3.592337   5.447681E-01   9.926058E+14    1.45558E+35   9.690851716E-11  -4.709551E-01   8.907251920E-11
    41       3.712082   5.447681E-01   9.926058E+14    1.45558E+35   1.069259850E-10  -4.709551E-01   9.827997733E-11
    42       3.835818   5.447681E-01   9.926058E+14    1.45558E+35   1.179789619E-10  -4.709551E-01   1.084392136E-10
    43       3.963678   5.447681E-01   9.926058E+14    1.45558E+35   1.301744888E-10  -4.709551E-01   1.196486137E-10
    44       4.095801   5.447681E-01   9.926057E+14    1.45558E+35   1.436306715E-10  -4.709551E-01   1.320167333E-10
    45       4.232328   5.447681E-01   9.926057E+14    1.45558E+35   1.584778244E-10  -4.709551E-01   1.456633497E-10
    46       4.373405   5.447681E-01   9.926057E+14    1.45558E+35   1.748597324E-10  -4.709551E-01   1.607206214E-10
    47       4.519185   5.447681E-01   9.926057E+14    1.45557E+35   1.929350438E-10  -4.709551E-01   1.773343685E-10
    48       4.669825   5.447681E-01   9.926057E+14    1.45557E+35   2.128788060E-10  -4.709551E-01   1.956654842E-10
    49       4.825486   5.447681E-01   9.926057E+14    1.45557E+35   2.348841616E-10  -4.709551E-01   2.158914934E-10
    50       4.986335   5.447681E-01   9.926057E+14    1.45557E+35   2.591642178E-10  -4.709551E-01   2.382082720E-10
    51       5.152546   5.447681E-01   9.926057E+14    1.45557E+35   2.859541114E-10  -4.709551E-01   2.628319433E-10
    52       5.324298   5.447681E-01   9.926057E+14    1.45557E+35   3.155132848E-10  -4.709551E-01   2.900009716E-10
    53       5.501774   5.447681E-01   9.926057E+14    1.45557E+35   3.481279993E-10  -4.709551E-01   3.199784711E-10
    54       5.685167   5.447681E-01   9.926057E+14    1.45557E+35   3.841141070E-10  -4.709550E-01   3.530547544E-10
    55       5.874672   5.447681E-01   9.926057E+14    1.45557E+35   4.238201098E-10  -4.709550E-01   3.895501436E-10
    56       6.070495   5.447681E-01   9.926056E+14    1.45557E+35   4.676305342E-10  -4.709550E-01   4.298180726E-10
    57       6.272844   5.447681E-01   9.926056E+14    1.45557E+35   5.159696553E-10  -4.709550E-01   4.742485099E-10
    58       6.481939   5.447680E-01   9.926056E+14    1.45557E+35   5.693056056E-10  -4.709550E-01   5.232717352E-10
    59       6.698004   5.447680E-01   9.926056E+14    1.45557E+35   6.281549085E-10  -4.709550E-01   5.773625060E-10
    60       6.921270   5.447680E-01   9.926056E+14    1.45557E+35   6.930874807E-10  -4.709550E-01   6.370446559E-10
    61       7.151979   5.447680E-01   9.926056E+14    1.45557E+35   7.647321509E-10  -4.709550E-01   7.028961671E-10
    62       7.390379   5.447680E-01   9.926055E+14    1.45557E+35   8.437827502E-10  -4.709550E-01   7.755547679E-10
    63       7.636724   5.447680E-01   9.926055E+14    1.45557E+35   9.310048310E-10  -4.709550E-01   8.557241087E-10
    64       7.891282   5.447680E-01   9.926055E+14    1.45557E+35   1.027243081E-09  -4.709550E-01   9.441805763E-10
    65       8.154324   5.447680E-01   9.926055E+14    1.45557E+35   1.133429503E-09  -4.709550E-01   1.041780813E-09
    66       8.426135   5.447680E-01   9.926054E+14    1.45557E+35   1.250592441E-09  -4.709550E-01   1.149470011E-09
    67       8.707006   5.447680E-01   9.926054E+14    1.45557E+35   1.379866539E-09  -4.709549E-01   1.268291069E-09
    68       8.997239   5.447679E-01   9.926054E+14    1.45557E+35   1.522503731E-09  -4.709549E-01   1.399394690E-09
    69       9.297147   5.447679E-01   9.926054E+14    1.45557E+35   1.679885359E-09  -4.709549E-01   1.544050523E-09
    70       9.607052   5.447679E-01   9.926053E+14    1.45557E+35   1.853535559E-09  -4.709549E-01   1.703659462E-09
    71       9.927287   5.447679E-01   9.926053E+14    1.45557E+35   2.045136013E-09  -4.709549E-01   1.879767213E-09
    72      10.258196   5.447679E-01   9.926053E+14    1.45557E+35   2.256542241E-09  -4.709549E-01   2.074079258E-09
    73      10.600135   5.447679E-01   9.926052E+14    1.45557E+35   2.489801567E-09  -4.709549E-01   2.288477379E-09
    74      10.953473   5.447678E-01   9.926052E+14    1.45557E+35   2.747172946E-09  -4.709548E-01   2.525037873E-09
    75      11.318588   5.447678E-01   9.926051E+14    1.45557E+35   3.031148840E-09  -4.709548E-01   2.786051667E-09
    76      11.695874   5.447678E-01   9.926051E+14    1.45557E+35   3.344479358E-09  -4.709548E-01   3.074046499E-09
    77      12.085736   5.447678E-01   9.926050E+14    1.45557E+35   3.690198885E-09  -4.709548E-01   3.391811399E-09
    78      12.488594   5.447677E-01   9.926050E+14    1.45557E+35   4.071655472E-09  -4.709548E-01   3.742423699E-09
    79      12.904879   5.447677E-01   9.926049E+14    1.45557E+35   4.492543253E-09  -4.709547E-01   4.129278832E-09
    80      13.335041   5.447677E-01   9.926049E+14    1.45557E+35   4.956938226E-09  -4.709547E-01   4.556123219E-09
    81      13.779542   5.447677E-01   9.926048E+14    1.45557E+35   5.469337722E-09  -4.709547E-01   5.027090545E-09
    82      14.238859   5.447676E-01   9.926047E+14    1.45557E+35   6.034703957E-09  -4.709547E-01   5.546741792E-09
    83      14.713487   5.447676E-01   9.926046E+14    1.45557E+35   6.658512089E-09  -4.709546E-01   6.120109408E-09
    84      15.203936   5.447675E-01   9.926046E+14    1.45557E+35   7.346803242E-09  -4.709546E-01   6.752746045E-09
    85      15.710733   5.447675E-01   9.926045E+14    1.45557E+35   8.106243000E-09  -4.709546E-01   7.450778327E-09
    86      16.234423   5.447675E-01   9.926044E+14    1.45557E+35   8.944185970E-09  -4.709545E-01   8.220966182E-09
    87      16.775569   5.447674E-01   9.926043E+14    1.45557E+35   9.868746992E-09  -4.709545E-01   9.070768311E-09
    88      17.334753   5.447674E-01   9.926042E+14    1.45557E+35   1.088887973E-08  -4.709544E-01   1.000841441E-08
    89      17.912577   5.447673E-01   9.926041E+14    1.45557E+35   1.201446338E-08  -4.709544E-01   1.104298487E-08
    90      18.509661   5.447673E-01   9.926039E+14    1.45557E+35   1.325639834E-08  -4.709543E-01   1.218449873E-08
    91      19.126648   5.447672E-01   9.926038E+14    1.45557E+35   1.462671177E-08  -4.709543E-01   1.344401066E-08
    92      19.764201   5.447671E-01   9.926037E+14    1.45557E+35   1.613867404E-08  -4.709542E-01   1.483371804E-08
    93      20.423005   5.447671E-01   9.926035E+14    1.45557E+35   1.780692728E-08  -4.709542E-01   1.636707911E-08
    94      21.103769   5.447670E-01   9.926034E+14    1.45556E+35   1.964762714E-08  -4.709541E-01   1.805894324E-08
    95      21.807226   5.447669E-01   9.926032E+14    1.45556E+35   2.167859926E-08  -4.709540E-01   1.992569476E-08
    96      22.534130   5.447668E-01   9.926030E+14    1.45556E+35   2.391951187E-08  -4.709539E-01   2.198541163E-08
    97      23.285265   5.447667E-01   9.926028E+14    1.45556E+35   2.639206628E-08  -4.709539E-01   2.425804049E-08
    98      24.061436   5.447666E-01   9.926026E+14    1.45556E+35   2.912020698E-08  -4.709538E-01   2.676558982E-08
    99      24.863480   5.447665E-01   9.926024E+14    1.45556E+35   3.213035358E-08  -4.709537E-01   2.953234309E-08
   100      25.692258   5.447664E-01   9.926022E+14    1.45556E+35   3.545165658E-08  -4.709536E-01   3.258509387E-08
   101      26.548662   5.447663E-01   9.926019E+14    1.45556E+35   3.911627971E-08  -4.709535E-01   3.595340535E-08
   102      27.433612   5.447662E-01   9.926017E+14    1.45556E+35   4.315971135E-08  -4.709534E-01   3.966989656E-08
   103      28.348060   5.447660E-01   9.926014E+14    1.45556E+35   4.762110820E-08  -4.709533E-01   4.377055828E-08
   104      29.292988   5.447659E-01   9.926011E+14    1.45555E+35   5.254367443E-08  -4.709531E-01   4.829510154E-08
   105      30.269414   5.447657E-01   9.926007E+14    1.45555E+35   5.797508007E-08  -4.709530E-01   5.328734218E-08
   106      31.278386   5.447656E-01   9.926004E+14    1.45555E+35   6.396792260E-08  -4.709529E-01   5.879562512E-08
   107      32.320990   5.447654E-01   9.926000E+14    1.45555E+35   7.058023626E-08  -4.709527E-01   6.487329251E-08
   108      33.398347   5.447652E-01   9.925996E+14    1.45555E+35   7.787605403E-08  -4.709525E-01   7.157920027E-08
   109      34.511614   5.447650E-01   9.925992E+14    1.45555E+35   8.592602760E-08  -4.709524E-01   7.897828800E-08
   110      35.661989   5.447648E-01   9.925988E+14    1.45554E+35   9.480811159E-08  -4.709522E-01   8.714220778E-08
   111      36.850709   5.447646E-01   9.925983E+14    1.45554E+35   1.046083183E-07  -4.709520E-01   9.615001804E-08
   112      38.079052   5.447643E-01   9.925978E+14    1.45554E+35   1.154215505E-07  -4.709518E-01   1.060889490E-07
   113      39.348337   5.447641E-01   9.925972E+14    1.45554E+35   1.273525205E-07  -4.709515E-01   1.170552475E-07
   114      40.659931   5.447638E-01   9.925966E+14    1.45554E+35   1.405167640E-07  -4.709513E-01   1.291551085E-07
   115      42.015242   5.447635E-01   9.925960E+14    1.45553E+35   1.550417585E-07  -4.709510E-01   1.425057041E-07
   116      43.415728   5.447632E-01   9.925953E+14    1.45553E+35   1.710681581E-07  -4.709508E-01   1.572363172E-07
   117      44.862896   5.447629E-01   9.925946E+14    1.45553E+35   1.887511548E-07  -4.709505E-01   1.734895939E-07
   118      46.358299   5.447625E-01   9.925939E+14    1.45552E+35   2.082619812E-07  -4.709502E-01   1.914229244E-07
   119      47.903547   5.447621E-01   9.925931E+14    1.45552E+35   2.297895688E-07  -4.709498E-01   2.112099671E-07
   120      49.500300   5.447617E-01   9.925922E+14    1.45552E+35   2.535423765E-07  -4.709495E-01   2.330423297E-07
   121      51.150274   5.447613E-01   9.925913E+14    1.45551E+35   2.797504095E-07  -4.709491E-01   2.571314244E-07
   122      52.855244   5.447608E-01   9.925903E+14    1.45551E+35   3.086674453E-07  -4.709487E-01   2.837105148E-07
   123      54.617043   5.447603E-01   9.925892E+14    1.45550E+35   3.405734913E-07  -4.709482E-01   3.130369745E-07
   124      56.437563   5.447598E-01   9.925881E+14    1.45550E+35   3.757774949E-07  -4.709478E-01   3.453947785E-07
   125      58.318763   5.447592E-01   9.925869E+14    1.45549E+35   4.146203349E-07  -4.709473E-01   3.810972525E-07
   126      60.262664   5.447586E-01   9.925856E+14    1.45549E+35   4.574781209E-07  -4.709467E-01   4.204901063E-07
   127      62.271356   5.447580E-01   9.925843E+14    1.45548E+35   5.047658344E-07  -4.709462E-01   4.639547806E-07
   128      64.346997   5.447573E-01   9.925828E+14    1.45548E+35   5.569413454E-07  -4.709456E-01   5.119121393E-07
   129      66.491819   5.447565E-01   9.925812E+14    1.45547E+35   6.145098450E-07  -4.709449E-01   5.648265440E-07
   130      68.708128   5.447558E-01   9.925796E+14    1.45546E+35   6.780287348E-07  -4.709442E-01   6.232103485E-07
   131      70.998304   5.447549E-01   9.925778E+14    1.45545E+35   7.481130220E-07  -4.709435E-01   6.876288588E-07
   132      73.364810   5.447540E-01   9.925759E+14    1.45545E+35   8.254412720E-07  -4.709427E-01   7.587058045E-07
   133      75.810189   5.447531E-01   9.925738E+14    1.45544E+35   9.107621755E-07  -4.709419E-01   8.371293761E-07
   134      78.337068   5.447520E-01   9.925717E+14    1.45543E+35   1.004901794E-06  -4.709410E-01   9.236588860E-07
   135      80.948163   5.447509E-01   9.925694E+14    1.45542E+35   1.108771555E-06  -4.709400E-01   1.019132117E-06
   136      83.646281   5.447498E-01   9.925669E+14    1.45541E+35   1.223377069E-06  -4.709390E-01   1.124473430E-06
   137      86.434320   5.447485E-01   9.925642E+14    1.45540E+35   1.349827863E-06  -4.709379E-01   1.240702711E-06
   138      89.315275   5.447472E-01   9.925614E+14    1.45538E+35   1.489348115E-06  -4.709367E-01   1.368945240E-06
   139      92.292243   5.447458E-01   9.925584E+14    1.45537E+35   1.643288498E-06  -4.709355E-01   1.510442576E-06
   140      95.368422   5.447443E-01   9.925552E+14    1.45536E+35   1.813139247E-06  -4.709341E-01   1.666564578E-06
   141      98.547117   5.447426E-01   9.925518E+14    1.45534E+35   2.000544575E-06  -4.709327E-01   1.838822652E-06
   142     101.831742   5.447409E-01   9.925481E+14    1.45533E+35   2.207318578E-06  -4.709312E-01   2.028884377E-06
   143     105.225826   5.447391E-01   9.925442E+14    1.45531E+35   2.435462785E-06  -4.709296E-01   2.238589638E-06
   144     108.733013   5.447371E-01   9.925400E+14    1.45529E+35   2.687185509E-06  -4.709278E-01   2.469968419E-06
   145     112.357073   5.447350E-01   9.925356E+14    1.45527E+35   2.964923211E-06  -4.709260E-01   2.725260448E-06
   146     116.101895   5.447327E-01   9.925308E+14    1.45525E+35   3.271364054E-06  -4.709240E-01   3.006936849E-06
   147     119.971502   5.447303E-01   9.925257E+14    1.45523E+35   3.609473896E-06  -4.709219E-01   3.317724049E-06
   148     123.970049   5.447278E-01   9.925203E+14    1.45521E+35   3.982524968E-06  -4.709196E-01   3.660630137E-06
   149     128.101828   5.447250E-01   9.925145E+14    1.45518E+35   4.394127497E-06  -4.709172E-01   4.038973956E-06
   150     132.371276   5.447221E-01   9.925083E+14    1.45516E+35   4.848264609E-06  -4.709147E-01   4.456417184E-06
   151     136.782976   5.447190E-01   9.925017E+14    1.45513E+35   5.349330818E-06  -4.709119E-01   4.916999738E-06
   152     141.341663   5.447157E-01   9.924946E+14    1.45510E+35   5.902174490E-06  -4.709090E-01   5.425178819E-06
   153     146.052229   5.447121E-01   9.924871E+14    1.45506E+35   6.512144687E-06  -4.709059E-01   5.985871995E-06
   154     150.919728   5.447083E-01   9.924790E+14    1.45503E+35   7.185142834E-06  -4.709025E-01   6.604504716E-06
   155     155.949384   5.447042E-01   9.924704E+14    1.45499E+35   7.927679721E-06  -4.708990E-01   7.287062738E-06
   156     161.146591   5.446999E-01   9.924613E+14    1.45495E+35   8.746938370E-06  -4.708952E-01   8.040149949E-06
   157     166.516924   5.446953E-01   9.924515E+14    1.45491E+35   9.650843384E-06  -4.708911E-01   8.871052153E-06
   158     172.066143   5.446904E-01   9.924410E+14    1.45487E+35   1.064813744E-05  -4.708868E-01   9.787807430E-06
   159     177.800196   5.446851E-01   9.924298E+14    1.45482E+35   1.174846566E-05  -4.708821E-01   1.079928375E-05
   160     183.725231   5.446795E-01   9.924179E+14    1.45477E+35   1.296246867E-05  -4.708772E-01   1.191526458E-05
   161     189.847597   5.446734E-01   9.924052E+14    1.45471E+35   1.430188521E-05  -4.708719E-01   1.314654328E-05
   162     196.173856   5.446670E-01   9.923916E+14    1.45465E+35   1.577966538E-05  -4.708663E-01   1.450502731E-05
   163     202.710784   5.446602E-01   9.923770E+14    1.45459E+35   1.741009542E-05  -4.708602E-01   1.600385303E-05
   164     209.465382   5.446529E-01   9.923615E+14    1.45452E+35   1.920893543E-05  -4.708538E-01   1.765751242E-05
   165     216.444883   5.446450E-01   9.923450E+14    1.45445E+35   2.119357121E-05  -4.708469E-01   1.948199280E-05
   166     223.656757   5.446367E-01   9.923273E+14    1.45438E+35   2.338318162E-05  -4.708396E-01   2.149493091E-05
   167     231.108721   5.446278E-01   9.923085E+14    1.45429E+35   2.579892333E-05  -4.708318E-01   2.371578287E-05
   168     238.808747   5.446183E-01   9.922883E+14    1.45421E+35   2.846413428E-05  -4.708234E-01   2.616601157E-05
   169     246.765069   5.446081E-01   9.922668E+14    1.45411E+35   3.140455828E-05  -4.708145E-01   2.886929329E-05
   170     254.986191   5.445973E-01   9.922438E+14    1.45402E+35   3.464859243E-05  -4.708050E-01   3.185174563E-05
   171     263.480899   5.445857E-01   9.922193E+14    1.45391E+35   3.822756006E-05  -4.707948E-01   3.514217875E-05
   172     272.258264   5.445734E-01   9.921931E+14    1.45380E+35   4.217601154E-05  -4.707840E-01   3.877237240E-05
   173     281.327657   5.445602E-01   9.921652E+14    1.45368E+35   4.653205596E-05  -4.707724E-01   4.277738142E-05
   174     290.698755   5.445461E-01   9.921353E+14    1.45355E+35   5.133772672E-05  -4.707600E-01   4.719587245E-05
   175     300.381554   5.445310E-01   9.921034E+14    1.45341E+35   5.663938448E-05  -4.707468E-01   5.207049523E-05
   176     310.386372   5.445150E-01   9.920694E+14    1.45327E+35   6.248816137E-05  -4.707327E-01   5.744829184E-05
   177     320.723869   5.444978E-01   9.920331E+14    1.45311E+35   6.894045047E-05  -4.707176E-01   6.338114782E-05
   178     331.405048   5.444795E-01   9.919943E+14    1.45294E+35   7.605844531E-05  -4.707015E-01   6.992628944E-05
   179     342.441274   5.444600E-01   9.919529E+14    1.45276E+35   8.391073428E-05  -4.706843E-01   7.714683172E-05
   180     353.844278   5.444391E-01   9.919086E+14    1.45257E+35   9.257295562E-05  -4.706660E-01   8.511238239E-05
   181     365.626174   5.444168E-01   9.918614E+14    1.45237E+35   1.021285191E-04  -4.706464E-01   9.389970745E-05
   182     377.799466   5.443930E-01   9.918110E+14    1.45215E+35   1.126694008E-04  -4.706256E-01   1.035934646E-04
   183     390.377064   5.443676E-01   9.917572E+14    1.45192E+35   1.242970191E-04  -4.706032E-01   1.142870110E-04
   184     403.372293   5.443405E-01   9.916998E+14    1.45167E+35   1.371231985E-04  -4.705794E-01   1.260832939E-04
   185     416.798906   5.443116E-01   9.916384E+14    1.45141E+35   1.512712324E-04  -4.705540E-01   1.390958307E-04
   186     430.671098   5.442806E-01   9.915730E+14    1.45113E+35   1.668770519E-04  -4.705269E-01   1.534497891E-04
   187     445.003518   5.442476E-01   9.915030E+14    1.45083E+35   1.840905132E-04  -4.704979E-01   1.692831767E-04
   188     459.811283   5.442124E-01   9.914284E+14    1.45051E+35   2.030768153E-04  -4.704670E-01   1.867481505E-04
   189     475.109990   5.441748E-01   9.913487E+14    1.45017E+35   2.240180592E-04  -4.704339E-01   2.060124589E-04
   190     490.915730   5.441347E-01   9.912637E+14    1.44980E+35   2.471149643E-04  -4.703987E-01   2.272610292E-04
   191     507.245104   5.440918E-01   9.911729E+14    1.44941E+35   2.725887567E-04  -4.703611E-01   2.506977148E-04
   192     524.115233   5.440460E-01   9.910760E+14    1.44899E+35   3.006832463E-04  -4.703209E-01   2.765472176E-04
   193     541.543777   5.439972E-01   9.909725E+14    1.44855E+35   3.316671104E-04  -4.702780E-01   3.050572043E-04
   194     559.548945   5.439451E-01   9.908620E+14    1.44807E+35   3.658364061E-04  -4.702323E-01   3.365006328E-04
   195     578.149513   5.438894E-01   9.907441E+14    1.44757E+35   4.035173298E-04  -4.701834E-01   3.711783124E-04
   196     597.364837   5.438300E-01   9.906183E+14    1.44703E+35   4.450692517E-04  -4.701313E-01   4.094217182E-04
   197     617.214867   5.437666E-01   9.904839E+14    1.44645E+35   4.908880483E-04  -4.700756E-01   4.515960849E-04
   198     637.720163   5.436989E-01   9.903405E+14    1.44584E+35   5.414097630E-04  -4.700163E-01   4.981038080E-04
   199     658.901909   5.436266E-01   9.901875E+14    1.44518E+35   5.971146249E-04  -4.699529E-01   5.493881796E-04
   200     680.781928   5.435495E-01   9.900241E+14    1.44448E+35   6.585314605E-04  -4.698852E-01   6.059374933E-04
   201     703.382697   5.434671E-01   9.898497E+14    1.44373E+35   7.262425327E-04  -4.698130E-01   6.682895505E-04
   202     726.727358   5.433793E-01   9.896636E+14    1.44293E+35   8.008888493E-04  -4.697360E-01   7.370366079E-04
   203     750.839738   5.432855E-01   9.894650E+14    1.44208E+35   8.831759813E-04  -4.696538E-01   8.128308069E-04
   204     775.744355   5.431854E-01   9.892531E+14    1.44118E+35   9.738804395E-04  -4.695661E-01   8.963901276E-04
   205     801.466439   5.430786E-01   9.890269E+14    1.44021E+35   1.073856657E-03  -4.694725E-01   9.885049192E-04
   206     828.031938   5.429646E-01   9.887855E+14    1.43917E+35   1.184044634E-03  -4.693726E-01   1.090045056E-03
   207     855.467534   5.428430E-01   9.885279E+14    1.43807E+35   1.305478301E-03  -4.692661E-01   1.201967775E-03
   208     883.800652   5.427132E-01   9.882531E+14    1.43690E+35   1.439294662E-03  -4.691524E-01   1.325326264E-03
   209     913.059472   5.425747E-01   9.879598E+14    1.43565E+35   1.586743787E-03  -4.690311E-01   1.461279047E-03
   210     943.272935   5.424270E-01   9.876469E+14    1.43431E+35   1.749199720E-03  -4.689018E-01   1.611100263E-03
   211     974.470755   5.422693E-01   9.873131E+14    1.43289E+35   1.928172383E-03  -4.687638E-01   1.776190892E-03
   212    1006.683422   5.421011E-01   9.869570E+14    1.43137E+35   2.125320553E-03  -4.686166E-01   1.958091014E-03
   213    1039.942207   5.419217E-01   9.865771E+14    1.42975E+35   2.342465995E-03  -4.684597E-01   2.158493199E-03
   214    1074.279168   5.417303E-01   9.861719E+14    1.42803E+35   2.581608848E-03  -4.682923E-01   2.379257101E-03
   215    1109.727145   5.415261E-01   9.857397E+14    1.42619E+35   2.844944339E-03  -4.681139E-01   2.622425362E-03
   216    1146.319764   5.413083E-01   9.852787E+14    1.42423E+35   3.134880946E-03  -4.679236E-01   2.890240928E-03
   217    1184.091427   5.410760E-01   9.847871E+14    1.42214E+35   3.454060090E-03  -4.677207E-01   3.185165882E-03
   218    1223.077311   5.408283E-01   9.842629E+14    1.41992E+35   3.805377469E-03  -4.675045E-01   3.509901901E-03
   219    1263.313349   5.405642E-01   9.837039E+14    1.41755E+35   4.192006129E-03  -4.672740E-01   3.867412457E-03
   220    1304.836222   5.402826E-01   9.831079E+14    1.41503E+35   4.617421389E-03  -4.670283E-01   4.260946879E-03
   221    1347.683336   5.399823E-01   9.824729E+14    1.41234E+35   5.085427738E-03  -4.667666E-01   4.694066398E-03
   222    1391.892790   5.396622E-01   9.818004E+14    1.40948E+35   5.600188912E-03  -4.664877E-01   5.170672163E-03
   223    1437.503167   5.393210E-01   9.810836E+14    1.40644E+35   6.166255618E-03  -4.661905E-01   5.695033496E-03
   224    1484.553875   5.389574E-01   9.803197E+14    1.40320E+35   6.788602012E-03  -4.658740E-01   6.271824535E-03
   225    1533.084918   5.385698E-01   9.795058E+14    1.39976E+35   7.472660307E-03  -4.655370E-01   6.906157577E-03
   226    1583.136846   5.381569E-01   9.786386E+14    1.39609E+35   8.224358759E-03  -4.651781E-01   7.603620778E-03
   227    1634.750706   5.377169E-01   9.777148E+14    1.39220E+35   9.050162065E-03  -4.647961E-01   8.370318521E-03
   228    1687.967970   5.372483E-01   9.767309E+14    1.38806E+35   9.957114188E-03  -4.643894E-01   9.212914501E-03
   229    1742.830470   5.367491E-01   9.756831E+14    1.38365E+35   1.095288360E-02  -4.639567E-01   1.013867760E-02
   230    1799.380311   5.362176E-01   9.745674E+14    1.37898E+35   1.204581089E-02  -4.634962E-01   1.115553062E-02
   231    1857.659782   5.356517E-01   9.733798E+14    1.37401E+35   1.324495865E-02  -4.630065E-01   1.227210174E-02
   232    1917.711247   5.350493E-01   9.721158E+14    1.36874E+35   1.456016344E-02  -4.624858E-01   1.349777889E-02
   233    1979.577034   5.344081E-01   9.707707E+14    1.36314E+35   1.600208971E-02  -4.619322E-01   1.484276667E-02
   234    2043.299303   5.337259E-01   9.693398E+14    1.35720E+35   1.758228528E-02  -4.613438E-01   1.631814593E-02
   235    2108.919901   5.330001E-01   9.678179E+14    1.35091E+35   1.931323803E-02  -4.607186E-01   1.793593553E-02
   236    2176.480208   5.322283E-01   9.661997E+14    1.34423E+35   2.120843341E-02  -4.600547E-01   1.970915622E-02
   237    2246.020957   5.314075E-01   9.644794E+14    1.33716E+35   2.328241197E-02  -4.593497E-01   2.165189605E-02
   238    2317.582049   5.305351E-01   9.626512E+14    1.32968E+35   2.555082642E-02  -4.586014E-01   2.377937688E-02
   239    2391.202340   5.296085E-01   9.607142E+14    1.32175E+35   2.803049945E-02  -4.578076E-01   2.610802169E-02
   240    2466.919010   5.286248E-01   9.586647E+14    1.31337E+35   3.073948607E-02  -4.569657E-01   2.865551068E-02
   241    2544.767519   5.275801E-01   9.564887E+14    1.30451E+35   3.369708456E-02  -4.560734E-01   3.144084349E-02
   242    2624.782083   5.264709E-01   9.541793E+14    1.29516E+35   3.692392031E-02  -4.551278E-01   3.448442976E-02
   243    2706.994839   5.252939E-01   9.517293E+14    1.28528E+35   4.044197002E-02  -4.541265E-01   3.780813197E-02
   244    2791.435535   5.240453E-01   9.491311E+14    1.27485E+35   4.427459043E-02  -4.530667E-01   4.143531873E-02
   245    2878.131203   5.227212E-01   9.463771E+14    1.26387E+35   4.844653629E-02  -4.519456E-01   4.539091096E-02
   246    2967.105807   5.213178E-01   9.434591E+14    1.25230E+35   5.298396537E-02  -4.507603E-01   4.970141872E-02
   247    3058.379875   5.198311E-01   9.403710E+14    1.24012E+35   5.791442976E-02  -4.495080E-01   5.439496651E-02
   248    3151.969900   5.182567E-01   9.371196E+14    1.22732E+35   6.326689486E-02  -4.481857E-01   5.950129333E-02
   249    3247.886665   5.165905E-01   9.336799E+14    1.21387E+35   6.907154545E-02  -4.467906E-01   6.505166729E-02
   250    3346.137841   5.148280E-01   9.300431E+14    1.19976E+35   7.535984906E-02  -4.453198E-01   7.107902353E-02
   251    3446.725966   5.129647E-01   9.262003E+14    1.18497E+35   8.216441062E-02  -4.437702E-01   7.761783598E-02
   252    3549.647997   5.109961E-01   9.221425E+14    1.16948E+35   8.951883991E-02  -4.421392E-01   8.470403988E-02
   253    3654.894838   5.089161E-01   9.178697E+14    1.15329E+35   9.745760062E-02  -4.404238E-01   9.237491927E-02
   254    3762.449803   5.067200E-01   9.133730E+14    1.13637E+35   1.060158334E-01  -4.386215E-01   1.006688488E-01
   255    3872.289192   5.044044E-01   9.086347E+14    1.11873E+35   1.152289551E-01  -4.367296E-01   1.096252374E-01
   256    3984.382766   5.019648E-01   9.036456E+14    1.10035E+35   1.251325464E-01  -4.347458E-01   1.192843632E-01
   257    4098.692330   4.993971E-01   8.984047E+14    1.08123E+35   1.357619799E-01  -4.326678E-01   1.296870348E-01
   258    4215.170287   4.966988E-01   8.929226E+14    1.06137E+35   1.471522065E-01  -4.304936E-01   1.408742187E-01
   259    4333.757764   4.938628E-01   8.871653E+14    1.04079E+35   1.593367937E-01  -4.282216E-01   1.528864331E-01
   260    4454.389843   4.908850E-01   8.811245E+14    1.01947E+35   1.723479941E-01  -4.258503E-01   1.657638679E-01
   261    4576.991993   4.877587E-01   8.748116E+14    9.97451E+34   1.862161785E-01  -4.233787E-01   1.795456187E-01
   262    4701.477184   4.844813E-01   8.682089E+14    9.74735E+34   2.009690891E-01  -4.208060E-01   1.942688176E-01
   263    4827.749606   4.810501E-01   8.613026E+14    9.51348E+34   2.166312379E-01  -4.181319E-01   2.099685893E-01
   264    4955.704103   4.774610E-01   8.541124E+14    9.27318E+34   2.332236906E-01  -4.153567E-01   2.266773487E-01
   265    5085.221334   4.737113E-01   8.466195E+14    9.02678E+34   2.507630338E-01  -4.124810E-01   2.444234831E-01
   266    5216.173442   4.697989E-01   8.388109E+14    8.77468E+34   2.692606892E-01  -4.095061E-01   2.632314186E-01
   267    5348.423446   4.657194E-01   8.307158E+14    8.51729E+34   2.887230612E-01  -4.064338E-01   2.831207732E-01
   268    5481.819208   4.614735E-01   8.222991E+14    8.25513E+34   3.091496199E-01  -4.032666E-01   3.041047194E-01
   269    5616.203732   4.570566E-01   8.135827E+14    7.98874E+34   3.305336535E-01  -4.000074E-01   3.261907523E-01
   270    5751.406921   4.524699E-01   8.045566E+14    7.71871E+34   3.528611347E-01  -3.966600E-01   3.493785082E-01
   271    5887.251437   4.477127E-01   7.952244E+14    7.44568E+34   3.761101081E-01  -3.932288E-01   3.736602313E-01
   272    6023.551352   4.427854E-01   7.855910E+14    7.17033E+34   4.002511431E-01  -3.897187E-01   3.990194790E-01
   273    6160.113074   4.376887E-01   7.756601E+14    6.89339E+34   4.252460418E-01  -3.861355E-01   4.254310315E-01
   274    6296.736706   4.324240E-01   7.654410E+14    6.61560E+34   4.510489804E-01  -3.824854E-01   4.528600076E-01
   275    6433.216432   4.269933E-01   7.549418E+14    6.33774E+34   4.776052543E-01  -3.787754E-01   4.812620999E-01
   276    6569.342213   4.214016E-01   7.441685E+14    6.06060E+34   5.048527259E-01  -3.750130E-01   5.105828418E-01
   277    6704.901689   4.156469E-01   7.331290E+14    5.78498E+34   5.327210438E-01  -3.712062E-01   5.407584218E-01
   278    6839.681532   4.097419E-01   7.218283E+14    5.51168E+34   5.611329238E-01  -3.673634E-01   5.717153411E-01
   279    6973.469730   4.036810E-01   7.102905E+14    5.24148E+34   5.900048420E-01  -3.634936E-01   6.033714565E-01
   280    7106.053947   3.974786E-01   6.985212E+14    4.97515E+34   6.192472052E-01  -3.596059E-01   6.356358401E-01
   281    7237.226644   3.911381E-01   6.865392E+14    4.71343E+34   6.487662152E-01  -3.557098E-01   6.684097426E-01
   282    7366.784424   3.846585E-01   6.743435E+14    4.45704E+34   6.784638162E-01  -3.518148E-01   7.015880333E-01
   283    7494.533460   3.780583E-01   6.619603E+14    4.20663E+34   7.082400529E-01  -3.479304E-01   7.350606301E-01
   284    7620.286156   3.713397E-01   6.494106E+14    3.96281E+34   7.379937458E-01  -3.440662E-01   7.687127433E-01
   285    7743.863610   3.645034E-01   6.366934E+14    3.72613E+34   7.676233402E-01  -3.402317E-01   8.024269410E-01
   286    7865.101146   3.575689E-01   6.238346E+14    3.49710E+34   7.970291264E-01  -3.364358E-01   8.360851473E-01
   287    7983.844595   3.505420E-01   6.108508E+14    3.27613E+34   8.261134403E-01  -3.326873E-01   8.695688233E-01
   288    8099.953148   3.434188E-01   5.977504E+14    3.06358E+34   8.547827619E-01  -3.289945E-01   9.027619861E-01
   289    8213.301721   3.362232E-01   5.845589E+14    2.85973E+34   8.829489584E-01  -3.253653E-01   9.355526702E-01
   290    8323.778365   3.289654E-01   5.712948E+14    2.66480E+34   9.105284597E-01  -3.218068E-01   9.678319825E-01
   291    8431.286290   3.216397E-01   5.579540E+14    2.47894E+34   9.374447406E-01  -3.183256E-01   9.994981313E-01
   292    8535.748151   3.057211E-01   5.289989E+14    2.30633E+34   9.629971557E-01  -3.149286E-01   1.029743847E+00
   293    8640.151742   2.986310E-01   5.161588E+14    2.13859E+34   9.884204526E-01  -3.115230E-01   1.059985101E+00
   294    8741.315867   2.915227E-01   5.033353E+14    1.97999E+34   1.013028507E+00  -3.082147E-01   1.089389549E+00
   295    8839.200017   2.844022E-01   4.905331E+14    1.83042E+34   1.036775181E+00  -3.050073E-01   1.117887820E+00
   296    8933.779898   2.772905E-01   4.777831E+14    1.68971E+34   1.059622746E+00  -3.019036E-01   1.145420326E+00
   297    9025.041967   2.701965E-01   4.651011E+14    1.55765E+34   1.081540644E+00  -2.989061E-01   1.171935840E+00
   298    9112.985904   2.631064E-01   4.524770E+14    1.43400E+34   1.102507089E+00  -2.960162E-01   1.197394083E+00
   299    9197.628366   2.560557E-01   4.399501E+14    1.31846E+34   1.122509244E+00  -2.932348E-01   1.221766087E+00
   300    9278.992662   2.490547E-01   4.275388E+14    1.21075E+34   1.141539452E+00  -2.905623E-01   1.245029842E+00
   301    9357.112371   2.420893E-01   4.152300E+14    1.11053E+34   1.159597715E+00  -2.879984E-01   1.267173265E+00
   302    9432.035632   2.351862E-01   4.030652E+14    1.01748E+34   1.176691849E+00  -2.855424E-01   1.288194581E+00
   303    9503.813932   2.283635E-01   3.910666E+14    9.31222E+33   1.192834020E+00  -2.831930E-01   1.308098014E+00
   304    9572.504939   2.216135E-01   3.792204E+14    8.51426E+33   1.208040893E+00  -2.809488E-01   1.326894644E+00
   305    9638.177898   2.149449E-01   3.675464E+14    7.77724E+33   1.222335244E+00  -2.788077E-01   1.344603961E+00
   306    9700.906109   2.020427E-01   3.450053E+14    7.10108E+33   1.235672257E+00  -2.767673E-01   1.361163993E+00
   307    9762.676745   1.787376E-01   3.043861E+14    6.50903E+33   1.247530279E+00  -2.747644E-01   1.375941373E+00
   308    9827.561645   1.732091E-01   2.947820E+14    5.93119E+33   1.259313648E+00  -2.726697E-01   1.390660408E+00
   309    9889.458075   1.678056E-01   2.854077E+14    5.40067E+33   1.270339629E+00  -2.706810E-01   1.404453215E+00
   310    9948.443695   1.625265E-01   2.762640E+14    4.91418E+33   1.280636847E+00  -2.687949E-01   1.417351217E+00
   311   10004.600207   1.573666E-01   2.673430E+14    4.46860E+33   1.290235481E+00  -2.670078E-01   1.429388679E+00
   312   10058.014339   1.523278E-01   2.586462E+14    4.06093E+33   1.299166680E+00  -2.653161E-01   1.440601017E+00
   313   10108.775224   1.474004E-01   2.501571E+14    3.68833E+33   1.307462671E+00  -2.637160E-01   1.451026045E+00
   314   10156.976876   1.425881E-01   2.418800E+14    3.34812E+33   1.315155543E+00  -2.622036E-01   1.460701297E+00
   315   10202.713797   1.378865E-01   2.338019E+14    3.03776E+33   1.322278341E+00  -2.607752E-01   1.469666451E+00
   316   10246.083014   1.332920E-01   2.259174E+14    2.75490E+33   1.328862715E+00  -2.594269E-01   1.477959521E+00
   317   10287.182704   1.288305E-01   2.182658E+14    2.49728E+33   1.334941570E+00  -2.581548E-01   1.485620613E+00
   318   10326.102637   1.244993E-01   2.108453E+14    2.26282E+33   1.340546148E+00  -2.569555E-01   1.492687873E+00
   319   10362.931902   1.202977E-01   2.036498E+14    2.04959E+33   1.345706749E+00  -2.558255E-01   1.499198549E+00
   320   10397.759237   1.161725E-01   1.965932E+14    1.85583E+33   1.350451789E+00  -2.547613E-01   1.505187660E+00
   321   10430.686510   1.121720E-01   1.897528E+14    1.67984E+33   1.354810461E+00  -2.537593E-01   1.510691340E+00
   322   10461.799515   1.082388E-01   1.830362E+14    1.52009E+33   1.358809608E+00  -2.528163E-01   1.515742928E+00
   323   10491.196507   1.043631E-01   1.764273E+14    1.37522E+33   1.362473625E+00  -2.519287E-01   1.520372562E+00
   324   10518.975906   1.006166E-01   1.700410E+14    1.24383E+33   1.365829099E+00  -2.510930E-01   1.524613458E+00
   325   10545.213348   9.685311E-02   1.636326E+14    1.12479E+33   1.368897290E+00  -2.503066E-01   1.528492182E+00
   326   10570.019929   9.319525E-02   1.574068E+14    1.01696E+33   1.371701579E+00  -2.495657E-01   1.532038015E+00
   327   10593.470603   8.951010E-02   1.511350E+14    9.19298E+32   1.374262539E+00  -2.488677E-01   1.535276799E+00
   328   10615.670391   8.456560E-02   1.427097E+14    8.31639E+32   1.376579677E+00  -2.482090E-01   1.538208147E+00
   329   10637.047783   7.988695E-02   1.347416E+14    7.52217E+32   1.378695160E+00  -2.475769E-01   1.540885456E+00
   330   10657.628469   7.546083E-02   1.272077E+14    6.80279E+32   1.380625611E+00  -2.469702E-01   1.543329522E+00
   331   10677.437701   7.127445E-02   1.200857E+14    6.15138E+32   1.382386403E+00  -2.463882E-01   1.545559603E+00
   332   10696.500269   6.731556E-02   1.133544E+14    5.56165E+32   1.383991740E+00  -2.458299E-01   1.547593512E+00
   333   10714.840486   6.357245E-02   1.069934E+14    5.02788E+32   1.385454730E+00  -2.452944E-01   1.549447705E+00
   334   10732.482169   6.003390E-02   1.009833E+14    4.54486E+32   1.386787458E+00  -2.447809E-01   1.551137365E+00
   335   10749.448625   5.668921E-02   9.530548E+13    4.10785E+32   1.388001054E+00  -2.442885E-01   1.552676489E+00
   336   10765.762642   5.352819E-02   8.994239E+13    3.71253E+32   1.389105761E+00  -2.438165E-01   1.554077964E+00
   337   10781.446478   5.054111E-02   8.487716E+13    3.35499E+32   1.390110992E+00  -2.433640E-01   1.555353646E+00
   338   10796.521851   4.771870E-02   8.009377E+13    3.03165E+32   1.391025398E+00  -2.429303E-01   1.556514431E+00
   339   10811.009943   4.505217E-02   7.557701E+13    2.73929E+32   1.391856915E+00  -2.425146E-01   1.557570325E+00
   340   10824.931386   4.253313E-02   7.131241E+13    2.47496E+32   1.392612823E+00  -2.421163E-01   1.558530509E+00
   341   10838.306267   4.015364E-02   6.728624E+13    2.23602E+32   1.393299795E+00  -2.417346E-01   1.559403403E+00
   342   10851.154127   3.790613E-02   6.348547E+13    2.02004E+32   1.393923940E+00  -2.413688E-01   1.560196717E+00
   343   10863.493962   3.578345E-02   5.989774E+13    1.82483E+32   1.394490851E+00  -2.410184E-01   1.560917513E+00
   344   10875.344223   3.377878E-02   5.651132E+13    1.64841E+32   1.395005642E+00  -2.406827E-01   1.561572254E+00
   345   10886.722826   3.188568E-02   5.331512E+13    1.48899E+32   1.395472991E+00  -2.403612E-01   1.562166846E+00
   346   10897.647150   3.009805E-02   5.029862E+13    1.34493E+32   1.395897167E+00  -2.400531E-01   1.562706691E+00
   347   10908.134048   2.841008E-02   4.745186E+13    1.21477E+32   1.396282073E+00  -2.397581E-01   1.563196718E+00
   348   10918.199851   2.681630E-02   4.476542E+13    1.09718E+32   1.396631268E+00  -2.394754E-01   1.563641432E+00
   349   10927.860376   2.531152E-02   4.223037E+13    9.90934E+31   1.396947999E+00  -2.392048E-01   1.564044941E+00
   350   10937.130936   2.389082E-02   3.983827E+13    8.94956E+31   1.397235228E+00  -2.389455E-01   1.564410991E+00
   351   10946.026347   2.244192E-02   3.740988E+13    8.08319E+31   1.397495458E+00  -2.386972E-01   1.564742738E+00
   352   10954.600598   2.092753E-02   3.488593E+13    7.30441E+31   1.397730205E+00  -2.384584E-01   1.565041970E+00
   353   10962.926458   1.951508E-02   3.253183E+13    6.60054E+31   1.397943101E+00  -2.382268E-01   1.565313293E+00
   354   10971.010608   1.819629E-02   3.033368E+13    5.96440E+31   1.398136151E+00  -2.380024E-01   1.565559276E+00
   355   10978.860248   1.694091E-02   2.823858E+13    5.38995E+31   1.398311045E+00  -2.377849E-01   1.565782092E+00
   356   10986.494555   1.577197E-02   2.628791E+13    4.87076E+31   1.398469615E+00  -2.375737E-01   1.565984093E+00
   357   10993.919027   1.466384E-02   2.443918E+13    4.40162E+31   1.398613340E+00  -2.373686E-01   1.566167165E+00
   358   11001.148821   1.360817E-02   2.267854E+13    3.97820E+31   1.398743448E+00  -2.371693E-01   1.566332874E+00
   359   11008.202642   1.262839E-02   2.104457E+13    3.59547E+31   1.398861398E+00  -2.369751E-01   1.566483080E+00
   360   11015.084467   1.171487E-02   1.952192E+13    3.24955E+31   1.398968310E+00  -2.367859E-01   1.566619214E+00
   361   11021.800387   1.086003E-02   1.809843E+13    2.93701E+31   1.399065175E+00  -2.366015E-01   1.566742530E+00
   362   11028.358344   1.006750E-02   1.677863E+13    2.65450E+31   1.399152971E+00  -2.364218E-01   1.566854275E+00
   363   11034.761799   9.325529E-03   1.554255E+13    2.39919E+31   1.399232529E+00  -2.362466E-01   1.566955515E+00
   364   11041.019233   8.630313E-03   1.438385E+13    2.16858E+31   1.399304575E+00  -2.360755E-01   1.567047180E+00
   365   11047.139998   7.986885E-03   1.331147E+13    1.96013E+31   1.399369867E+00  -2.359085E-01   1.567130239E+00
   366   11053.126877   7.382311E-03   1.230385E+13    1.77181E+31   1.399429001E+00  -2.357453E-01   1.567205454E+00
   367   11058.990133   6.822173E-03   1.137029E+13    1.60159E+31   1.399482580E+00  -2.355858E-01   1.567273591E+00
   368   11064.733332   6.298921E-03   1.049830E+13    1.44775E+31   1.399531121E+00  -2.354297E-01   1.567335314E+00
   369   11070.363803   5.811516E-03   9.686113E+12    1.30877E+31   1.399575078E+00  -2.352768E-01   1.567391198E+00
   370   11075.887970   5.247225E-03   8.745709E+12    1.18357E+31   1.399614769E+00  -2.351270E-01   1.567441651E+00
   371   11081.427948   4.762081E-03   7.937028E+12    1.07125E+31   1.399650453E+00  -2.349770E-01   1.567487003E+00
   372   11086.960276   4.363169E-03   7.272053E+12    9.68763E+30   1.399683090E+00  -2.348274E-01   1.567528479E+00
   373   11092.427946   3.997664E-03   6.662774E+12    8.76075E+30   1.399712674E+00  -2.346798E-01   1.567566069E+00
   374   11097.831628   3.650270E-03   6.083783E+12    7.92393E+30   1.399739442E+00  -2.345340E-01   1.567600077E+00
   375   11103.191122   3.332908E-03   5.554848E+12    7.16706E+30   1.399763707E+00  -2.343896E-01   1.567630900E+00
   376   11108.506987   3.036921E-03   5.061755E+12    6.48284E+30   1.399785691E+00  -2.342465E-01   1.567658823E+00
   377   11113.790362   2.763606E-03   4.606544E+12    5.86461E+30   1.399805599E+00  -2.341046E-01   1.567684102E+00
   378   11119.048705   2.475778E-03   4.126860E+12    5.30685E+30   1.399823598E+00  -2.339634E-01   1.567706953E+00
   379   11124.366453   2.187580E-03   3.646359E+12    4.80818E+30   1.399839724E+00  -2.338208E-01   1.567727424E+00
   380   11129.825971   1.805874E-03   3.009455E+12    4.37318E+30   1.399853822E+00  -2.336746E-01   1.567745320E+00
   381   11135.849200   1.606405E-03   2.677007E+12    3.96089E+30   1.399867214E+00  -2.335136E-01   1.567762319E+00
   382   11141.990471   1.425668E-03   2.375693E+12    3.58760E+30   1.399879368E+00  -2.333496E-01   1.567777746E+00
   383   11148.267219   1.260717E-03   2.100581E+12    3.25039E+30   1.399890376E+00  -2.331822E-01   1.567791716E+00
   384   11154.707909   1.110615E-03   1.850523E+12    2.94525E+30   1.399900363E+00  -2.330107E-01   1.567804388E+00
   385   11161.342161   9.757255E-04   1.625932E+12    2.66921E+30   1.399909420E+00  -2.328343E-01   1.567815879E+00
   386   11168.195298   8.540309E-04   1.423361E+12    2.41959E+30   1.399917634E+00  -2.326524E-01   1.567826296E+00
   387   11175.302484   7.456764E-04   1.242794E+12    2.19359E+30   1.399925090E+00  -2.324640E-01   1.567835751E+00
   388   11182.693612   6.492048E-04   1.082008E+12    1.98895E+30   1.399931862E+00  -2.322685E-01   1.567844335E+00
   389   11190.403647   5.641789E-04   9.403451E+11    1.80361E+30   1.399938013E+00  -2.320648E-01   1.567852131E+00
   390   11198.462155   4.532910E-04   7.554785E+11    1.64439E+30   1.399943313E+00  -2.318524E-01   1.567858847E+00
   391   11207.621574   4.158497E-04   6.930596E+11    1.48700E+30   1.399948571E+00  -2.316114E-01   1.567865508E+00
   392   11216.669722   3.815003E-04   6.357968E+11    1.34467E+30   1.399953343E+00  -2.313738E-01   1.567871552E+00
   393   11225.607696   3.499877E-04   5.832644E+11    1.21597E+30   1.399957675E+00  -2.311396E-01   1.567877038E+00
   394   11234.436586   3.210776E-04   5.350717E+11    1.09958E+30   1.399961606E+00  -2.309088E-01   1.567882015E+00
   395   11243.157481   2.945552E-04   4.908602E+11    9.94328E+29   1.399965174E+00  -2.306812E-01   1.567886532E+00
   396   11251.771463   2.706431E-04   4.510293E+11    8.99090E+29   1.399968414E+00  -2.304568E-01   1.567890632E+00
   397   11260.265336   2.487843E-04   4.146254E+11    8.12938E+29   1.399971356E+00  -2.302361E-01   1.567894354E+00
   398   11268.636221   2.286906E-04   3.811593E+11    7.35039E+29   1.399974025E+00  -2.300189E-01   1.567897730E+00
   399   11276.885644   2.102195E-04   3.503938E+11    6.64604E+29   1.399976446E+00  -2.298053E-01   1.567900791E+00
   400   11285.015117   1.932401E-04   3.221111E+11    6.00918E+29   1.399978643E+00  -2.295952E-01   1.567903568E+00
   401   11293.026144   1.776318E-04   2.961109E+11    5.43333E+29   1.399980635E+00  -2.293885E-01   1.567906087E+00
   402   11300.920216   1.633513E-04   2.723157E+11    4.91263E+29   1.399982443E+00  -2.291852E-01   1.567908371E+00
   403   11308.695722   1.504250E-04   2.507591E+11    4.44145E+29   1.399984085E+00  -2.289854E-01   1.567910445E+00
   404   11316.343620   1.385213E-04   2.309086E+11    4.01546E+29   1.399985573E+00  -2.287891E-01   1.567912325E+00
   405   11323.865767   1.275595E-04   2.126293E+11    3.63031E+29   1.399986923E+00  -2.285965E-01   1.567914030E+00
   406   11331.263999   1.174650E-04   1.957967E+11    3.28211E+29   1.399988147E+00  -2.284073E-01   1.567915575E+00
   407   11338.540136   1.081692E-04   1.802964E+11    2.96730E+29   1.399989257E+00  -2.282215E-01   1.567916977E+00
   408   11345.695975   9.960890E-05   1.660230E+11    2.68268E+29   1.399990264E+00  -2.280391E-01   1.567918247E+00
   409   11352.733298   9.172593E-05   1.528794E+11    2.42535E+29   1.399991177E+00  -2.278601E-01   1.567919399E+00
   410   11359.653866   8.451936E-05   1.408662E+11    2.19268E+29   1.399992004E+00  -2.276842E-01   1.567920444E+00
   411   11366.455002   7.794825E-05   1.299156E+11    1.98219E+29   1.399992755E+00  -2.275117E-01   1.567921391E+00
   412   11373.131994   7.188794E-05   1.198162E+11    1.79190E+29   1.399993436E+00  -2.273426E-01   1.567922250E+00
   413   11379.686912   6.629871E-05   1.105017E+11    1.61988E+29   1.399994053E+00  -2.271768E-01   1.567923028E+00
   414   11386.121794   6.114397E-05   1.019113E+11    1.46437E+29   1.399994612E+00  -2.270143E-01   1.567923733E+00
   415   11392.438655   5.638995E-05   9.398851E+10    1.32379E+29   1.399995119E+00  -2.268551E-01   1.567924372E+00
   416   11398.639481   5.200549E-05   8.668157E+10    1.19670E+29   1.399995578E+00  -2.266989E-01   1.567924951E+00
   417   11404.726231   4.796189E-05   7.994261E+10    1.08181E+29   1.399995995E+00  -2.265459E-01   1.567925476E+00
   418   11410.700841   4.423264E-05   7.372748E+10    9.77946E+28   1.399996372E+00  -2.263958E-01   1.567925951E+00
   419   11416.565215   4.079331E-05   6.799546E+10    8.84056E+28   1.399996714E+00  -2.262488E-01   1.567926382E+00
   420   11422.321235   3.766044E-05   6.277288E+10    7.99147E+28   1.399997024E+00  -2.261046E-01   1.567926772E+00
   421   11427.964801   3.478269E-05   5.797512E+10    7.22366E+28   1.399997305E+00  -2.259634E-01   1.567927126E+00
   422   11433.495491   3.212479E-05   5.354399E+10    6.52961E+28   1.399997559E+00  -2.258253E-01   1.567927446E+00
   423   11438.915415   2.966997E-05   4.945148E+10    5.90224E+28   1.399997790E+00  -2.256900E-01   1.567927737E+00
   424   11444.226651   2.740270E-05   4.567173E+10    5.33514E+28   1.399997998E+00  -2.255577E-01   1.567928000E+00
   425   11449.431242   2.530866E-05   4.218083E+10    4.82252E+28   1.399998188E+00  -2.254281E-01   1.567928238E+00
   426   11454.531199   2.337462E-05   3.895673E+10    4.35915E+28   1.399998359E+00  -2.253013E-01   1.567928454E+00
   427   11459.528501   2.158836E-05   3.597902E+10    3.94029E+28   1.399998514E+00  -2.251772E-01   1.567928649E+00
   428   11464.425094   1.993858E-05   3.322888E+10    3.56168E+28   1.399998655E+00  -2.250557E-01   1.567928826E+00
   429   11469.222892   1.841486E-05   3.068893E+10    3.21945E+28   1.399998782E+00  -2.249369E-01   1.567928986E+00
   430   11473.923777   1.700756E-05   2.834310E+10    2.91009E+28   1.399998897E+00  -2.248205E-01   1.567929131E+00
   431   11478.529602   1.570780E-05   2.617656E+10    2.63046E+28   1.399999002E+00  -2.247066E-01   1.567929263E+00
   432   11483.042185   1.450736E-05   2.417561E+10    2.37770E+28   1.399999096E+00  -2.245951E-01   1.567929382E+00
   433   11487.463318   1.341621E-05   2.235729E+10    2.14907E+28   1.399999182E+00  -2.244860E-01   1.567929489E+00
   434   11491.788713   1.240750E-05   2.067636E+10    1.94242E+28   1.399999260E+00  -2.243794E-01   1.567929587E+00
   435   11496.020201   1.147463E-05   1.912180E+10    1.75564E+28   1.399999330E+00  -2.242752E-01   1.567929675E+00
   436   11500.159730   1.061188E-05   1.768410E+10    1.58681E+28   1.399999394E+00  -2.241733E-01   1.567929755E+00
   437   11504.209211   9.813993E-06   1.635448E+10    1.43422E+28   1.399999451E+00  -2.240737E-01   1.567929828E+00
   438   11508.170516   9.076090E-06   1.512482E+10    1.29631E+28   1.399999503E+00  -2.239764E-01   1.567929893E+00
   439   11512.045487   8.393663E-06   1.398761E+10    1.17165E+28   1.399999550E+00  -2.238813E-01   1.567929953E+00
   440   11515.835926   7.762541E-06   1.293589E+10    1.05898E+28   1.399999593E+00  -2.237884E-01   1.567930006E+00
   441   11519.543605   7.178867E-06   1.196324E+10    9.57141E+27   1.399999632E+00  -2.236976E-01   1.567930055E+00
   442   11523.170259   6.639076E-06   1.106371E+10    8.65097E+27   1.399999667E+00  -2.236088E-01   1.567930099E+00
   443   11526.717592   6.139868E-06   1.023182E+10    7.81903E+27   1.399999699E+00  -2.235220E-01   1.567930139E+00
   444   11530.187274   5.678193E-06   9.462466E+09    7.06709E+27   1.399999727E+00  -2.234372E-01   1.567930175E+00
   445   11533.580942   5.251228E-06   8.750958E+09    6.38746E+27   1.399999753E+00  -2.233543E-01   1.567930208E+00
   446   11536.900202   4.856366E-06   8.092944E+09    5.77318E+27   1.399999777E+00  -2.232733E-01   1.567930237E+00
   447   11540.146630   4.491192E-06   7.484403E+09    5.21797E+27   1.399999798E+00  -2.231941E-01   1.567930264E+00
   448   11543.321770   4.153474E-06   6.921616E+09    4.71616E+27   1.399999817E+00  -2.231168E-01   1.567930288E+00
   449   11546.427134   3.841149E-06   6.401144E+09    4.26260E+27   1.399999835E+00  -2.230411E-01   1.567930310E+00
   450   11549.464207   3.552307E-06   5.919805E+09    3.85265E+27   1.399999850E+00  -2.229672E-01   1.567930330E+00
   451   11552.434443   3.287023E-06   5.477734E+09    3.48210E+27   1.399999865E+00  -2.228950E-01   1.567930347E+00
   452   11555.337609   3.044764E-06   5.074045E+09    3.14694E+27   1.399999878E+00  -2.228244E-01   1.567930364E+00
   453   11558.171957   2.820358E-06   4.700104E+09    2.84404E+27   1.399999889E+00  -2.227556E-01   1.567930378E+00
   454   11560.939073   2.612489E-06   4.353718E+09    2.57029E+27   1.399999900E+00  -2.226884E-01   1.567930392E+00
   455   11563.640509   2.419940E-06   4.032858E+09    2.32289E+27   1.399999909E+00  -2.226229E-01   1.567930404E+00
   456   11566.277785   2.241581E-06   3.735642E+09    2.09931E+27   1.399999918E+00  -2.225589E-01   1.567930415E+00
   457   11568.852385   2.076366E-06   3.460329E+09    1.89724E+27   1.399999926E+00  -2.224966E-01   1.567930424E+00
   458   11571.365762   1.923328E-06   3.205305E+09    1.71462E+27   1.399999933E+00  -2.224357E-01   1.567930433E+00
   459   11573.819338   1.781568E-06   2.969074E+09    1.54957E+27   1.399999939E+00  -2.223763E-01   1.567930441E+00
   460   11576.214501   1.650256E-06   2.750251E+09    1.40042E+27   1.399999945E+00  -2.223184E-01   1.567930449E+00
   461   11578.552610   1.528621E-06   2.547555E+09    1.26562E+27   1.399999950E+00  -2.222618E-01   1.567930455E+00
   462   11580.834995   1.415951E-06   2.359797E+09    1.14379E+27   1.399999955E+00  -2.222067E-01   1.567930461E+00
   463   11583.062954   1.311585E-06   2.185875E+09    1.03369E+27   1.399999959E+00  -2.221529E-01   1.567930466E+00
   464   11585.237758   1.214911E-06   2.024771E+09    9.34189E+26   1.399999963E+00  -2.221004E-01   1.567930471E+00
   465   11587.360649   1.125362E-06   1.875540E+09    8.44264E+26   1.399999967E+00  -2.220491E-01   1.567930476E+00
   466   11589.432841   1.042413E-06   1.737307E+09    7.62995E+26   1.399999970E+00  -2.219992E-01   1.567930480E+00
   467   11591.455521   9.655781E-07   1.609261E+09    6.89548E+26   1.399999973E+00  -2.219504E-01   1.567930483E+00
   468   11593.429849   8.944059E-07   1.490652E+09    6.23171E+26   1.399999975E+00  -2.219028E-01   1.567930487E+00
   469   11595.356960   8.284794E-07   1.380784E+09    5.63184E+26   1.399999978E+00  -2.218564E-01   1.567930490E+00
   470   11597.237963   7.674120E-07   1.279014E+09    5.08970E+26   1.399999980E+00  -2.218111E-01   1.567930492E+00
   471   11599.073940   7.108456E-07   1.184744E+09    4.59976E+26   1.399999982E+00  -2.217669E-01   1.567930495E+00
   472   11600.865951   6.584485E-07   1.097422E+09    4.15697E+26   1.399999984E+00  -2.217238E-01   1.567930497E+00
   473   11602.615032   6.099134E-07   1.016536E+09    3.75680E+26   1.399999985E+00  -2.216817E-01   1.567930499E+00
   474   11604.322192   5.649557E-07   9.416108E+08    3.39516E+26   1.399999987E+00  -2.216407E-01   1.567930501E+00
   475   11605.988423   5.233117E-07   8.722079E+08    3.06832E+26   1.399999988E+00  -2.216007E-01   1.567930502E+00
   476   11607.614688   4.847372E-07   8.079202E+08    2.77295E+26   1.399999989E+00  -2.215616E-01   1.567930504E+00
   477   11609.201932   4.490060E-07   7.483708E+08    2.50601E+26   1.399999990E+00  -2.215235E-01   1.567930505E+00
   478   11610.751078   4.159084E-07   6.932102E+08    2.26477E+26   1.399999991E+00  -2.214863E-01   1.567930506E+00
   479   11612.263026   3.852505E-07   6.421153E+08    2.04675E+26   1.399999992E+00  -2.214500E-01   1.567930507E+00
   480   11613.738657   3.568523E-07   5.947862E+08    1.84971E+26   1.399999993E+00  -2.214146E-01   1.567930508E+00
   481   11615.178832   3.305474E-07   5.509455E+08    1.67165E+26   1.399999993E+00  -2.213801E-01   1.567930509E+00
   482   11616.584390   3.061814E-07   5.103361E+08    1.51072E+26   1.399999994E+00  -2.213464E-01   1.567930510E+00
   483   11617.956153   2.836114E-07   4.727197E+08    1.36529E+26   1.399999995E+00  -2.213135E-01   1.567930511E+00
   484   11619.294924   2.627051E-07   4.378760E+08    1.23386E+26   1.399999995E+00  -2.212814E-01   1.567930511E+00
   485   11620.601485   2.433398E-07   4.056004E+08    1.11507E+26   1.399999996E+00  -2.212501E-01   1.567930512E+00
   486   11621.876602   2.254020E-07   3.757037E+08    1.00773E+26   1.399999996E+00  -2.212196E-01   1.567930512E+00
   487   11623.121023   2.089111E-07   3.481143E+08    9.10710E+25   1.399999996E+00  -2.211898E-01   1.567930513E+00
   488   11624.335110   1.943416E-07   3.231353E+08    8.22944E+25   1.399999997E+00  -2.211608E-01   1.567930513E+00
   489   11625.517327   1.807175E-07   2.999451E+08    7.43636E+25   1.399999997E+00  -2.211325E-01   1.567930514E+00
   490   11626.668515   1.677408E-07   2.784039E+08    6.71974E+25   1.399999997E+00  -2.211049E-01   1.567930514E+00
   491   11627.789545   1.556958E-07   2.584097E+08    6.07217E+25   1.399999998E+00  -2.210781E-01   1.567930514E+00
   492   11628.881200   1.445158E-07   2.398514E+08    5.48700E+25   1.399999998E+00  -2.210520E-01   1.567930515E+00
   493   11629.944242   1.341385E-07   2.226258E+08    4.95822E+25   1.399999998E+00  -2.210266E-01   1.567930515E+00
   494   11630.979414   1.245063E-07   2.066373E+08    4.48040E+25   1.399999998E+00  -2.210019E-01   1.567930515E+00
   495   11631.987441   1.155658E-07   1.917970E+08    4.04863E+25   1.399999998E+00  -2.209778E-01   1.567930515E+00
   496   11632.969029   1.073002E-07   1.780843E+08    3.65841E+25   1.399999999E+00  -2.209544E-01   1.567930516E+00
   497   11633.924518   9.963405E-08   1.653675E+08    3.30577E+25   1.399999999E+00  -2.209315E-01   1.567930516E+00
   498   11634.854502   9.251558E-08   1.535587E+08    2.98712E+25   1.399999999E+00  -2.209093E-01   1.567930516E+00
   499   11635.759656   8.590568E-08   1.425932E+08    2.69919E+25   1.399999999E+00  -2.208877E-01   1.567930516E+00
   500   11636.640639   7.976801E-08   1.324107E+08    2.43901E+25   1.399999999E+00  -2.208667E-01   1.567930516E+00
   501   11637.498091   7.406884E-08   1.229553E+08    2.20391E+25   1.399999999E+00  -2.208462E-01   1.567930516E+00
   502   11638.332636   6.879162E-08   1.141991E+08    1.99146E+25   1.399999999E+00  -2.208263E-01   1.567930516E+00
   503   11639.144708   6.391456E-08   1.061058E+08    1.79944E+25   1.399999999E+00  -2.208070E-01   1.567930516E+00
   504   11639.934593   5.938326E-08   9.858604E+07    1.62594E+25   1.399999999E+00  -2.207881E-01   1.567930517E+00
   505   11640.702894   5.517321E-08   9.159919E+07    1.46916E+25   1.399999999E+00  -2.207698E-01   1.567930517E+00
   506   11641.450197   5.126162E-08   8.510749E+07    1.32750E+25   1.399999999E+00  -2.207520E-01   1.567930517E+00
   507   11642.177072   4.762734E-08   7.907585E+07    1.19950E+25   1.399999999E+00  -2.207347E-01   1.567930517E+00
   508   11642.884075   4.425071E-08   7.347167E+07    1.08385E+25   1.400000000E+00  -2.207178E-01   1.567930517E+00
   509   11643.571745   4.113996E-08   6.830466E+07    9.79312E+24   1.400000000E+00  -2.207014E-01   1.567930517E+00
   510   11644.240198   3.825137E-08   6.350626E+07    8.84853E+24   1.400000000E+00  -2.206855E-01   1.567930517E+00
   511   11644.889909   3.556558E-08   5.904494E+07    7.99505E+24   1.400000000E+00  -2.206700E-01   1.567930517E+00
   512   11645.521402   3.306838E-08   5.489702E+07    7.22389E+24   1.400000000E+00  -2.206550E-01   1.567930517E+00
   513   11646.135184   3.074651E-08   5.104048E+07    6.52711E+24   1.400000000E+00  -2.206404E-01   1.567930517E+00
   514   11646.731749   2.858766E-08   4.745486E+07    5.89754E+24   1.400000000E+00  -2.206262E-01   1.567930517E+00
   515   11647.311579   2.658697E-08   4.413265E+07    5.32867E+24   1.400000000E+00  -2.206123E-01   1.567930517E+00
   516   11647.874990   2.473814E-08   4.106383E+07    4.81449E+24   1.400000000E+00  -2.205989E-01   1.567930517E+00
   517   11648.422149   2.301787E-08   3.820840E+07    4.34993E+24   1.400000000E+00  -2.205859E-01   1.567930517E+00
   518   11648.953523   2.141723E-08   3.555152E+07    3.93019E+24   1.400000000E+00  -2.205733E-01   1.567930517E+00
   519   11649.469564   1.992789E-08   3.307939E+07    3.55096E+24   1.400000000E+00  -2.205610E-01   1.567930517E+00
   520   11649.970714   1.854212E-08   3.077915E+07    3.20832E+24   1.400000000E+00  -2.205491E-01   1.567930517E+00
   521   11650.457400   1.725271E-08   2.863887E+07    2.89874E+24   1.400000000E+00  -2.205375E-01   1.567930517E+00
   522   11650.930038   1.606440E-08   2.666640E+07    2.61895E+24   1.400000000E+00  -2.205262E-01   1.567930517E+00
   523   11651.388693   1.496191E-08   2.483637E+07    2.36612E+24   1.400000000E+00  -2.205153E-01   1.567930517E+00
   524   11651.833649   1.393507E-08   2.313193E+07    2.13769E+24   1.400000000E+00  -2.205047E-01   1.567930517E+00
   525   11652.265312   1.297871E-08   2.154445E+07    1.93132E+24   1.400000000E+00  -2.204945E-01   1.567930517E+00
   526   11652.684079   1.208798E-08   2.006592E+07    1.74487E+24   1.400000000E+00  -2.204845E-01   1.567930517E+00
   527   11653.090334   1.125838E-08   1.868885E+07    1.57642E+24   1.400000000E+00  -2.204749E-01   1.567930517E+00
   528   11653.484450   1.048593E-08   1.740666E+07    1.42423E+24   1.400000000E+00  -2.204655E-01   1.567930517E+00
   529   11653.866779   9.776375E-09   1.622994E+07    1.28666E+24   1.400000000E+00  -2.204564E-01   1.567930517E+00
   530   11654.237253   9.114836E-09   1.513276E+07    1.16237E+24   1.400000000E+00  -2.204476E-01   1.567930517E+00
   531   11654.596236   8.498062E-09   1.410976E+07    1.05009E+24   1.400000000E+00  -2.204391E-01   1.567930517E+00
   532   11654.944086   7.923022E-09   1.315591E+07    9.48660E+23   1.400000000E+00  -2.204308E-01   1.567930517E+00
   533   11655.281146   7.386892E-09   1.226654E+07    8.57025E+23   1.400000000E+00  -2.204228E-01   1.567930517E+00
   534   11655.607751   6.887041E-09   1.143729E+07    7.74241E+23   1.400000000E+00  -2.204150E-01   1.567930517E+00
   535   11655.924223   6.422676E-09   1.066663E+07    6.99451E+23   1.400000000E+00  -2.204075E-01   1.567930517E+00
   536   11656.230803   5.994955E-09   9.955951E+06    6.31852E+23   1.400000000E+00  -2.204002E-01   1.567930517E+00
   537   11656.527543   5.595719E-09   9.292624E+06    5.70786E+23   1.400000000E+00  -2.203932E-01   1.567930517E+00
   538   11656.814759   5.223069E-09   8.673492E+06    5.15623E+23   1.400000000E+00  -2.203863E-01   1.567930517E+00
   539   11657.092756   4.875236E-09   8.095609E+06    4.65790E+23   1.400000000E+00  -2.203797E-01   1.567930517E+00
   540   11657.361829   4.550566E-09   7.556228E+06    4.20773E+23   1.400000000E+00  -2.203733E-01   1.567930517E+00
   541   11657.622263   4.247518E-09   7.052783E+06    3.80108E+23   1.400000000E+00  -2.203671E-01   1.567930517E+00
   542   11657.874337   3.966163E-09   6.585394E+06    3.43369E+23   1.400000000E+00  -2.203612E-01   1.567930517E+00
   543   11658.118222   3.706550E-09   6.154138E+06    3.10164E+23   1.400000000E+00  -2.203554E-01   1.567930517E+00
   544   11658.353973   3.463930E-09   5.751124E+06    2.80170E+23   1.400000000E+00  -2.203498E-01   1.567930517E+00
   545   11658.581862   3.237191E-09   5.374502E+06    2.53076E+23   1.400000000E+00  -2.203444E-01   1.567930517E+00
   546   11658.802148   3.025294E-09   5.022543E+06    2.28602E+23   1.400000000E+00  -2.203391E-01   1.567930517E+00
   547   11659.015087   2.827266E-09   4.693632E+06    2.06495E+23   1.400000000E+00  -2.203341E-01   1.567930517E+00
   548   11659.220922   2.642201E-09   4.386260E+06    1.86526E+23   1.400000000E+00  -2.203292E-01   1.567930517E+00
   549   11659.419891   2.470104E-09   4.100472E+06    1.68487E+23   1.400000000E+00  -2.203245E-01   1.567930517E+00
   550   11659.612152   2.311295E-09   3.836846E+06    1.52183E+23   1.400000000E+00  -2.203199E-01   1.567930517E+00
   551   11659.797748   2.162696E-09   3.590169E+06    1.37457E+23   1.400000000E+00  -2.203155E-01   1.567930517E+00
   552   11659.976911   2.023650E-09   3.359351E+06    1.24156E+23   1.400000000E+00  -2.203112E-01   1.567930517E+00
   553   11660.149863   1.893545E-09   3.143372E+06    1.12142E+23   1.400000000E+00  -2.203071E-01   1.567930517E+00
   554   11660.316818   1.771804E-09   2.941280E+06    1.01290E+23   1.400000000E+00  -2.203032E-01   1.567930517E+00
   555   11660.477986   1.657890E-09   2.752179E+06    9.14885E+22   1.400000000E+00  -2.202993E-01   1.567930517E+00
   556   11660.633565   1.551488E-09   2.575548E+06    8.26352E+22   1.400000000E+00  -2.202956E-01   1.567930517E+00
   557   11660.783732   1.453408E-09   2.412713E+06    7.46343E+22   1.400000000E+00  -2.202921E-01   1.567930517E+00
   558   11660.928518   1.361528E-09   2.260173E+06    6.74081E+22   1.400000000E+00  -2.202886E-01   1.567930517E+00
   559   11661.068115   1.275457E-09   2.117277E+06    6.08815E+22   1.400000000E+00  -2.202853E-01   1.567930517E+00
   560   11661.202710   1.194826E-09   1.983415E+06    5.49868E+22   1.400000000E+00  -2.202821E-01   1.567930517E+00
   561   11661.332482   1.119293E-09   1.858017E+06    4.96629E+22   1.400000000E+00  -2.202790E-01   1.567930517E+00
   562   11661.457602   1.048535E-09   1.740546E+06    4.48544E+22   1.400000000E+00  -2.202761E-01   1.567930517E+00
   563   11661.578239   9.822498E-10   1.630503E+06    4.05115E+22   1.400000000E+00  -2.202732E-01   1.567930517E+00
   564   11661.694552   9.210004E-10   1.528862E+06    3.65875E+22   1.400000000E+00  -2.202705E-01   1.567930517E+00
