       6     569     321     401

     EOS file :  /Users/dany/Work/NStar/eos/v14/APR_EOS_Acc_Pd.dat           

  step        radius       baryon#       density        pressure       encl. mass            phi     encl. bar. mass 
                (m)        (#/fm3)       (g/cm3)        (dyn/cm2)      (sol. mass)                     (sol. mass)   

     0       0.000000   6.421922E-01   1.208379E+15    2.54970E+35   0.000000000E+00  -6.332520E-01   0.000000000E+00
     1       1.000000   6.421922E-01   1.208379E+15    2.54970E+35   2.544818907E-12  -6.332520E-01   2.264986993E-12
     2       1.033333   6.421922E-01   1.208379E+15    2.54970E+35   2.807877776E-12  -6.332520E-01   2.499119535E-12
     3       1.067778   6.421922E-01   1.208379E+15    2.54970E+35   3.098129138E-12  -6.332520E-01   2.757454445E-12
     4       1.103370   6.421922E-01   1.208379E+15    2.54970E+35   3.418383891E-12  -6.332520E-01   3.042493529E-12
     5       1.140149   6.421922E-01   1.208379E+15    2.54970E+35   3.771743494E-12  -6.332520E-01   3.356997208E-12
     6       1.178154   6.421922E-01   1.208379E+15    2.54970E+35   4.161630010E-12  -6.332520E-01   3.704011248E-12
     7       1.217426   6.421922E-01   1.208379E+15    2.54970E+35   4.591819239E-12  -6.332520E-01   4.086896257E-12
     8       1.258007   6.421922E-01   1.208379E+15    2.54970E+35   5.066477286E-12  -6.332520E-01   4.509360231E-12
     9       1.299941   6.421922E-01   1.208379E+15    2.54970E+35   5.590200910E-12  -6.332520E-01   4.975494461E-12
    10       1.343272   6.421921E-01   1.208379E+15    2.54970E+35   6.168062037E-12  -6.332520E-01   5.489813158E-12
    11       1.388048   6.421921E-01   1.208379E+15    2.54970E+35   6.805656880E-12  -6.332520E-01   6.057297167E-12
    12       1.434316   6.421921E-01   1.208379E+15    2.54970E+35   7.509160136E-12  -6.332520E-01   6.683442207E-12
    13       1.482126   6.421921E-01   1.208379E+15    2.54970E+35   8.285384782E-12  -6.332520E-01   7.374312089E-12
    14       1.531531   6.421921E-01   1.208379E+15    2.54970E+35   9.141848054E-12  -6.332520E-01   8.136597445E-12
    15       1.582582   6.421921E-01   1.208379E+15    2.54970E+35   1.008684425E-11  -6.332520E-01   8.977680517E-12
    16       1.635334   6.421921E-01   1.208379E+15    2.54970E+35   1.112952504E-11  -6.332520E-01   9.905706655E-12
    17       1.689846   6.421921E-01   1.208379E+15    2.54970E+35   1.227998813E-11  -6.332520E-01   1.092966319E-11
    18       1.746174   6.421921E-01   1.208379E+15    2.54970E+35   1.354937501E-11  -6.332520E-01   1.205946650E-11
    19       1.804380   6.421921E-01   1.208379E+15    2.54970E+35   1.494997887E-11  -6.332520E-01   1.330605798E-11
    20       1.864526   6.421921E-01   1.208379E+15    2.54970E+35   1.649536367E-11  -6.332520E-01   1.468151007E-11
    21       1.926676   6.421921E-01   1.208379E+15    2.54970E+35   1.820049545E-11  -6.332520E-01   1.619914316E-11
    22       1.990899   6.421921E-01   1.208379E+15    2.54970E+35   2.008188732E-11  -6.332520E-01   1.787365453E-11
    23       2.057262   6.421921E-01   1.208379E+15    2.54970E+35   2.215775935E-11  -6.332520E-01   1.972126074E-11
    24       2.125838   6.421921E-01   1.208379E+15    2.54970E+35   2.444821503E-11  -6.332520E-01   2.175985469E-11
    25       2.196699   6.421921E-01   1.208379E+15    2.54970E+35   2.697543594E-11  -6.332520E-01   2.400917883E-11
    26       2.269922   6.421921E-01   1.208379E+15    2.54970E+35   2.976389658E-11  -6.332520E-01   2.649101642E-11
    27       2.345586   6.421921E-01   1.208379E+15    2.54970E+35   3.284060141E-11  -6.332520E-01   2.922940246E-11
    28       2.423772   6.421921E-01   1.208379E+15    2.54970E+35   3.623534632E-11  -6.332520E-01   3.225085646E-11
    29       2.504565   6.421921E-01   1.208379E+15    2.54970E+35   3.998100723E-11  -6.332520E-01   3.558463925E-11
    30       2.588050   6.421921E-01   1.208379E+15    2.54970E+35   4.411385845E-11  -6.332520E-01   3.926303636E-11
    31       2.674319   6.421921E-01   1.208379E+15    2.54970E+35   4.867392397E-11  -6.332520E-01   4.332167071E-11
    32       2.763463   6.421921E-01   1.208379E+15    2.54970E+35   5.370536510E-11  -6.332520E-01   4.779984755E-11
    33       2.855578   6.421921E-01   1.208379E+15    2.54970E+35   5.925690808E-11  -6.332520E-01   5.274093513E-11
    34       2.950764   6.421921E-01   1.208379E+15    2.54970E+35   6.538231603E-11  -6.332520E-01   5.819278470E-11
    35       3.049123   6.421921E-01   1.208379E+15    2.54970E+35   7.214090956E-11  -6.332520E-01   6.420819390E-11
    36       3.150760   6.421921E-01   1.208379E+15    2.54970E+35   7.959814128E-11  -6.332520E-01   7.084541809E-11
    37       3.255786   6.421921E-01   1.208379E+15    2.54970E+35   8.782622966E-11  -6.332520E-01   7.816873449E-11
    38       3.364312   6.421921E-01   1.208379E+15    2.54970E+35   9.690485841E-11  -6.332520E-01   8.624906470E-11
    39       3.476455   6.421921E-01   1.208379E+15    2.54970E+35   1.069219482E-10  -6.332520E-01   9.516466149E-11
    40       3.592337   6.421921E-01   1.208379E+15    2.54970E+35   1.179745080E-10  -6.332520E-01   1.050018666E-10
    41       3.712082   6.421921E-01   1.208379E+15    2.54970E+35   1.301695747E-10  -6.332520E-01   1.158559471E-10
    42       3.835818   6.421921E-01   1.208379E+15    2.54970E+35   1.436252497E-10  -6.332519E-01   1.278320177E-10
    43       3.963678   6.421921E-01   1.208379E+15    2.54970E+35   1.584718424E-10  -6.332519E-01   1.410460589E-10
    44       4.095801   6.421921E-01   1.208379E+15    2.54970E+35   1.748531324E-10  -6.332519E-01   1.556260400E-10
    45       4.232328   6.421921E-01   1.208379E+15    2.54970E+35   1.929277618E-10  -6.332519E-01   1.717131588E-10
    46       4.373405   6.421921E-01   1.208379E+15    2.54970E+35   2.128707718E-10  -6.332519E-01   1.894632085E-10
    47       4.519185   6.421921E-01   1.208379E+15    2.54970E+35   2.348752974E-10  -6.332519E-01   2.090480869E-10
    48       4.669825   6.421921E-01   1.208379E+15    2.54970E+35   2.591544380E-10  -6.332519E-01   2.306574609E-10
    49       4.825486   6.421921E-01   1.208379E+15    2.54970E+35   2.859433214E-10  -6.332519E-01   2.545006030E-10
    50       4.986335   6.421921E-01   1.208379E+15    2.54970E+35   3.155013803E-10  -6.332519E-01   2.808084187E-10
    51       5.152546   6.421921E-01   1.208378E+15    2.54970E+35   3.481148653E-10  -6.332519E-01   3.098356820E-10
    52       5.324298   6.421921E-01   1.208378E+15    2.54970E+35   3.840996166E-10  -6.332519E-01   3.418635030E-10
    53       5.501774   6.421921E-01   1.208378E+15    2.54970E+35   4.238041229E-10  -6.332519E-01   3.772020502E-10
    54       5.685167   6.421921E-01   1.208378E+15    2.54970E+35   4.676128964E-10  -6.332519E-01   4.161935545E-10
    55       5.874672   6.421920E-01   1.208378E+15    2.54970E+35   5.159501963E-10  -6.332519E-01   4.592156229E-10
    56       6.070495   6.421920E-01   1.208378E+15    2.54970E+35   5.692841375E-10  -6.332519E-01   5.066848961E-10
    57       6.272844   6.421920E-01   1.208378E+15    2.54970E+35   6.281312241E-10  -6.332519E-01   5.590610829E-10
    58       6.481939   6.421920E-01   1.208378E+15    2.54970E+35   6.930613512E-10  -6.332519E-01   6.168514121E-10
    59       6.698004   6.421920E-01   1.208378E+15    2.54970E+35   7.647033243E-10  -6.332519E-01   6.806155452E-10
    60       6.921270   6.421920E-01   1.208378E+15    2.54970E+35   8.437509483E-10  -6.332518E-01   7.509709957E-10
    61       7.151979   6.421920E-01   1.208378E+15    2.54970E+35   9.309697471E-10  -6.332518E-01   8.285991098E-10
    62       7.390379   6.421920E-01   1.208378E+15    2.54970E+35   1.027204377E-09  -6.332518E-01   9.142516644E-10
    63       7.636724   6.421920E-01   1.208378E+15    2.54970E+35   1.133386805E-09  -6.332518E-01   1.008758148E-09
    64       7.891282   6.421920E-01   1.208378E+15    2.54970E+35   1.250545338E-09  -6.332518E-01   1.113033792E-09
    65       8.154324   6.421919E-01   1.208378E+15    2.54970E+35   1.379814578E-09  -6.332518E-01   1.228088439E-09
    66       8.426135   6.421919E-01   1.208378E+15    2.54970E+35   1.522446410E-09  -6.332518E-01   1.355036314E-09
    67       8.707006   6.421919E-01   1.208378E+15    2.54970E+35   1.679822128E-09  -6.332518E-01   1.495106824E-09
    68       8.997239   6.421919E-01   1.208378E+15    2.54970E+35   1.853465808E-09  -6.332517E-01   1.649656457E-09
    69       9.297147   6.421919E-01   1.208378E+15    2.54970E+35   2.045059072E-09  -6.332517E-01   1.820181922E-09
    70       9.607052   6.421919E-01   1.208378E+15    2.54970E+35   2.256457371E-09  -6.332517E-01   2.008334645E-09
    71       9.927287   6.421918E-01   1.208378E+15    2.54970E+35   2.489707951E-09  -6.332517E-01   2.215936756E-09
    72      10.258196   6.421918E-01   1.208378E+15    2.54970E+35   2.747069685E-09  -6.332517E-01   2.444998741E-09
    73      10.600135   6.421918E-01   1.208378E+15    2.54970E+35   3.031034943E-09  -6.332516E-01   2.697738910E-09
    74      10.953473   6.421918E-01   1.208378E+15    2.54970E+35   3.344353733E-09  -6.332516E-01   2.976604878E-09
    75      11.318588   6.421917E-01   1.208378E+15    2.54970E+35   3.690060328E-09  -6.332516E-01   3.284297271E-09
    76      11.695874   6.421917E-01   1.208378E+15    2.54970E+35   4.071502655E-09  -6.332516E-01   3.623795876E-09
    77      12.085736   6.421917E-01   1.208378E+15    2.54970E+35   4.492374713E-09  -6.332515E-01   3.998388504E-09
    78      12.488593   6.421917E-01   1.208378E+15    2.54970E+35   4.956752351E-09  -6.332515E-01   4.411702822E-09
    79      12.904879   6.421916E-01   1.208377E+15    2.54970E+35   5.469132736E-09  -6.332515E-01   4.867741490E-09
    80      13.335041   6.421916E-01   1.208377E+15    2.54970E+35   6.034477902E-09  -6.332514E-01   5.370920922E-09
    81      13.779542   6.421915E-01   1.208377E+15    2.54970E+35   6.658262810E-09  -6.332514E-01   5.926114055E-09
    82      14.238859   6.421915E-01   1.208377E+15    2.54970E+35   7.346528362E-09  -6.332513E-01   6.538697537E-09
    83      14.713487   6.421915E-01   1.208377E+15    2.54969E+35   8.105939904E-09  -6.332513E-01   7.214603801E-09
    84      15.203936   6.421914E-01   1.208377E+15    2.54969E+35   8.943851775E-09  -6.332513E-01   7.960378510E-09
    85      15.710733   6.421914E-01   1.208377E+15    2.54969E+35   9.868378526E-09  -6.332512E-01   8.783243949E-09
    86      16.234423   6.421913E-01   1.208377E+15    2.54969E+35   1.088847350E-08  -6.332511E-01   9.691168967E-09
    87      16.775569   6.421913E-01   1.208377E+15    2.54969E+35   1.201401554E-08  -6.332511E-01   1.069294614E-08
    88      17.334753   6.421912E-01   1.208376E+15    2.54969E+35   1.325590466E-08  -6.332510E-01   1.179827695E-08
    89      17.912576   6.421911E-01   1.208376E+15    2.54969E+35   1.462616758E-08  -6.332510E-01   1.301786567E-08
    90      18.509661   6.421911E-01   1.208376E+15    2.54969E+35   1.613807421E-08  -6.332509E-01   1.436352310E-08
    91      19.126648   6.421910E-01   1.208376E+15    2.54969E+35   1.780626618E-08  -6.332508E-01   1.584828089E-08
    92      19.764200   6.421909E-01   1.208376E+15    2.54969E+35   1.964689858E-08  -6.332507E-01   1.748651777E-08
    93      20.423005   6.421908E-01   1.208376E+15    2.54969E+35   2.167779640E-08  -6.332507E-01   1.929409878E-08
    94      21.103769   6.421907E-01   1.208375E+15    2.54968E+35   2.391862723E-08  -6.332506E-01   2.128852889E-08
    95      21.807225   6.421906E-01   1.208375E+15    2.54968E+35   2.639109160E-08  -6.332505E-01   2.348912255E-08
    96      22.534130   6.421905E-01   1.208375E+15    2.54968E+35   2.911913322E-08  -6.332504E-01   2.591719070E-08
    97      23.285264   6.421904E-01   1.208375E+15    2.54968E+35   3.212917078E-08  -6.332503E-01   2.859624718E-08
    98      24.061436   6.421903E-01   1.208374E+15    2.54968E+35   3.545035383E-08  -6.332501E-01   3.155223637E-08
    99      24.863480   6.421902E-01   1.208374E+15    2.54968E+35   3.911484502E-08  -6.332500E-01   3.481378451E-08
   100      25.692258   6.421900E-01   1.208374E+15    2.54968E+35   4.315813157E-08  -6.332499E-01   3.841247685E-08
   101      26.548661   6.421899E-01   1.208373E+15    2.54967E+35   4.761936889E-08  -6.332497E-01   4.238316351E-08
   102      27.433611   6.421897E-01   1.208373E+15    2.54967E+35   5.254175978E-08  -6.332496E-01   4.676429703E-08
   103      28.348059   6.421896E-01   1.208373E+15    2.54967E+35   5.797297275E-08  -6.332494E-01   5.159830462E-08
   104      29.292987   6.421894E-01   1.208372E+15    2.54967E+35   6.396560363E-08  -6.332492E-01   5.693199912E-08
   105      30.269413   6.421892E-01   1.208372E+15    2.54966E+35   7.057768488E-08  -6.332490E-01   6.281703223E-08
   106      31.278385   6.421890E-01   1.208371E+15    2.54966E+35   7.787324749E-08  -6.332488E-01   6.931039471E-08
   107      32.320989   6.421888E-01   1.208371E+15    2.54966E+35   8.592294106E-08  -6.332486E-01   7.647496825E-08
   108      33.398345   6.421886E-01   1.208370E+15    2.54966E+35   9.480471790E-08  -6.332484E-01   8.438013435E-08
   109      34.511613   6.421883E-01   1.208370E+15    2.54965E+35   1.046045878E-07  -6.332482E-01   9.310244621E-08
   110      35.661988   6.421881E-01   1.208369E+15    2.54965E+35   1.154174510E-07  -6.332479E-01   1.027263699E-07
   111      36.850707   6.421878E-01   1.208369E+15    2.54965E+35   1.273480167E-07  -6.332476E-01   1.133451025E-07
   112      38.079049   6.421875E-01   1.208368E+15    2.54964E+35   1.405118176E-07  -6.332473E-01   1.250614742E-07
   113      39.348335   6.421872E-01   1.208367E+15    2.54964E+35   1.550363279E-07  -6.332470E-01   1.379889443E-07
   114      40.659928   6.421869E-01   1.208366E+15    2.54963E+35   1.710621979E-07  -6.332467E-01   1.522526995E-07
   115      42.015239   6.421865E-01   1.208366E+15    2.54963E+35   1.887446160E-07  -6.332463E-01   1.679908663E-07
   116      43.415725   6.421861E-01   1.208365E+15    2.54962E+35   2.082548108E-07  -6.332459E-01   1.853558486E-07
   117      44.862892   6.421857E-01   1.208364E+15    2.54962E+35   2.297817093E-07  -6.332455E-01   2.045158028E-07
   118      46.358295   6.421853E-01   1.208363E+15    2.54961E+35   2.535337660E-07  -6.332451E-01   2.256562665E-07
   119      47.903542   6.421848E-01   1.208362E+15    2.54961E+35   2.797409812E-07  -6.332446E-01   2.489819547E-07
   120      49.500295   6.421843E-01   1.208360E+15    2.54960E+35   3.086571276E-07  -6.332441E-01   2.747187416E-07
   121      51.150269   6.421838E-01   1.208359E+15    2.54959E+35   3.405622075E-07  -6.332436E-01   3.031158483E-07
   122      52.855238   6.421832E-01   1.208358E+15    2.54958E+35   3.757651630E-07  -6.332430E-01   3.344482548E-07
   123      54.617036   6.421826E-01   1.208357E+15    2.54958E+35   4.146068676E-07  -6.332424E-01   3.690193628E-07
   124      56.437556   6.421819E-01   1.208355E+15    2.54957E+35   4.574634257E-07  -6.332418E-01   4.071639330E-07
   125      58.318755   6.421813E-01   1.208353E+15    2.54956E+35   5.047498135E-07  -6.332411E-01   4.492513259E-07
   126      60.262655   6.421805E-01   1.208352E+15    2.54955E+35   5.569238963E-07  -6.332403E-01   4.956890778E-07
   127      62.271346   6.421797E-01   1.208350E+15    2.54954E+35   6.144908607E-07  -6.332395E-01   5.469268459E-07
   128      64.346986   6.421789E-01   1.208348E+15    2.54953E+35   6.780081044E-07  -6.332387E-01   6.034607611E-07
   129      66.491807   6.421780E-01   1.208346E+15    2.54951E+35   7.480906317E-07  -6.332378E-01   6.658382311E-07
   130      68.708114   6.421770E-01   1.208344E+15    2.54950E+35   8.254170062E-07  -6.332368E-01   7.346632394E-07
   131      70.998289   6.421760E-01   1.208341E+15    2.54949E+35   9.107359187E-07  -6.332358E-01   8.106021912E-07
   132      73.364794   6.421749E-01   1.208339E+15    2.54947E+35   1.004873433E-06  -6.332347E-01   8.943903643E-07
   133      75.810171   6.421737E-01   1.208336E+15    2.54946E+35   1.108740980E-06  -6.332335E-01   9.868390259E-07
   134      78.337048   6.421725E-01   1.208333E+15    2.54944E+35   1.223344179E-06  -6.332323E-01   1.088843284E-06
   135      80.948142   6.421711E-01   1.208330E+15    2.54942E+35   1.349792570E-06  -6.332309E-01   1.201390753E-06
   136      83.646257   6.421697E-01   1.208327E+15    2.54940E+35   1.489310348E-06  -6.332295E-01   1.325571108E-06
   137      86.434293   6.421682E-01   1.208323E+15    2.54938E+35   1.643248210E-06  -6.332280E-01   1.462586634E-06
   138      89.315246   6.421666E-01   1.208319E+15    2.54936E+35   1.813096424E-06  -6.332263E-01   1.613763857E-06
   139      92.292211   6.421648E-01   1.208315E+15    2.54934E+35   2.000499244E-06  -6.332246E-01   1.780566384E-06
   140      95.368387   6.421630E-01   1.208311E+15    2.54931E+35   2.207270824E-06  -6.332227E-01   1.964609062E-06
   141      98.547078   6.421610E-01   1.208307E+15    2.54928E+35   2.435412759E-06  -6.332208E-01   2.167673606E-06
   142     101.831699   6.421589E-01   1.208302E+15    2.54926E+35   2.687133452E-06  -6.332186E-01   2.391725832E-06
   143     105.225778   6.421567E-01   1.208296E+15    2.54923E+35   2.964869471E-06  -6.332164E-01   2.638934679E-06
   144     108.732961   6.421543E-01   1.208291E+15    2.54919E+35   3.271309115E-06  -6.332140E-01   2.911693189E-06
   145     112.357015   6.421517E-01   1.208285E+15    2.54916E+35   3.609418412E-06  -6.332114E-01   3.212641656E-06
   146     116.101831   6.421489E-01   1.208279E+15    2.54912E+35   3.982469796E-06  -6.332086E-01   3.544693160E-06
   147     119.971431   6.421460E-01   1.208272E+15    2.54908E+35   4.394073747E-06  -6.332057E-01   3.911061746E-06
   148     123.969971   6.421429E-01   1.208264E+15    2.54904E+35   4.848213696E-06  -6.332026E-01   4.315293498E-06
   149     128.101742   6.421395E-01   1.208257E+15    2.54900E+35   5.349284531E-06  -6.331992E-01   4.761300835E-06
   150     132.371182   6.421360E-01   1.208248E+15    2.54895E+35   5.902135068E-06  -6.331956E-01   5.253400333E-06
   151     136.782872   6.421322E-01   1.208240E+15    2.54890E+35   6.512114914E-06  -6.331918E-01   5.796354455E-06
   152     141.341547   6.421281E-01   1.208230E+15    2.54884E+35   7.185126152E-06  -6.331877E-01   6.395417592E-06
   153     146.052101   6.421238E-01   1.208220E+15    2.54878E+35   7.927680362E-06  -6.331834E-01   7.056386840E-06
   154     150.919587   6.421191E-01   1.208209E+15    2.54872E+35   8.746961517E-06  -6.331787E-01   7.785658025E-06
   155     155.949229   6.421142E-01   1.208198E+15    2.54865E+35   9.650895359E-06  -6.331738E-01   8.590287501E-06
   156     161.146420   6.421089E-01   1.208186E+15    2.54858E+35   1.064822593E-05  -6.331685E-01   9.478060319E-06
   157     166.516735   6.421033E-01   1.208173E+15    2.54851E+35   1.174859999E-05  -6.331628E-01   1.045756543E-05
   158     172.065934   6.420972E-01   1.208159E+15    2.54843E+35   1.296266010E-05  -6.331568E-01   1.153827862E-05
   159     177.799966   6.420908E-01   1.208144E+15    2.54834E+35   1.430214735E-05  -6.331503E-01   1.273065402E-05
   160     183.724977   6.420839E-01   1.208128E+15    2.54825E+35   1.578001459E-05  -6.331434E-01   1.404622502E-05
   161     189.847318   6.420766E-01   1.208111E+15    2.54815E+35   1.741055139E-05  -6.331361E-01   1.549771559E-05
   162     196.173548   6.420688E-01   1.208093E+15    2.54804E+35   1.920952178E-05  -6.331282E-01   1.709916305E-05
   163     202.710444   6.420604E-01   1.208073E+15    2.54793E+35   2.119431621E-05  -6.331198E-01   1.886605351E-05
   164     209.465007   6.420515E-01   1.208053E+15    2.54781E+35   2.338411915E-05  -6.331109E-01   2.081547121E-05
   165     216.444468   6.420420E-01   1.208031E+15    2.54768E+35   2.580009383E-05  -6.331013E-01   2.296626324E-05
   166     223.656300   6.420318E-01   1.208007E+15    2.54754E+35   2.846558607E-05  -6.330911E-01   2.533922121E-05
   167     231.108217   6.420209E-01   1.207982E+15    2.54740E+35   3.140634896E-05  -6.330802E-01   2.795728163E-05
   168     238.808191   6.420093E-01   1.207955E+15    2.54724E+35   3.465079063E-05  -6.330686E-01   3.084574681E-05
   169     246.764455   6.419969E-01   1.207926E+15    2.54708E+35   3.823024747E-05  -6.330562E-01   3.403252850E-05
   170     254.985514   6.419837E-01   1.207896E+15    2.54690E+35   4.217928536E-05  -6.330429E-01   3.754841659E-05
   171     263.480152   6.419696E-01   1.207863E+15    2.54671E+35   4.653603171E-05  -6.330287E-01   4.142737532E-05
   172     272.257440   6.419545E-01   1.207828E+15    2.54650E+35   5.134254162E-05  -6.330136E-01   4.570686992E-05
   173     281.326748   6.419384E-01   1.207791E+15    2.54629E+35   5.664520145E-05  -6.329975E-01   5.042822678E-05
   174     290.697753   6.419212E-01   1.207751E+15    2.54606E+35   6.249517370E-05  -6.329802E-01   5.563703046E-05
   175     300.380448   6.419029E-01   1.207708E+15    2.54581E+35   6.894888737E-05  -6.329618E-01   6.138356148E-05
   176     310.385152   6.418833E-01   1.207663E+15    2.54555E+35   7.606857846E-05  -6.329422E-01   6.772327880E-05
   177     320.722523   6.418623E-01   1.207614E+15    2.54526E+35   8.392288555E-05  -6.329212E-01   7.471735178E-05
   178     331.403564   6.418400E-01   1.207563E+15    2.54496E+35   9.258750618E-05  -6.328988E-01   8.243324647E-05
   179     342.439637   6.418162E-01   1.207507E+15    2.54464E+35   1.021459202E-04  -6.328749E-01   9.094537178E-05
   180     353.842473   6.417907E-01   1.207448E+15    2.54430E+35   1.126901864E-04  -6.328493E-01   1.003357917E-04
   181     365.624183   6.417635E-01   1.207385E+15    2.54394E+35   1.243218207E-04  -6.328221E-01   1.106950100E-04
   182     377.797271   6.417345E-01   1.207318E+15    2.54355E+35   1.371527632E-04  -6.327930E-01   1.221228351E-04
   183     390.374643   6.417035E-01   1.207246E+15    2.54313E+35   1.513064431E-04  -6.327619E-01   1.347293328E-04
   184     403.369623   6.416704E-01   1.207170E+15    2.54268E+35   1.669189522E-04  -6.327287E-01   1.486358761E-04
   185     416.795962   6.416351E-01   1.207088E+15    2.54221E+35   1.841403361E-04  -6.326933E-01   1.639763013E-04
   186     430.667851   6.415974E-01   1.207000E+15    2.54170E+35   2.031360174E-04  -6.326555E-01   1.808981817E-04
   187     444.999938   6.415571E-01   1.206907E+15    2.54116E+35   2.240883605E-04  -6.326152E-01   1.995642305E-04
   188     459.807336   6.415142E-01   1.206808E+15    2.54058E+35   2.471983956E-04  -6.325721E-01   2.201538451E-04
   189     475.105638   6.414683E-01   1.206701E+15    2.53997E+35   2.726877152E-04  -6.325261E-01   2.428648080E-04
   190     490.910933   6.414193E-01   1.206588E+15    2.53931E+35   3.008005610E-04  -6.324770E-01   2.679151586E-04
   191     507.239815   6.413670E-01   1.206467E+15    2.53861E+35   3.318061196E-04  -6.324246E-01   2.955452548E-04
   192     524.109403   6.413112E-01   1.206337E+15    2.53786E+35   3.660010476E-04  -6.323687E-01   3.260200400E-04
   193     541.537350   6.412516E-01   1.206199E+15    2.53706E+35   4.037122485E-04  -6.323090E-01   3.596315389E-04
   194     559.541862   6.411880E-01   1.206052E+15    2.53621E+35   4.452999251E-04  -6.322453E-01   3.967016030E-04
   195     578.141706   6.411202E-01   1.205895E+15    2.53530E+35   4.911609345E-04  -6.321772E-01   4.375849297E-04
   196     597.356234   6.410477E-01   1.205727E+15    2.53432E+35   5.417324753E-04  -6.321046E-01   4.826723829E-04
   197     617.205386   6.409703E-01   1.205548E+15    2.53329E+35   5.974961369E-04  -6.320271E-01   5.323946435E-04
   198     637.709717   6.408878E-01   1.205356E+15    2.53218E+35   6.589823468E-04  -6.319444E-01   5.872262212E-04
   199     658.890400   6.407996E-01   1.205152E+15    2.53100E+35   7.267752534E-04  -6.318562E-01   6.476898641E-04
   200     680.769249   6.407056E-01   1.204934E+15    2.52974E+35   8.015180828E-04  -6.317619E-01   7.143614010E-04
   201     703.368730   6.406052E-01   1.204702E+15    2.52839E+35   8.839190172E-04  -6.316614E-01   7.878750606E-04
   202     726.711975   6.404981E-01   1.204454E+15    2.52696E+35   9.747576389E-04  -6.315541E-01   8.689293100E-04
   203     750.822797   6.403837E-01   1.204189E+15    2.52543E+35   1.074891995E-03  -6.314397E-01   9.582932627E-04
   204     775.725702   6.402617E-01   1.203906E+15    2.52380E+35   1.185266336E-03  -6.313175E-01   1.056813708E-03
   205     801.445902   6.401314E-01   1.203604E+15    2.52206E+35   1.306919590E-03  -6.311872E-01   1.165422819E-03
   206     828.009331   6.399925E-01   1.203283E+15    2.52020E+35   1.440994639E-03  -6.310481E-01   1.285146602E-03
   207     855.442651   6.398444E-01   1.202940E+15    2.51822E+35   1.588748503E-03  -6.308997E-01   1.417114175E-03
   208     883.773252   6.396864E-01   1.202574E+15    2.51611E+35   1.751563309E-03  -6.307414E-01   1.562567803E-03
   209     913.029290   6.395179E-01   1.202184E+15    2.51386E+35   1.930958517E-03  -6.305726E-01   1.722874121E-03
   210     943.239684   6.393380E-01   1.201768E+15    2.51145E+35   2.128604109E-03  -6.303925E-01   1.899536214E-03
   211     974.434120   6.391461E-01   1.201324E+15    2.50889E+35   2.346335010E-03  -6.302003E-01   2.094206887E-03
   212    1006.643058   6.389414E-01   1.200851E+15    2.50617E+35   2.586166804E-03  -6.299954E-01   2.308703156E-03
   213    1039.897739   6.387231E-01   1.200346E+15    2.50326E+35   2.850312851E-03  -6.297769E-01   2.545022065E-03
   214    1074.230185   6.384902E-01   1.199807E+15    2.50016E+35   3.141202906E-03  -6.295439E-01   2.805357942E-03
   215    1109.673201   6.382417E-01   1.199232E+15    2.49685E+35   3.461503342E-03  -6.292954E-01   3.092121208E-03
   216    1146.260370   6.379768E-01   1.198620E+15    2.49333E+35   3.814139120E-03  -6.290305E-01   3.407958856E-03
   217    1184.026054   6.376942E-01   1.197966E+15    2.48958E+35   4.202317587E-03  -6.287480E-01   3.755776730E-03
   218    1223.005380   6.373929E-01   1.197270E+15    2.48559E+35   4.629554254E-03  -6.284470E-01   4.138763739E-03
   219    1263.234233   6.370717E-01   1.196527E+15    2.48134E+35   5.099700660E-03  -6.281261E-01   4.560418139E-03
   220    1304.749239   6.367292E-01   1.195735E+15    2.47681E+35   5.616974451E-03  -6.277841E-01   5.024576033E-03
   221    1347.587748   6.363641E-01   1.194891E+15    2.47199E+35   6.185991796E-03  -6.274197E-01   5.535442227E-03
   222    1391.787807   6.359749E-01   1.193992E+15    2.46685E+35   6.811802244E-03  -6.270314E-01   6.097623594E-03
   223    1437.388133   6.355601E-01   1.193033E+15    2.46139E+35   7.499926155E-03  -6.266178E-01   6.716165093E-03
   224    1484.428081   6.351180E-01   1.192012E+15    2.45558E+35   8.256394783E-03  -6.261773E-01   7.396588595E-03
   225    1532.947596   6.346470E-01   1.190924E+15    2.44940E+35   9.087793102E-03  -6.257082E-01   8.144934642E-03
   226    1582.987175   6.341452E-01   1.189765E+15    2.44283E+35   1.000130545E-02  -6.252086E-01   8.967807293E-03
   227    1634.587804   6.336107E-01   1.188531E+15    2.43584E+35   1.100476403E-02  -6.246769E-01   9.872422157E-03
   228    1687.790898   6.330414E-01   1.187217E+15    2.42841E+35   1.210670025E-02  -6.241109E-01   1.086665774E-02
   229    1742.638232   6.324352E-01   1.185818E+15    2.42052E+35   1.331639895E-02  -6.235086E-01   1.195911016E-02
   230    1799.171855   6.317898E-01   1.184328E+15    2.41214E+35   1.464395531E-02  -6.228679E-01   1.315915135E-02
   231    1857.434002   6.311027E-01   1.182743E+15    2.40324E+35   1.610033452E-02  -6.221864E-01   1.447699062E-02
   232    1917.466988   6.303716E-01   1.181057E+15    2.39379E+35   1.769743373E-02  -6.214617E-01   1.592373978E-02
   233    1979.313098   6.295936E-01   1.179272E+15    2.38377E+35   1.944814886E-02  -6.206914E-01   1.751148151E-02
   234    2043.013988   6.287659E-01   1.177382E+15    2.37314E+35   2.136644495E-02  -6.198727E-01   1.925332785E-02
   235    2108.611006   6.278858E-01   1.175373E+15    2.36187E+35   2.346739795E-02  -6.190030E-01   2.116350424E-02
   236    2176.145455   6.269499E-01   1.173237E+15    2.34993E+35   2.576729074E-02  -6.180792E-01   2.325743951E-02
   237    2245.658001   6.259551E-01   1.170968E+15    2.33729E+35   2.828367177E-02  -6.170985E-01   2.555183473E-02
   238    2317.188485   6.248980E-01   1.168557E+15    2.32390E+35   3.103542205E-02  -6.160577E-01   2.806474411E-02
   239    2390.775725   6.237750E-01   1.165998E+15    2.30975E+35   3.404282033E-02  -6.149535E-01   3.081565682E-02
   240    2466.457286   6.225824E-01   1.163280E+15    2.29478E+35   3.732760490E-02  -6.137826E-01   3.382557884E-02
   241    2544.269248   6.213163E-01   1.160397E+15    2.27896E+35   4.091303078E-02  -6.125415E-01   3.711711390E-02
   242    2624.245937   6.199728E-01   1.157338E+15    2.26226E+35   4.482392070E-02  -6.112266E-01   4.071454209E-02
   243    2706.419625   6.185498E-01   1.154118E+15    2.24464E+35   4.908674812E-02  -6.098342E-01   4.464390092E-02
   244    2790.818760   6.170409E-01   1.150704E+15    2.22606E+35   5.372955425E-02  -6.083605E-01   4.893297191E-02
   245    2877.470571   6.154417E-01   1.147089E+15    2.20649E+35   5.878207454E-02  -6.068017E-01   5.361147302E-02
   246    2966.399291   6.137474E-01   1.143260E+15    2.18589E+35   6.427570808E-02  -6.051538E-01   5.871105381E-02
   247    3057.625800   6.119532E-01   1.139208E+15    2.16422E+35   7.024350201E-02  -6.034128E-01   6.426533462E-02
   248    3151.167249   6.100544E-01   1.134923E+15    2.14145E+35   7.672011409E-02  -6.015747E-01   7.030993047E-02
   249    3247.036663   6.080459E-01   1.130417E+15    2.11755E+35   8.374182376E-02  -5.996354E-01   7.688245681E-02
   250    3345.240555   6.059225E-01   1.125657E+15    2.09249E+35   9.134623846E-02  -5.975909E-01   8.402236426E-02
   251    3445.782281   6.036790E-01   1.120632E+15    2.06624E+35   9.957235069E-02  -5.954371E-01   9.177115095E-02
   252    3548.659845   6.013102E-01   1.115331E+15    2.03878E+35   1.084603281E-01  -5.931702E-01   1.001721800E-01
   253    3653.865396   5.988128E-01   1.109772E+15    2.01008E+35   1.180513570E-01  -5.907861E-01   1.092705737E-01
   254    3761.381834   5.961818E-01   1.103953E+15    1.98013E+35   1.283875412E-01  -5.882812E-01   1.191128416E-01
   255    3871.184728   5.934096E-01   1.097827E+15    1.94891E+35   1.395109670E-01  -5.856520E-01   1.297467504E-01
   256    3983.245587   5.904909E-01   1.091383E+15    1.91643E+35   1.514640422E-01  -5.828950E-01   1.412214882E-01
   257    4097.528245   5.874206E-01   1.084618E+15    1.88266E+35   1.642889222E-01  -5.800072E-01   1.535871157E-01
   258    4213.987652   5.841933E-01   1.077517E+15    1.84763E+35   1.780269733E-01  -5.769857E-01   1.668941281E-01
   259    4332.570839   5.808041E-01   1.070066E+15    1.81134E+35   1.927183359E-01  -5.738280E-01   1.811931878E-01
   260    4453.216112   5.772481E-01   1.062322E+15    1.77380E+35   2.084017666E-01  -5.705320E-01   1.965346222E-01
   261    4575.845665   5.735206E-01   1.054232E+15    1.73505E+35   2.251132337E-01  -5.670962E-01   2.129669310E-01
   262    4700.376653   5.696177E-01   1.045773E+15    1.69511E+35   2.428855433E-01  -5.635195E-01   2.305375870E-01
   263    4826.718238   5.655388E-01   1.036955E+15    1.65404E+35   2.617482150E-01  -5.598013E-01   2.492921909E-01
   264    4954.767603   5.612766E-01   1.027754E+15    1.61188E+35   2.817260461E-01  -5.559418E-01   2.692731363E-01
   265    5084.414092   5.568313E-01   1.018244E+15    1.56869E+35   3.028395076E-01  -5.519417E-01   2.905194742E-01
   266    5215.527120   5.521984E-01   1.008377E+15    1.52454E+35   3.251027634E-01  -5.478026E-01   3.130641631E-01
   267    5347.971491   5.473745E-01   9.981304E+14    1.47951E+35   3.485228381E-01  -5.435268E-01   3.369354202E-01
   268    5481.604579   5.423580E-01   9.875008E+14    1.43369E+35   3.731001638E-01  -5.391174E-01   3.621555940E-01
   269    5616.274416   5.371478E-01   9.765200E+14    1.38717E+35   3.988271864E-01  -5.345783E-01   3.887399371E-01
   270    5751.815723   5.317437E-01   9.651840E+14    1.34006E+35   4.256885004E-01  -5.299144E-01   4.166948466E-01
   271    5888.055278   5.261508E-01   9.535128E+14    1.29246E+35   4.536589299E-01  -5.251313E-01   4.460180014E-01
   272    6024.809473   5.203679E-01   9.414845E+14    1.24451E+35   4.827043552E-01  -5.202358E-01   4.766970337E-01
   273    6161.891049   5.143952E-01   9.291503E+14    1.19631E+35   5.127813958E-01  -5.152354E-01   5.087097407E-01
   274    6299.100119   5.082332E-01   9.164713E+14    1.14801E+35   5.438357872E-01  -5.101386E-01   5.420214065E-01
   275    6436.237986   5.018819E-01   9.034762E+14    1.09973E+35   5.758049538E-01  -5.049546E-01   5.765870192E-01
   276    6573.099009   4.953576E-01   8.901993E+14    1.05160E+35   6.086162636E-01  -4.996935E-01   6.123495718E-01
   277    6709.471237   4.886610E-01   8.766303E+14    1.00377E+35   6.421881750E-01  -4.943662E-01   6.492397445E-01
   278    6845.144342   4.817917E-01   8.627947E+14    9.56368E+34   6.764307574E-01  -4.889842E-01   6.871766371E-01
   279    6979.906099   4.747609E-01   8.487162E+14    9.09528E+34   7.112459601E-01  -4.835596E-01   7.260675735E-01
   280    7113.544255   4.675767E-01   8.344003E+14    8.63380E+34   7.465291250E-01  -4.781050E-01   7.658087506E-01
   281    7245.850946   4.602471E-01   8.198695E+14    8.18048E+34   7.821703057E-01  -4.726335E-01   8.062867007E-01
   282    7376.621802   4.527759E-01   8.051584E+14    7.73652E+34   8.180546116E-01  -4.671582E-01   8.473785608E-01
   283    7505.655787   4.451762E-01   7.902640E+14    7.30302E+34   8.540632636E-01  -4.616927E-01   8.889528039E-01
   284    7632.762564   4.374573E-01   7.752107E+14    6.88101E+34   8.900766663E-01  -4.562501E-01   9.308725684E-01
   285    7757.759769   4.296288E-01   7.600239E+14    6.47141E+34   9.259748629E-01  -4.508438E-01   9.729958444E-01
   286    7880.474228   4.216974E-01   7.447380E+14    6.07505E+34   9.616388861E-01  -4.454867E-01   1.015177330E+00
   287    8000.741858   4.136741E-01   7.293514E+14    5.69263E+34   9.969515674E-01  -4.401915E-01   1.057269616E+00
   288    8118.414389   4.055719E-01   7.138886E+14    5.32475E+34   1.031800382E+00  -4.349701E-01   1.099127078E+00
   289    8233.356187   3.974011E-01   6.983746E+14    4.97189E+34   1.066078265E+00  -4.298339E-01   1.140606186E+00
   290    8345.444936   3.891710E-01   6.828302E+14    4.63439E+34   1.099684432E+00  -4.247936E-01   1.181567429E+00
   291    8454.572784   3.808870E-01   6.672562E+14    4.31251E+34   1.132524894E+00  -4.198590E-01   1.221877128E+00
   292    8560.649899   3.725608E-01   6.516903E+14    4.00636E+34   1.164515116E+00  -4.150388E-01   1.261410294E+00
   293    8663.598793   3.642029E-01   6.361351E+14    3.71597E+34   1.195578961E+00  -4.103412E-01   1.300049914E+00
   294    8763.359687   3.558231E-01   6.206073E+14    3.44126E+34   1.225650030E+00  -4.057729E-01   1.337689872E+00
   295    8859.888133   3.474317E-01   6.051267E+14    3.18204E+34   1.254671637E+00  -4.013397E-01   1.374234525E+00
   296    8953.154113   3.390396E-01   5.897122E+14    2.93805E+34   1.282597448E+00  -3.970465E-01   1.409600799E+00
   297    9043.141617   3.306483E-01   5.743648E+14    2.70897E+34   1.309390711E+00  -3.928970E-01   1.443717611E+00
   298    9129.850549   3.222618E-01   5.590864E+14    2.49437E+34   1.335024767E+00  -3.888940E-01   1.476527027E+00
   299    9213.295695   3.053959E-01   5.284092E+14    2.29844E+34   1.358893349E+00  -3.850401E-01   1.507260573E+00
   300    9295.928426   2.974249E-01   5.139819E+14    2.11108E+34   1.382198996E+00  -3.812255E-01   1.537411404E+00
   301    9375.274068   2.895119E-01   4.997127E+14    1.93673E+34   1.404343883E+00  -3.775659E-01   1.566182799E+00
   302    9451.371564   2.816470E-01   4.855863E+14    1.77480E+34   1.425332417E+00  -3.740606E-01   1.593560836E+00
   303    9524.273375   2.738457E-01   4.716233E+14    1.62467E+34   1.445177036E+00  -3.707080E-01   1.619543369E+00
   304    9594.038814   2.661226E-01   4.578455E+14    1.48574E+34   1.463896242E+00  -3.675057E-01   1.644137610E+00
   305    9660.732953   2.584872E-01   4.442649E+14    1.35739E+34   1.481513188E+00  -3.644512E-01   1.667357915E+00
   306    9724.427324   2.509385E-01   4.308740E+14    1.23901E+34   1.498056297E+00  -3.615413E-01   1.689227848E+00
   307    9785.201450   2.434736E-01   4.176755E+14    1.12999E+34   1.513558712E+00  -3.587723E-01   1.709778473E+00
   308    9843.140156   2.361214E-01   4.047112E+14    1.02973E+34   1.528057398E+00  -3.561401E-01   1.729047232E+00
   309    9898.327194   2.288904E-01   3.919916E+14    9.37652E+33   1.541590597E+00  -3.536407E-01   1.747074329E+00
   310    9950.849164   2.217686E-01   3.794924E+14    8.53206E+33   1.554198869E+00  -3.512695E-01   1.763904966E+00
   311   10000.799083   2.147693E-01   3.672392E+14    7.75846E+33   1.565925393E+00  -3.490221E-01   1.779588938E+00
   312   10048.268606   1.997741E-01   3.410462E+14    7.05526E+33   1.576739721E+00  -3.468935E-01   1.794080347E+00
   313   10095.217786   1.781232E-01   3.033184E+14    6.44305E+33   1.586274679E+00  -3.447968E-01   1.806901663E+00
   314   10143.869580   1.723959E-01   2.933698E+14    5.84917E+33   1.595666088E+00  -3.426347E-01   1.819552708E+00
   315   10190.065237   1.668181E-01   2.836968E+14    5.30735E+33   1.604371192E+00  -3.405922E-01   1.831292112E+00
   316   10233.892372   1.613905E-01   2.742971E+14    4.81344E+33   1.612427887E+00  -3.386642E-01   1.842167674E+00
   317   10275.439219   1.560986E-01   2.651540E+14    4.36358E+33   1.619873518E+00  -3.368456E-01   1.852227182E+00
   318   10314.796284   1.509531E-01   2.562743E+14    3.95414E+33   1.626744934E+00  -3.351311E-01   1.861517934E+00
   319   10352.052235   1.459257E-01   2.476203E+14    3.58177E+33   1.633077742E+00  -3.335159E-01   1.870086173E+00
   320   10387.300012   1.410413E-01   2.392203E+14    3.24332E+33   1.638907045E+00  -3.319949E-01   1.877977641E+00
   321   10420.626699   1.362657E-01   2.310200E+14    2.93591E+33   1.644266101E+00  -3.305632E-01   1.885236158E+00
   322   10452.124961   1.316273E-01   2.230614E+14    2.65684E+33   1.649187501E+00  -3.292160E-01   1.891904787E+00
   323   10481.879189   1.271332E-01   2.153576E+14    2.40360E+33   1.653702437E+00  -3.279488E-01   1.898025032E+00
   324   10509.969371   1.227807E-01   2.079018E+14    2.17394E+33   1.657840271E+00  -3.267574E-01   1.903635983E+00
   325   10536.473777   1.185474E-01   2.006551E+14    1.96574E+33   1.661628723E+00  -3.256377E-01   1.908774743E+00
   326   10561.472794   1.144152E-01   1.935880E+14    1.77712E+33   1.665093526E+00  -3.245857E-01   1.913475747E+00
   327   10585.047649   1.104189E-01   1.867561E+14    1.60627E+33   1.668260287E+00  -3.235973E-01   1.917773406E+00
   328   10607.269060   1.064381E-01   1.799655E+14    1.45163E+33   1.671150927E+00  -3.226690E-01   1.921697116E+00
   329   10628.228096   1.025811E-01   1.733894E+14    1.31167E+33   1.673788582E+00  -3.217964E-01   1.925277957E+00
   330   10647.990960   9.880241E-02   1.669510E+14    1.18503E+33   1.676193732E+00  -3.209764E-01   1.928543590E+00
   331   10666.629112   9.504130E-02   1.605486E+14    1.07054E+33   1.678383898E+00  -3.202055E-01   1.931517648E+00
   332   10684.222725   9.141864E-02   1.543837E+14    9.66982E+32   1.680378754E+00  -3.194801E-01   1.934226750E+00
   333   10700.824765   8.695985E-02   1.467888E+14    8.73611E+32   1.682189250E+00  -3.187975E-01   1.936685799E+00
   334   10716.667058   8.211975E-02   1.385437E+14    7.89689E+32   1.683826625E+00  -3.181481E-01   1.938910405E+00
   335   10731.901079   7.754477E-02   1.307544E+14    7.13759E+32   1.685316969E+00  -3.175253E-01   1.940935884E+00
   336   10746.547602   7.322097E-02   1.233967E+14    6.45073E+32   1.686673016E+00  -3.169283E-01   1.942779402E+00
   337   10760.626881   6.913506E-02   1.164476E+14    5.82949E+32   1.687906460E+00  -3.163559E-01   1.944456738E+00
   338   10774.158658   6.527438E-02   1.098852E+14    5.26768E+32   1.689028030E+00  -3.158072E-01   1.945982378E+00
   339   10787.162154   6.162689E-02   1.036885E+14    4.75969E+32   1.690047564E+00  -3.152814E-01   1.947369615E+00
   340   10799.656074   5.818115E-02   9.783773E+13    4.30042E+32   1.690974076E+00  -3.147774E-01   1.948630634E+00
   341   10811.658611   5.492627E-02   9.231405E+13    3.88524E+32   1.691815819E+00  -3.142945E-01   1.949776599E+00
   342   10823.187443   5.185192E-02   8.709958E+13    3.50996E+32   1.692580346E+00  -3.138317E-01   1.950817729E+00
   343   10834.259740   4.894831E-02   8.217738E+13    3.17077E+32   1.693274562E+00  -3.133884E-01   1.951763374E+00
   344   10844.892171   4.620613E-02   7.753137E+13    2.86423E+32   1.693904779E+00  -3.129636E-01   1.952622083E+00
   345   10855.100905   4.361656E-02   7.314632E+13    2.58723E+32   1.694476765E+00  -3.125567E-01   1.953401668E+00
   346   10864.901621   4.117125E-02   6.900780E+13    2.33692E+32   1.694995783E+00  -3.121669E-01   1.954109264E+00
   347   10874.309511   3.886228E-02   6.510216E+13    2.11076E+32   1.695466637E+00  -3.117935E-01   1.954751383E+00
   348   10883.339291   3.668214E-02   6.141646E+13    1.90643E+32   1.695893709E+00  -3.114358E-01   1.955333967E+00
   349   10892.005209   3.462374E-02   5.793846E+13    1.72182E+32   1.696280995E+00  -3.110932E-01   1.955862434E+00
   350   10900.321049   3.268036E-02   5.465660E+13    1.55505E+32   1.696632134E+00  -3.107651E-01   1.956341724E+00
   351   10908.300145   3.084563E-02   5.155991E+13    1.40440E+32   1.696950442E+00  -3.104509E-01   1.956776337E+00
   352   10915.955388   2.911353E-02   4.863804E+13    1.26832E+32   1.697238941E+00  -3.101499E-01   1.957170372E+00
   353   10923.299235   2.747838E-02   4.588122E+13    1.14540E+32   1.697500378E+00  -3.098617E-01   1.957527560E+00
   354   10930.343719   2.593479E-02   4.328019E+13    1.03437E+32   1.697737254E+00  -3.095857E-01   1.957851298E+00
   355   10937.100460   2.447766E-02   4.082620E+13    9.34088E+31   1.697951844E+00  -3.093215E-01   1.958144676E+00
   356   10943.580675   2.310220E-02   3.851101E+13    8.43515E+31   1.698146217E+00  -3.090684E-01   1.958410504E+00
   357   10949.795185   2.154999E-02   3.592336E+13    7.62155E+31   1.698321300E+00  -3.088260E-01   1.958649971E+00
   358   10955.824683   2.009441E-02   3.349740E+13    6.88656E+31   1.698479885E+00  -3.085912E-01   1.958866829E+00
   359   10961.676641   1.873701E-02   3.123503E+13    6.22238E+31   1.698623562E+00  -3.083637E-01   1.959063259E+00
   360   10967.356009   1.745340E-02   2.909385E+13    5.62239E+31   1.698753679E+00  -3.081432E-01   1.959241117E+00
   361   10972.873734   1.624837E-02   2.708289E+13    5.08049E+31   1.698871485E+00  -3.079292E-01   1.959402131E+00
   362   10978.237711   1.512645E-02   2.521077E+13    4.59077E+31   1.698978199E+00  -3.077215E-01   1.959547969E+00
   363   10983.452002   1.403717E-02   2.339402E+13    4.14892E+31   1.699074705E+00  -3.075198E-01   1.959679843E+00
   364   10988.537402   1.302602E-02   2.170768E+13    3.74958E+31   1.699162124E+00  -3.073234E-01   1.959799284E+00
   365   10993.497020   1.208764E-02   2.014280E+13    3.38865E+31   1.699241307E+00  -3.071320E-01   1.959907460E+00
   366   10998.333802   1.120608E-02   1.867468E+13    3.06257E+31   1.699312997E+00  -3.069456E-01   1.960005384E+00
   367   11003.054860   1.038797E-02   1.731232E+13    2.76787E+31   1.699377924E+00  -3.067639E-01   1.960094050E+00
   368   11007.663155   9.628999E-03   1.604833E+13    2.50152E+31   1.699436726E+00  -3.065868E-01   1.960174333E+00
   369   11012.161516   8.910911E-03   1.485152E+13    2.26100E+31   1.699489933E+00  -3.064140E-01   1.960246964E+00
   370   11016.560230   8.246348E-03   1.374391E+13    2.04360E+31   1.699538120E+00  -3.062453E-01   1.960312732E+00
   371   11020.861388   7.626318E-03   1.271053E+13    1.84711E+31   1.699581754E+00  -3.060805E-01   1.960372276E+00
   372   11025.069845   7.047500E-03   1.174583E+13    1.66961E+31   1.699621244E+00  -3.059194E-01   1.960426157E+00
   373   11029.190900   6.511263E-03   1.085213E+13    1.50917E+31   1.699657005E+00  -3.057618E-01   1.960474943E+00
   374   11033.227104   6.007299E-03   1.001236E+13    1.36426E+31   1.699689364E+00  -3.056076E-01   1.960519081E+00
   375   11037.185970   5.540615E-03   9.234692E+12    1.23326E+31   1.699718666E+00  -3.054566E-01   1.960559043E+00
   376   11041.070120   4.940234E-03   8.234006E+12    1.11745E+31   1.699744615E+00  -3.053085E-01   1.960594427E+00
   377   11045.021061   4.526306E-03   7.543997E+12    1.01051E+31   1.699768617E+00  -3.051580E-01   1.960627150E+00
   378   11048.924724   4.147054E-03   6.911799E+12    9.13812E+30   1.699790359E+00  -3.050095E-01   1.960656790E+00
   379   11052.781625   3.791932E-03   6.319886E+12    8.26403E+30   1.699810045E+00  -3.048629E-01   1.960683622E+00
   380   11056.600107   3.462189E-03   5.770315E+12    7.47452E+30   1.699827856E+00  -3.047179E-01   1.960707896E+00
   381   11060.386465   3.159162E-03   5.265338E+12    6.76050E+30   1.699843991E+00  -3.045743E-01   1.960729882E+00
   382   11064.143249   2.874793E-03   4.791732E+12    6.11567E+30   1.699858586E+00  -3.044319E-01   1.960749767E+00
   383   11067.881220   2.608575E-03   4.348273E+12    5.53261E+30   1.699871805E+00  -3.042904E-01   1.960767773E+00
   384   11071.611269   2.304865E-03   3.841903E+12    5.01264E+30   1.699883612E+00  -3.041493E-01   1.960783853E+00
   385   11075.439689   1.890971E-03   3.151285E+12    4.54691E+30   1.699894205E+00  -3.040046E-01   1.960798278E+00
   386   11079.676960   1.682064E-03   2.803105E+12    4.11815E+30   1.699903972E+00  -3.038446E-01   1.960811580E+00
   387   11083.995912   1.496237E-03   2.493396E+12    3.72983E+30   1.699912835E+00  -3.036818E-01   1.960823647E+00
   388   11088.398206   1.323228E-03   2.204835E+12    3.37915E+30   1.699920853E+00  -3.035159E-01   1.960834564E+00
   389   11092.913471   1.168240E-03   1.946470E+12    3.06156E+30   1.699928128E+00  -3.033460E-01   1.960844469E+00
   390   11097.552500   1.027285E-03   1.711769E+12    2.77452E+30   1.699934717E+00  -3.031717E-01   1.960853437E+00
   391   11102.338425   8.999426E-04   1.499789E+12    2.51480E+30   1.699940690E+00  -3.029920E-01   1.960861565E+00
   392   11107.295201   7.865474E-04   1.310912E+12    2.27963E+30   1.699946109E+00  -3.028062E-01   1.960868938E+00
   393   11112.441985   6.857047E-04   1.142841E+12    2.06676E+30   1.699951025E+00  -3.026135E-01   1.960875624E+00
   394   11117.800999   5.961983E-04   9.936841E+11    1.87408E+30   1.699955485E+00  -3.024131E-01   1.960881688E+00
   395   11123.396984   4.669052E-04   7.781752E+11    1.70217E+30   1.699959473E+00  -3.022041E-01   1.960887109E+00
   396   11129.894308   4.283301E-04   7.138657E+11    1.53921E+30   1.699963262E+00  -3.019619E-01   1.960892260E+00
   397   11136.309699   3.929416E-04   6.548700E+11    1.39185E+30   1.699966698E+00  -3.017231E-01   1.960896929E+00
   398   11142.644045   3.604764E-04   6.007492E+11    1.25860E+30   1.699969814E+00  -3.014877E-01   1.960901163E+00
   399   11148.898229   3.306932E-04   5.511005E+11    1.13810E+30   1.699972640E+00  -3.012556E-01   1.960905001E+00
   400   11155.073127   3.033704E-04   5.055545E+11    1.02914E+30   1.699975202E+00  -3.010269E-01   1.960908481E+00
   401   11161.169610   2.785494E-04   4.641962E+11    9.30595E+29   1.699977525E+00  -3.008014E-01   1.960911635E+00
   402   11167.182963   2.560472E-04   4.267215E+11    8.41405E+29   1.699979634E+00  -3.005793E-01   1.960914497E+00
   403   11173.106681   2.353626E-04   3.922717E+11    7.60762E+29   1.699981545E+00  -3.003608E-01   1.960917091E+00
   404   11178.941957   2.163487E-04   3.606027E+11    6.87847E+29   1.699983277E+00  -3.001460E-01   1.960919441E+00
   405   11184.689970   1.988706E-04   3.314900E+11    6.21920E+29   1.699984848E+00  -2.999346E-01   1.960921572E+00
   406   11190.351891   1.828043E-04   3.047274E+11    5.62311E+29   1.699986271E+00  -2.997268E-01   1.960923502E+00
   407   11195.928878   1.680358E-04   2.801252E+11    5.08414E+29   1.699987562E+00  -2.995223E-01   1.960925251E+00
   408   11201.422076   1.547051E-04   2.578968E+11    4.59650E+29   1.699988732E+00  -2.993212E-01   1.960926837E+00
   409   11206.824111   1.424604E-04   2.374774E+11    4.15555E+29   1.699989793E+00  -2.991237E-01   1.960928274E+00
   410   11212.135258   1.311848E-04   2.186745E+11    3.75690E+29   1.699990754E+00  -2.989298E-01   1.960929577E+00
   411   11217.356918   1.208015E-04   2.013602E+11    3.39649E+29   1.699991625E+00  -2.987394E-01   1.960930756E+00
   412   11222.490472   1.112399E-04   1.854166E+11    3.07065E+29   1.699992414E+00  -2.985524E-01   1.960931825E+00
   413   11227.537288   1.024350E-04   1.707352E+11    2.77606E+29   1.699993129E+00  -2.983689E-01   1.960932794E+00
   414   11232.498714   9.432699E-05   1.572162E+11    2.50973E+29   1.699993777E+00  -2.981886E-01   1.960933671E+00
   415   11237.376082   8.686892E-05   1.447816E+11    2.26895E+29   1.699994364E+00  -2.980117E-01   1.960934466E+00
   416   11242.170232   8.011401E-05   1.335248E+11    2.05110E+29   1.699994896E+00  -2.978380E-01   1.960935186E+00
   417   11246.875251   7.388428E-05   1.231431E+11    1.85417E+29   1.699995379E+00  -2.976677E-01   1.960935839E+00
   418   11251.492685   6.813892E-05   1.135685E+11    1.67614E+29   1.699995815E+00  -2.975008E-01   1.960936430E+00
   419   11256.024057   6.284027E-05   1.047382E+11    1.51520E+29   1.699996211E+00  -2.973371E-01   1.960936965E+00
   420   11260.470870   5.795359E-05   9.659439E+10    1.36971E+29   1.699996569E+00  -2.971767E-01   1.960937450E+00
   421   11264.834602   5.344688E-05   8.908372E+10    1.23820E+29   1.699996894E+00  -2.970195E-01   1.960937888E+00
   422   11269.116710   4.929058E-05   8.215697E+10    1.11930E+29   1.699997188E+00  -2.968654E-01   1.960938286E+00
   423   11273.318629   4.545745E-05   7.576875E+10    1.01183E+29   1.699997454E+00  -2.967143E-01   1.960938646E+00
   424   11277.441772   4.192238E-05   6.987719E+10    9.14671E+28   1.699997695E+00  -2.965662E-01   1.960938972E+00
   425   11281.487532   3.868345E-05   6.447845E+10    8.26834E+28   1.699997913E+00  -2.964211E-01   1.960939267E+00
   426   11285.455105   3.572712E-05   5.954965E+10    7.47382E+28   1.699998111E+00  -2.962789E-01   1.960939534E+00
   427   11289.342213   3.299669E-05   5.499756E+10    6.75564E+28   1.699998290E+00  -2.961397E-01   1.960939776E+00
   428   11293.150406   3.047490E-05   5.079340E+10    6.10646E+28   1.699998452E+00  -2.960035E-01   1.960939995E+00
   429   11296.881210   2.814582E-05   4.691058E+10    5.51966E+28   1.699998599E+00  -2.958701E-01   1.960940194E+00
   430   11300.536121   2.599473E-05   4.332454E+10    4.98925E+28   1.699998732E+00  -2.957396E-01   1.960940373E+00
   431   11304.116611   2.400801E-05   4.001260E+10    4.50980E+28   1.699998853E+00  -2.956119E-01   1.960940536E+00
   432   11307.624126   2.217312E-05   3.695381E+10    4.07642E+28   1.699998962E+00  -2.954869E-01   1.960940683E+00
   433   11311.060087   2.047845E-05   3.412882E+10    3.68468E+28   1.699999060E+00  -2.953645E-01   1.960940816E+00
   434   11314.425891   1.891329E-05   3.151978E+10    3.33058E+28   1.699999150E+00  -2.952447E-01   1.960940937E+00
   435   11317.722908   1.746774E-05   2.911016E+10    3.01051E+28   1.699999230E+00  -2.951275E-01   1.960941046E+00
   436   11320.952486   1.613266E-05   2.688474E+10    2.72120E+28   1.699999304E+00  -2.950128E-01   1.960941144E+00
   437   11324.115948   1.489961E-05   2.482943E+10    2.45969E+28   1.699999370E+00  -2.949005E-01   1.960941234E+00
   438   11327.214593   1.377282E-05   2.295154E+10    2.22324E+28   1.699999430E+00  -2.947906E-01   1.960941315E+00
   439   11330.246928   1.273719E-05   2.122575E+10    2.00944E+28   1.699999484E+00  -2.946831E-01   1.960941388E+00
   440   11333.212782   1.177942E-05   1.962972E+10    1.81619E+28   1.699999533E+00  -2.945781E-01   1.960941454E+00
   441   11336.113563   1.089367E-05   1.815368E+10    1.64153E+28   1.699999578E+00  -2.944754E-01   1.960941514E+00
   442   11338.950649   1.007452E-05   1.678863E+10    1.48366E+28   1.699999618E+00  -2.943751E-01   1.960941569E+00
   443   11341.725393   9.316953E-06   1.552620E+10    1.34098E+28   1.699999654E+00  -2.942770E-01   1.960941618E+00
   444   11344.439120   8.616349E-06   1.435870E+10    1.21201E+28   1.699999687E+00  -2.941812E-01   1.960941662E+00
   445   11347.093130   7.968424E-06   1.327898E+10    1.09545E+28   1.699999717E+00  -2.940875E-01   1.960941702E+00
   446   11349.688696   7.369216E-06   1.228044E+10    9.90095E+27   1.699999744E+00  -2.939959E-01   1.960941739E+00
   447   11352.227065   6.815063E-06   1.135698E+10    8.94873E+27   1.699999768E+00  -2.939065E-01   1.960941772E+00
   448   11354.709462   6.302578E-06   1.050296E+10    8.08809E+27   1.699999790E+00  -2.938190E-01   1.960941801E+00
   449   11357.137085   5.828628E-06   9.713157E+09    7.31021E+27   1.699999810E+00  -2.937336E-01   1.960941828E+00
   450   11359.511108   5.390316E-06   8.982738E+09    6.60714E+27   1.699999829E+00  -2.936500E-01   1.960941853E+00
   451   11361.832683   4.984962E-06   8.307242E+09    5.97168E+27   1.699999845E+00  -2.935684E-01   1.960941875E+00
   452   11364.102938   4.610089E-06   7.682538E+09    5.39734E+27   1.699999860E+00  -2.934886E-01   1.960941895E+00
   453   11366.322976   4.263404E-06   7.104808E+09    4.87824E+27   1.699999873E+00  -2.934106E-01   1.960941913E+00
   454   11368.493880   3.942788E-06   6.570521E+09    4.40905E+27   1.699999885E+00  -2.933344E-01   1.960941929E+00
   455   11370.616711   3.646282E-06   6.076409E+09    3.98499E+27   1.699999896E+00  -2.932599E-01   1.960941944E+00
   456   11372.692506   3.372091E-06   5.619485E+09    3.60172E+27   1.699999906E+00  -2.931871E-01   1.960941957E+00
   457   11374.722273   3.123544E-06   5.205321E+09    3.25502E+27   1.699999915E+00  -2.931160E-01   1.960941969E+00
   458   11376.703634   2.893316E-06   4.821679E+09    2.94170E+27   1.699999923E+00  -2.930466E-01   1.960941980E+00
   459   11378.637721   2.680056E-06   4.466310E+09    2.65853E+27   1.699999931E+00  -2.929788E-01   1.960941990E+00
   460   11380.525639   2.482514E-06   4.137130E+09    2.40262E+27   1.699999937E+00  -2.929128E-01   1.960941999E+00
   461   11382.368466   2.299531E-06   3.832210E+09    2.17134E+27   1.699999943E+00  -2.928483E-01   1.960942007E+00
   462   11384.167260   2.130035E-06   3.549763E+09    1.96233E+27   1.699999949E+00  -2.927854E-01   1.960942015E+00
   463   11385.923052   1.973031E-06   3.288131E+09    1.77343E+27   1.699999954E+00  -2.927240E-01   1.960942021E+00
   464   11387.636850   1.827599E-06   3.045781E+09    1.60272E+27   1.699999958E+00  -2.926641E-01   1.960942027E+00
   465   11389.309642   1.692886E-06   2.821292E+09    1.44844E+27   1.699999962E+00  -2.926057E-01   1.960942033E+00
   466   11390.942391   1.568103E-06   2.613349E+09    1.30901E+27   1.699999966E+00  -2.925487E-01   1.960942037E+00
   467   11392.536038   1.452516E-06   2.420730E+09    1.18300E+27   1.699999969E+00  -2.924931E-01   1.960942042E+00
   468   11394.091505   1.345449E-06   2.242308E+09    1.06912E+27   1.699999972E+00  -2.924388E-01   1.960942046E+00
   469   11395.609691   1.246274E-06   2.077036E+09    9.66200E+26   1.699999975E+00  -2.923859E-01   1.960942050E+00
   470   11397.091475   1.154409E-06   1.923945E+09    8.73189E+26   1.699999977E+00  -2.923343E-01   1.960942053E+00
   471   11398.537717   1.069315E-06   1.782137E+09    7.89131E+26   1.699999979E+00  -2.922839E-01   1.960942056E+00
   472   11399.949256   9.904926E-07   1.650781E+09    7.13165E+26   1.699999981E+00  -2.922347E-01   1.960942058E+00
   473   11401.326913   9.174805E-07   1.529106E+09    6.44512E+26   1.699999983E+00  -2.921867E-01   1.960942061E+00
   474   11402.671488   8.498500E-07   1.416399E+09    5.82467E+26   1.699999985E+00  -2.921399E-01   1.960942063E+00
   475   11403.983766   7.872045E-07   1.311999E+09    5.26395E+26   1.699999986E+00  -2.920943E-01   1.960942065E+00
   476   11405.264510   7.291767E-07   1.215294E+09    4.75720E+26   1.699999987E+00  -2.920497E-01   1.960942067E+00
   477   11406.514470   6.754260E-07   1.125716E+09    4.29924E+26   1.699999989E+00  -2.920062E-01   1.960942068E+00
   478   11407.734374   6.256374E-07   1.042741E+09    3.88536E+26   1.699999990E+00  -2.919638E-01   1.960942070E+00
   479   11408.924937   5.795188E-07   9.658810E+08    3.51133E+26   1.699999991E+00  -2.919224E-01   1.960942071E+00
   480   11410.086855   5.367996E-07   8.946865E+08    3.17330E+26   1.699999992E+00  -2.918821E-01   1.960942072E+00
   481   11411.220809   4.972293E-07   8.287394E+08    2.86781E+26   1.699999992E+00  -2.918427E-01   1.960942073E+00
   482   11412.327465   4.605758E-07   7.676530E+08    2.59173E+26   1.699999993E+00  -2.918043E-01   1.960942074E+00
   483   11413.407471   4.266242E-07   7.110691E+08    2.34222E+26   1.699999994E+00  -2.917668E-01   1.960942075E+00
   484   11414.461463   3.951752E-07   6.586559E+08    2.11674E+26   1.699999994E+00  -2.917302E-01   1.960942076E+00
   485   11415.490059   3.660444E-07   6.101059E+08    1.91296E+26   1.699999995E+00  -2.916945E-01   1.960942077E+00
   486   11416.493866   3.390609E-07   5.651345E+08    1.72880E+26   1.699999995E+00  -2.916597E-01   1.960942078E+00
   487   11417.473474   3.140665E-07   5.234777E+08    1.56236E+26   1.699999996E+00  -2.916257E-01   1.960942078E+00
   488   11418.429461   2.909145E-07   4.848915E+08    1.41195E+26   1.699999996E+00  -2.915925E-01   1.960942079E+00
   489   11419.362391   2.694692E-07   4.491494E+08    1.27602E+26   1.699999997E+00  -2.915602E-01   1.960942079E+00
   490   11420.272815   2.496046E-07   4.160418E+08    1.15318E+26   1.699999997E+00  -2.915287E-01   1.960942080E+00
   491   11421.161269   2.312044E-07   3.853745E+08    1.04216E+26   1.699999997E+00  -2.914979E-01   1.960942080E+00
   492   11422.028281   2.141606E-07   3.569677E+08    9.41830E+25   1.699999997E+00  -2.914678E-01   1.960942080E+00
   493   11422.874361   1.990611E-07   3.312207E+08    8.51094E+25   1.699999998E+00  -2.914385E-01   1.960942081E+00
   494   11423.698539   1.851781E-07   3.074532E+08    7.69071E+25   1.699999998E+00  -2.914100E-01   1.960942081E+00
   495   11424.501029   1.719403E-07   2.853751E+08    6.94954E+25   1.699999998E+00  -2.913822E-01   1.960942081E+00
   496   11425.282442   1.595935E-07   2.648797E+08    6.27981E+25   1.699999998E+00  -2.913552E-01   1.960942081E+00
   497   11426.043336   1.481332E-07   2.458562E+08    5.67462E+25   1.699999998E+00  -2.913288E-01   1.960942082E+00
   498   11426.784246   1.374959E-07   2.281989E+08    5.12775E+25   1.699999999E+00  -2.913032E-01   1.960942082E+00
   499   11427.505693   1.276224E-07   2.118097E+08    4.63358E+25   1.699999999E+00  -2.912782E-01   1.960942082E+00
   500   11428.208185   1.184579E-07   1.965976E+08    4.18703E+25   1.699999999E+00  -2.912539E-01   1.960942082E+00
   501   11428.892217   1.099713E-07   1.825151E+08    3.78351E+25   1.699999999E+00  -2.912303E-01   1.960942082E+00
   502   11429.558133   1.021141E-07   1.694816E+08    3.41880E+25   1.699999999E+00  -2.912072E-01   1.960942082E+00
   503   11430.206242   9.481832E-08   1.573788E+08    3.08925E+25   1.699999999E+00  -2.911848E-01   1.960942083E+00
   504   11430.837018   8.804374E-08   1.461402E+08    2.79146E+25   1.699999999E+00  -2.911630E-01   1.960942083E+00
   505   11431.450921   8.175318E-08   1.357042E+08    2.52238E+25   1.699999999E+00  -2.911418E-01   1.960942083E+00
   506   11432.048401   7.591206E-08   1.260134E+08    2.27924E+25   1.699999999E+00  -2.911212E-01   1.960942083E+00
   507   11432.629893   7.048918E-08   1.170161E+08    2.05953E+25   1.699999999E+00  -2.911011E-01   1.960942083E+00
   508   11433.195818   6.549168E-08   1.087230E+08    1.86095E+25   1.699999999E+00  -2.910815E-01   1.960942083E+00
   509   11433.746258   6.084848E-08   1.010176E+08    1.68151E+25   1.700000000E+00  -2.910625E-01   1.960942083E+00
   510   11434.281636   5.653447E-08   9.385830E+07    1.51937E+25   1.700000000E+00  -2.910440E-01   1.960942083E+00
   511   11434.802361   5.252630E-08   8.720638E+07    1.37287E+25   1.700000000E+00  -2.910260E-01   1.960942083E+00
   512   11435.308834   4.880229E-08   8.102588E+07    1.24050E+25   1.700000000E+00  -2.910086E-01   1.960942083E+00
   513   11435.801442   4.534230E-08   7.528340E+07    1.12088E+25   1.700000000E+00  -2.909916E-01   1.960942083E+00
   514   11436.280562   4.214473E-08   6.997378E+07    1.01279E+25   1.700000000E+00  -2.909750E-01   1.960942083E+00
   515   11436.746387   3.918554E-08   6.505805E+07    9.15105E+24   1.700000000E+00  -2.909589E-01   1.960942083E+00
   516   11437.199137   3.643413E-08   6.048764E+07    8.26838E+24   1.700000000E+00  -2.909433E-01   1.960942083E+00
   517   11437.639176   3.387590E-08   5.623831E+07    7.47084E+24   1.700000000E+00  -2.909281E-01   1.960942083E+00
   518   11438.066861   3.149729E-08   5.228749E+07    6.75023E+24   1.700000000E+00  -2.909134E-01   1.960942083E+00
   519   11438.482536   2.928570E-08   4.861421E+07    6.09913E+24   1.700000000E+00  -2.908990E-01   1.960942083E+00
   520   11438.886538   2.722939E-08   4.519899E+07    5.51083E+24   1.700000000E+00  -2.908851E-01   1.960942083E+00
   521   11439.279194   2.533587E-08   4.205598E+07    4.97907E+24   1.700000000E+00  -2.908715E-01   1.960942084E+00
   522   11439.660512   2.357401E-08   3.913152E+07    4.49862E+24   1.700000000E+00  -2.908584E-01   1.960942084E+00
   523   11440.030819   2.193467E-08   3.641042E+07    4.06453E+24   1.700000000E+00  -2.908456E-01   1.960942084E+00
   524   11440.390431   2.040934E-08   3.387853E+07    3.67233E+24   1.700000000E+00  -2.908332E-01   1.960942084E+00
   525   11440.739657   1.899007E-08   3.152270E+07    3.31797E+24   1.700000000E+00  -2.908212E-01   1.960942084E+00
   526   11441.078796   1.766949E-08   2.933068E+07    2.99780E+24   1.700000000E+00  -2.908095E-01   1.960942084E+00
   527   11441.408137   1.644718E-08   2.730177E+07    2.70852E+24   1.700000000E+00  -2.907981E-01   1.960942084E+00
   528   11441.727837   1.531840E-08   2.542812E+07    2.44703E+24   1.700000000E+00  -2.907871E-01   1.960942084E+00
   529   11442.037980   1.426709E-08   2.368304E+07    2.21079E+24   1.700000000E+00  -2.907764E-01   1.960942084E+00
   530   11442.338852   1.328793E-08   2.205773E+07    1.99736E+24   1.700000000E+00  -2.907660E-01   1.960942084E+00
   531   11442.630729   1.237597E-08   2.054396E+07    1.80453E+24   1.700000000E+00  -2.907560E-01   1.960942084E+00
   532   11442.913879   1.152659E-08   1.913407E+07    1.63032E+24   1.700000000E+00  -2.907462E-01   1.960942084E+00
   533   11443.188562   1.073551E-08   1.782094E+07    1.47292E+24   1.700000000E+00  -2.907368E-01   1.960942084E+00
   534   11443.455032   1.000592E-08   1.661063E+07    1.33069E+24   1.700000000E+00  -2.907276E-01   1.960942084E+00
   535   11443.713328   9.328848E-09   1.548771E+07    1.20215E+24   1.700000000E+00  -2.907187E-01   1.960942084E+00
   536   11443.963608   8.697586E-09   1.444070E+07    1.08603E+24   1.700000000E+00  -2.907101E-01   1.960942084E+00
   537   11444.206122   8.109040E-09   1.346447E+07    9.81122E+23   1.700000000E+00  -2.907017E-01   1.960942084E+00
   538   11444.441109   7.560318E-09   1.255424E+07    8.86350E+23   1.700000000E+00  -2.906936E-01   1.960942084E+00
   539   11444.668803   7.048728E-09   1.170554E+07    8.00733E+23   1.700000000E+00  -2.906858E-01   1.960942084E+00
   540   11444.889430   6.571755E-09   1.091421E+07    7.23386E+23   1.700000000E+00  -2.906782E-01   1.960942084E+00
   541   11445.103208   6.133340E-09   1.018588E+07    6.53480E+23   1.700000000E+00  -2.906708E-01   1.960942084E+00
   542   11445.310148   5.724885E-09   9.507230E+06    5.90324E+23   1.700000000E+00  -2.906637E-01   1.960942084E+00
   543   11445.510442   5.343631E-09   8.873795E+06    5.33272E+23   1.700000000E+00  -2.906568E-01   1.960942084E+00
   544   11445.704305   4.987766E-09   8.282563E+06    4.81733E+23   1.700000000E+00  -2.906501E-01   1.960942084E+00
   545   11445.891942   4.655601E-09   7.730722E+06    4.35175E+23   1.700000000E+00  -2.906436E-01   1.960942084E+00
   546   11446.073552   4.345556E-09   7.215648E+06    3.93117E+23   1.700000000E+00  -2.906374E-01   1.960942084E+00
   547   11446.249330   4.056159E-09   6.734892E+06    3.55124E+23   1.700000000E+00  -2.906313E-01   1.960942084E+00
   548   11446.419462   3.790537E-09   6.293652E+06    3.20783E+23   1.700000000E+00  -2.906255E-01   1.960942084E+00
   549   11446.583923   3.542418E-09   5.881499E+06    2.89761E+23   1.700000000E+00  -2.906198E-01   1.960942084E+00
   550   11446.742897   3.310541E-09   5.496336E+06    2.61740E+23   1.700000000E+00  -2.906143E-01   1.960942084E+00
   551   11446.896567   3.093841E-09   5.136397E+06    2.36428E+23   1.700000000E+00  -2.906090E-01   1.960942084E+00
   552   11447.045108   2.891325E-09   4.800029E+06    2.13564E+23   1.700000000E+00  -2.906039E-01   1.960942084E+00
   553   11447.188694   2.702066E-09   4.485688E+06    1.92911E+23   1.700000000E+00  -2.905990E-01   1.960942084E+00
   554   11447.327487   2.525195E-09   4.191932E+06    1.74256E+23   1.700000000E+00  -2.905942E-01   1.960942084E+00
   555   11447.461649   2.362672E-09   3.922133E+06    1.57395E+23   1.700000000E+00  -2.905896E-01   1.960942084E+00
   556   11447.591170   2.210769E-09   3.669971E+06    1.42164E+23   1.700000000E+00  -2.905851E-01   1.960942084E+00
   557   11447.716199   2.068632E-09   3.434022E+06    1.28407E+23   1.700000000E+00  -2.905808E-01   1.960942084E+00
   558   11447.836893   1.935634E-09   3.213242E+06    1.15982E+23   1.700000000E+00  -2.905767E-01   1.960942084E+00
   559   11447.953402   1.811186E-09   3.006656E+06    1.04758E+23   1.700000000E+00  -2.905727E-01   1.960942084E+00
   560   11448.065870   1.694740E-09   2.813352E+06    9.46213E+22   1.700000000E+00  -2.905688E-01   1.960942084E+00
   561   11448.174438   1.585780E-09   2.632476E+06    8.54650E+22   1.700000000E+00  -2.905650E-01   1.960942084E+00
   562   11448.279242   1.485153E-09   2.465416E+06    7.71919E+22   1.700000000E+00  -2.905614E-01   1.960942084E+00
   563   11448.380316   1.391266E-09   2.309543E+06    6.97180E+22   1.700000000E+00  -2.905580E-01   1.960942084E+00
   564   11448.477768   1.303314E-09   2.163525E+06    6.29677E+22   1.700000000E+00  -2.905546E-01   1.960942084E+00
   565   11448.571728   1.220922E-09   2.026739E+06    5.68710E+22   1.700000000E+00  -2.905514E-01   1.960942084E+00
   566   11448.662319   1.143739E-09   1.898601E+06    5.13646E+22   1.700000000E+00  -2.905483E-01   1.960942084E+00
   567   11448.749663   1.071435E-09   1.778565E+06    4.63914E+22   1.700000000E+00  -2.905453E-01   1.960942084E+00
   568   11448.833877   1.003702E-09   1.666117E+06    4.18996E+22   1.700000000E+00  -2.905424E-01   1.960942084E+00
   569   11448.915072   9.407693E-10   1.561664E+06    3.78424E+22   1.700000000E+00  -2.905396E-01   1.960942084E+00
