       6     560     312     392

     EOS file :  /Users/dany/Work/NStar/eos/v14/APR_EOS_Acc_Pd.dat           

  step        radius       baryon#       density        pressure       encl. mass            phi     encl. bar. mass 
                (m)        (#/fm3)       (g/cm3)        (dyn/cm2)      (sol. mass)                     (sol. mass)   

     0       0.000000   4.902891E-01   8.799162E+14    1.01525E+35   0.000000000E+00  -3.852969E-01   0.000000000E+00
     1       1.000000   4.902891E-01   8.799162E+14    1.01525E+35   1.853084159E-12  -3.852969E-01   1.729230878E-12
     2       1.033333   4.902891E-01   8.799162E+14    1.01525E+35   2.044638152E-12  -3.852969E-01   1.907982112E-12
     3       1.067778   4.902891E-01   8.799162E+14    1.01525E+35   2.255993152E-12  -3.852969E-01   2.105210928E-12
     4       1.103370   4.902891E-01   8.799162E+14    1.01525E+35   2.489195997E-12  -3.852969E-01   2.322827359E-12
     5       1.140149   4.902891E-01   8.799162E+14    1.01525E+35   2.746505106E-12  -3.852969E-01   2.562938880E-12
     6       1.178154   4.902891E-01   8.799162E+14    1.01525E+35   3.030412351E-12  -3.852969E-01   2.827870818E-12
     7       1.217426   4.902891E-01   8.799162E+14    1.01525E+35   3.343667193E-12  -3.852969E-01   3.120188867E-12
     8       1.258007   4.902891E-01   8.799162E+14    1.01525E+35   3.689303303E-12  -3.852969E-01   3.442723941E-12
     9       1.299941   4.902891E-01   8.799162E+14    1.01525E+35   4.070667945E-12  -3.852969E-01   3.798599584E-12
    10       1.343272   4.902891E-01   8.799162E+14    1.01525E+35   4.491454390E-12  -3.852969E-01   4.191262223E-12
    11       1.388048   4.902891E-01   8.799162E+14    1.01525E+35   4.955737684E-12  -3.852969E-01   4.624514544E-12
    12       1.434316   4.902891E-01   8.799162E+14    1.01525E+35   5.468014113E-12  -3.852969E-01   5.102552316E-12
    13       1.482126   4.902891E-01   8.799162E+14    1.01525E+35   6.033244743E-12  -3.852969E-01   5.630005027E-12
    14       1.531531   4.902891E-01   8.799162E+14    1.01525E+35   6.656903471E-12  -3.852969E-01   6.211980719E-12
    15       1.582582   4.902891E-01   8.799162E+14    1.01525E+35   7.345030029E-12  -3.852969E-01   6.854115451E-12
    16       1.635334   4.902891E-01   8.799162E+14    1.01525E+35   8.104288481E-12  -3.852969E-01   7.562627886E-12
    17       1.689846   4.902891E-01   8.799162E+14    1.01525E+35   8.942031757E-12  -3.852969E-01   8.344379510E-12
    18       1.746174   4.902891E-01   8.799162E+14    1.01525E+35   9.866372861E-12  -3.852969E-01   9.206941085E-12
    19       1.804380   4.902891E-01   8.799162E+14    1.01525E+35   1.088626344E-11  -3.852969E-01   1.015866597E-11
    20       1.864526   4.902891E-01   8.799162E+14    1.01525E+35   1.201158048E-11  -3.852969E-01   1.120877099E-11
    21       1.926676   4.902891E-01   8.799162E+14    1.01525E+35   1.325322196E-11  -3.852969E-01   1.236742576E-11
    22       1.990899   4.902891E-01   8.799162E+14    1.01525E+35   1.462321236E-11  -3.852969E-01   1.364585110E-11
    23       2.057262   4.902891E-01   8.799162E+14    1.01525E+35   1.613481917E-11  -3.852969E-01   1.505642772E-11
    24       2.125838   4.902891E-01   8.799162E+14    1.01525E+35   1.780268132E-11  -3.852969E-01   1.661281616E-11
    25       2.196699   4.902891E-01   8.799162E+14    1.01525E+35   1.964295098E-11  -3.852969E-01   1.833008904E-11
    26       2.269922   4.902891E-01   8.799162E+14    1.01525E+35   2.167344999E-11  -3.852969E-01   2.022487704E-11
    27       2.345586   4.902891E-01   8.799162E+14    1.01525E+35   2.391384240E-11  -3.852969E-01   2.231552996E-11
    28       2.423772   4.902891E-01   8.799162E+14    1.01525E+35   2.638582499E-11  -3.852969E-01   2.462229443E-11
    29       2.504565   4.902891E-01   8.799162E+14    1.01525E+35   2.911333731E-11  -3.852969E-01   2.716750998E-11
    30       2.588050   4.902891E-01   8.799162E+14    1.01525E+35   3.212279355E-11  -3.852969E-01   2.997582536E-11
    31       2.674319   4.902891E-01   8.799162E+14    1.01525E+35   3.544333835E-11  -3.852969E-01   3.307443732E-11
    32       2.763463   4.902891E-01   8.799162E+14    1.01525E+35   3.910712906E-11  -3.852969E-01   3.649335391E-11
    33       2.855578   4.902891E-01   8.799162E+14    1.01525E+35   4.314964712E-11  -3.852969E-01   4.026568513E-11
    34       2.950764   4.902891E-01   8.799162E+14    1.01525E+35   4.761004170E-11  -3.852969E-01   4.442796356E-11
    35       3.049123   4.902891E-01   8.799162E+14    1.01525E+35   5.253150884E-11  -3.852969E-01   4.902049821E-11
    36       3.150760   4.902891E-01   8.799162E+14    1.01525E+35   5.796170978E-11  -3.852969E-01   5.408776478E-11
    37       3.255786   4.902891E-01   8.799162E+14    1.01525E+35   6.395323249E-11  -3.852969E-01   5.967883649E-11
    38       3.364312   4.902891E-01   8.799162E+14    1.01525E+35   7.056410100E-11  -3.852969E-01   6.584785926E-11
    39       3.476455   4.902891E-01   8.799161E+14    1.01525E+35   7.785833729E-11  -3.852969E-01   7.265457607E-11
    40       3.592337   4.902891E-01   8.799161E+14    1.01525E+35   8.590658132E-11  -3.852969E-01   8.016490559E-11
    41       3.712082   4.902891E-01   8.799161E+14    1.01525E+35   9.478677512E-11  -3.852969E-01   8.845158048E-11
    42       3.835818   4.902891E-01   8.799161E+14    1.01525E+35   1.045849176E-10  -3.852969E-01   9.759485183E-11
    43       3.963678   4.902891E-01   8.799161E+14    1.01525E+35   1.153958974E-10  -3.852969E-01   1.076832663E-10
    44       4.095801   4.902891E-01   8.799161E+14    1.01525E+35   1.273244119E-10  -3.852969E-01   1.188145236E-10
    45       4.232328   4.902891E-01   8.799161E+14    1.01525E+35   1.404859809E-10  -3.852969E-01   1.310964229E-10
    46       4.373405   4.902891E-01   8.799161E+14    1.01525E+35   1.550080658E-10  -3.852969E-01   1.446479062E-10
    47       4.519185   4.902891E-01   8.799161E+14    1.01525E+35   1.710313034E-10  -3.852969E-01   1.596002109E-10
    48       4.669825   4.902891E-01   8.799161E+14    1.01525E+35   1.887108683E-10  -3.852969E-01   1.760981404E-10
    49       4.825486   4.902891E-01   8.799161E+14    1.01525E+35   2.082179757E-10  -3.852969E-01   1.943014663E-10
    50       4.986335   4.902891E-01   8.799161E+14    1.01525E+35   2.297415392E-10  -3.852969E-01   2.143864761E-10
    51       5.152546   4.902891E-01   8.799161E+14    1.01525E+35   2.534900003E-10  -3.852969E-01   2.365476799E-10
    52       5.324298   4.902891E-01   8.799161E+14    1.01525E+35   2.796933474E-10  -3.852969E-01   2.609996946E-10
    53       5.501774   4.902891E-01   8.799161E+14    1.01525E+35   3.086053427E-10  -3.852969E-01   2.879793219E-10
    54       5.685167   4.902891E-01   8.799160E+14    1.01525E+35   3.405059800E-10  -3.852969E-01   3.177478419E-10
    55       5.874672   4.902890E-01   8.799160E+14    1.01525E+35   3.757041961E-10  -3.852969E-01   3.505935432E-10
    56       6.070495   4.902890E-01   8.799160E+14    1.01525E+35   4.145408623E-10  -3.852969E-01   3.868345148E-10
    57       6.272844   4.902890E-01   8.799160E+14    1.01525E+35   4.573920864E-10  -3.852969E-01   4.268217269E-10
    58       6.481939   4.902890E-01   8.799160E+14    1.01525E+35   5.046728541E-10  -3.852969E-01   4.709424292E-10
    59       6.698004   4.902890E-01   8.799160E+14    1.01525E+35   5.568410484E-10  -3.852968E-01   5.196239017E-10
    60       6.921270   4.902890E-01   8.799160E+14    1.01525E+35   6.144018837E-10  -3.852968E-01   5.733375924E-10
    61       7.151979   4.902890E-01   8.799160E+14    1.01525E+35   6.779127985E-10  -3.852968E-01   6.326036827E-10
    62       7.390379   4.902890E-01   8.799159E+14    1.01525E+35   7.479888538E-10  -3.852968E-01   6.979961256E-10
    63       7.636724   4.902890E-01   8.799159E+14    1.01525E+35   8.253086895E-10  -3.852968E-01   7.701482035E-10
    64       7.891282   4.902890E-01   8.799159E+14    1.01525E+35   9.106210964E-10  -3.852968E-01   8.497586613E-10
    65       8.154324   4.902890E-01   8.799159E+14    1.01525E+35   1.004752268E-09  -3.852968E-01   9.375984731E-10
    66       8.426135   4.902890E-01   8.799159E+14    1.01525E+35   1.108613802E-09  -3.852968E-01   1.034518309E-09
    67       8.707006   4.902889E-01   8.799158E+14    1.01525E+35   1.223211526E-09  -3.852968E-01   1.141456772E-09
    68       8.997239   4.902889E-01   8.799158E+14    1.01525E+35   1.349655243E-09  -3.852968E-01   1.259449491E-09
    69       9.297147   4.902889E-01   8.799158E+14    1.01525E+35   1.489169474E-09  -3.852968E-01   1.389639144E-09
    70       9.607052   4.902889E-01   8.799158E+14    1.01525E+35   1.643105319E-09  -3.852968E-01   1.533286530E-09
    71       9.927287   4.902889E-01   8.799157E+14    1.01524E+35   1.812953541E-09  -3.852967E-01   1.691782778E-09
    72      10.258196   4.902889E-01   8.799157E+14    1.01524E+35   2.000359005E-09  -3.852967E-01   1.866662814E-09
    73      10.600135   4.902889E-01   8.799157E+14    1.01524E+35   2.207136603E-09  -3.852967E-01   2.059620234E-09
    74      10.953473   4.902888E-01   8.799156E+14    1.01524E+35   2.435288832E-09  -3.852967E-01   2.272523697E-09
    75      11.318588   4.902888E-01   8.799156E+14    1.01524E+35   2.687025189E-09  -3.852967E-01   2.507435026E-09
    76      11.695874   4.902888E-01   8.799155E+14    1.01524E+35   2.964783563E-09  -3.852967E-01   2.766629175E-09
    77      12.085736   4.902888E-01   8.799155E+14    1.01524E+35   3.271253850E-09  -3.852967E-01   3.052616259E-09
    78      12.488593   4.902888E-01   8.799154E+14    1.01524E+35   3.609403996E-09  -3.852966E-01   3.368165863E-09
    79      12.904879   4.902887E-01   8.799154E+14    1.01524E+35   3.982508746E-09  -3.852966E-01   3.716333863E-09
    80      13.335041   4.902887E-01   8.799153E+14    1.01524E+35   4.394181351E-09  -3.852966E-01   4.100492019E-09
    81      13.779542   4.902887E-01   8.799153E+14    1.01524E+35   4.848408563E-09  -3.852966E-01   4.524360630E-09
    82      14.238859   4.902886E-01   8.799152E+14    1.01524E+35   5.349589243E-09  -3.852965E-01   4.992044560E-09
    83      14.713487   4.902886E-01   8.799152E+14    1.01524E+35   5.902576958E-09  -3.852965E-01   5.508072990E-09
    84      15.203936   4.902886E-01   8.799151E+14    1.01524E+35   6.512726985E-09  -3.852965E-01   6.077443280E-09
    85      15.710732   4.902885E-01   8.799150E+14    1.01524E+35   7.185948172E-09  -3.852965E-01   6.705669363E-09
    86      16.234422   4.902885E-01   8.799149E+14    1.01524E+35   7.928760160E-09  -3.852964E-01   7.398835147E-09
    87      16.775568   4.902885E-01   8.799148E+14    1.01524E+35   8.748356517E-09  -3.852964E-01   8.163653423E-09
    88      17.334753   4.902884E-01   8.799147E+14    1.01524E+35   9.652674404E-09  -3.852964E-01   9.007530883E-09
    89      17.912576   4.902884E-01   8.799146E+14    1.01524E+35   1.065047144E-08  -3.852963E-01   9.938639837E-09
    90      18.509660   4.902883E-01   8.799145E+14    1.01524E+35   1.175141050E-08  -3.852963E-01   1.096599736E-08
    91      19.126647   4.902883E-01   8.799144E+14    1.01524E+35   1.296615331E-08  -3.852962E-01   1.209955261E-08
    92      19.764200   4.902882E-01   8.799143E+14    1.01524E+35   1.430646366E-08  -3.852962E-01   1.335028319E-08
    93      20.423004   4.902881E-01   8.799142E+14    1.01524E+35   1.578532138E-08  -3.852961E-01   1.473030142E-08
    94      21.103769   4.902881E-01   8.799140E+14    1.01524E+35   1.741704796E-08  -3.852961E-01   1.625297166E-08
    95      21.807225   4.902880E-01   8.799139E+14    1.01524E+35   1.921744532E-08  -3.852960E-01   1.793303974E-08
    96      22.534129   4.902879E-01   8.799137E+14    1.01524E+35   2.120394875E-08  -3.852960E-01   1.978677573E-08
    97      23.285263   4.902878E-01   8.799136E+14    1.01524E+35   2.339579581E-08  -3.852959E-01   2.183213149E-08
    98      24.061435   4.902877E-01   8.799134E+14    1.01524E+35   2.581421261E-08  -3.852958E-01   2.408891454E-08
    99      24.863479   4.902876E-01   8.799132E+14    1.01524E+35   2.848261933E-08  -3.852958E-01   2.657897988E-08
   100      25.692257   4.902875E-01   8.799130E+14    1.01524E+35   3.142685703E-08  -3.852957E-01   2.932644158E-08
   101      26.548660   4.902874E-01   8.799128E+14    1.01523E+35   3.467543789E-08  -3.852956E-01   3.235790633E-08
   102      27.433610   4.902873E-01   8.799125E+14    1.01523E+35   3.825982130E-08  -3.852955E-01   3.570273108E-08
   103      28.348057   4.902872E-01   8.799123E+14    1.01523E+35   4.221471852E-08  -3.852954E-01   3.939330733E-08
   104      29.292986   4.902871E-01   8.799120E+14    1.01523E+35   4.657842874E-08  -3.852953E-01   4.346537477E-08
   105      30.269411   4.902869E-01   8.799117E+14    1.01523E+35   5.139321003E-08  -3.852952E-01   4.795836740E-08
   106      31.278383   4.902868E-01   8.799114E+14    1.01523E+35   5.670568846E-08  -3.852951E-01   5.291579534E-08
   107      32.320987   4.902866E-01   8.799111E+14    1.01523E+35   6.256730965E-08  -3.852949E-01   5.838566621E-08
   108      33.398343   4.902865E-01   8.799108E+14    1.01523E+35   6.903483689E-08  -3.852948E-01   6.442094994E-08
   109      34.511610   4.902863E-01   8.799104E+14    1.01523E+35   7.617090079E-08  -3.852947E-01   7.108009175E-08
   110      35.661985   4.902861E-01   8.799100E+14    1.01523E+35   8.404460573E-08  -3.852945E-01   7.842757804E-08
   111      36.850704   4.902859E-01   8.799096E+14    1.01522E+35   9.273219899E-08  -3.852943E-01   8.653456083E-08
   112      38.079046   4.902856E-01   8.799091E+14    1.01522E+35   1.023178091E-07  -3.852942E-01   9.547954673E-08
   113      39.348331   4.902854E-01   8.799087E+14    1.01522E+35   1.128942602E-07  -3.852940E-01   1.053491571E-07
   114      40.659924   4.902852E-01   8.799082E+14    1.01522E+35   1.245639711E-07  -3.852938E-01   1.162389668E-07
   115      42.015235   4.902849E-01   8.799076E+14    1.01522E+35   1.374399469E-07  -3.852936E-01   1.282544295E-07
   116      43.415720   4.902846E-01   8.799070E+14    1.01521E+35   1.516468728E-07  -3.852933E-01   1.415118991E-07
   117      44.862886   4.902843E-01   8.799064E+14    1.01521E+35   1.673223219E-07  -3.852931E-01   1.561397557E-07
   118      46.358289   4.902840E-01   8.799057E+14    1.01521E+35   1.846180866E-07  -3.852928E-01   1.722796493E-07
   119      47.903536   4.902836E-01   8.799050E+14    1.01521E+35   2.037016487E-07  -3.852926E-01   1.900878706E-07
   120      49.500287   4.902832E-01   8.799043E+14    1.01520E+35   2.247578005E-07  -3.852923E-01   2.097368650E-07
   121      51.150261   4.902828E-01   8.799035E+14    1.01520E+35   2.479904341E-07  -3.852920E-01   2.314169015E-07
   122      52.855229   4.902824E-01   8.799026E+14    1.01520E+35   2.736245156E-07  -3.852916E-01   2.553379149E-07
   123      54.617026   4.902820E-01   8.799017E+14    1.01520E+35   3.019082623E-07  -3.852913E-01   2.817315388E-07
   124      56.437545   4.902815E-01   8.799007E+14    1.01519E+35   3.331155463E-07  -3.852909E-01   3.108533477E-07
   125      58.318743   4.902810E-01   8.798996E+14    1.01519E+35   3.675485456E-07  -3.852905E-01   3.429853310E-07
   126      60.262642   4.902804E-01   8.798985E+14    1.01518E+35   4.055406691E-07  -3.852900E-01   3.784386237E-07
   127      62.271331   4.902798E-01   8.798973E+14    1.01518E+35   4.474597842E-07  -3.852895E-01   4.175565177E-07
   128      64.346970   4.902792E-01   8.798960E+14    1.01518E+35   4.937117777E-07  -3.852890E-01   4.607177851E-07
   129      66.491790   4.902785E-01   8.798947E+14    1.01517E+35   5.447444846E-07  -3.852885E-01   5.083403450E-07
   130      68.708095   4.902778E-01   8.798932E+14    1.01517E+35   6.010520226E-07  -3.852879E-01   5.608853089E-07
   131      70.998268   4.902770E-01   8.798917E+14    1.01516E+35   6.631795748E-07  -3.852873E-01   6.188614436E-07
   132      73.364770   4.902762E-01   8.798900E+14    1.01516E+35   7.317286663E-07  -3.852867E-01   6.828300963E-07
   133      75.810145   4.902753E-01   8.798882E+14    1.01515E+35   8.073629853E-07  -3.852860E-01   7.534106274E-07
   134      78.337019   4.902744E-01   8.798863E+14    1.01514E+35   8.908148068E-07  -3.852852E-01   8.312864048E-07
   135      80.948110   4.902734E-01   8.798843E+14    1.01514E+35   9.828920782E-07  -3.852845E-01   9.172114182E-07
   136      83.646222   4.902723E-01   8.798821E+14    1.01513E+35   1.084486238E-06  -3.852836E-01   1.012017575E-06
   137      86.434254   4.902712E-01   8.798798E+14    1.01512E+35   1.196580842E-06  -3.852827E-01   1.116622753E-06
   138      89.315203   4.902700E-01   8.798774E+14    1.01511E+35   1.320261079E-06  -3.852817E-01   1.232039679E-06
   139      92.292164   4.902687E-01   8.798747E+14    1.01510E+35   1.456724269E-06  -3.852807E-01   1.359385731E-06
   140      95.368335   4.902673E-01   8.798719E+14    1.01509E+35   1.607291449E-06  -3.852796E-01   1.499893748E-06
   141      98.547021   4.902658E-01   8.798689E+14    1.01508E+35   1.773420153E-06  -3.852784E-01   1.654923959E-06
   142     101.831636   4.902642E-01   8.798657E+14    1.01507E+35   1.956718504E-06  -3.852772E-01   1.825977143E-06
   143     105.225708   4.902625E-01   8.798623E+14    1.01506E+35   2.158960779E-06  -3.852759E-01   2.014709144E-06
   144     108.732884   4.902607E-01   8.798586E+14    1.01505E+35   2.382104559E-06  -3.852744E-01   2.222946891E-06
   145     112.356930   4.902588E-01   8.798547E+14    1.01503E+35   2.628309665E-06  -3.852729E-01   2.452706068E-06
   146     116.101737   4.902568E-01   8.798506E+14    1.01502E+35   2.899959041E-06  -3.852713E-01   2.706210608E-06
   147     119.971328   4.902546E-01   8.798461E+14    1.01500E+35   3.199681794E-06  -3.852695E-01   2.985914200E-06
   148     123.969857   4.902522E-01   8.798414E+14    1.01499E+35   3.530378611E-06  -3.852677E-01   3.294524015E-06
   149     128.101616   4.902497E-01   8.798363E+14    1.01497E+35   3.895249799E-06  -3.852657E-01   3.635026883E-06
   150     132.371043   4.902471E-01   8.798309E+14    1.01495E+35   4.297826216E-06  -3.852636E-01   4.010718163E-06
   151     136.782718   4.902442E-01   8.798251E+14    1.01493E+35   4.742003391E-06  -3.852613E-01   4.425233606E-06
   152     141.341378   4.902412E-01   8.798189E+14    1.01491E+35   5.232079168E-06  -3.852589E-01   4.882584485E-06
   153     146.051914   4.902379E-01   8.798124E+14    1.01488E+35   5.772795224E-06  -3.852563E-01   5.387196370E-06
   154     150.919381   4.902344E-01   8.798053E+14    1.01486E+35   6.369382874E-06  -3.852536E-01   5.943951882E-06
   155     155.949001   4.902307E-01   8.797978E+14    1.01483E+35   7.027613590E-06  -3.852506E-01   6.558237871E-06
   156     161.146169   4.902268E-01   8.797898E+14    1.01480E+35   7.753854736E-06  -3.852475E-01   7.235997446E-06
   157     166.516459   4.902225E-01   8.797812E+14    1.01478E+35   8.555131030E-06  -3.852441E-01   7.983787374E-06
   158     172.065629   4.902180E-01   8.797721E+14    1.01474E+35   9.439192354E-06  -3.852406E-01   8.808841392E-06
   159     177.799629   4.902132E-01   8.797623E+14    1.01471E+35   1.041458854E-05  -3.852367E-01   9.719140044E-06
   160     183.724605   4.902081E-01   8.797519E+14    1.01467E+35   1.149075183E-05  -3.852327E-01   1.072348771E-05
   161     189.846907   4.902026E-01   8.797407E+14    1.01463E+35   1.267808790E-05  -3.852283E-01   1.183159756E-05
   162     196.173095   4.901967E-01   8.797288E+14    1.01459E+35   1.398807613E-05  -3.852237E-01   1.305418527E-05
   163     202.709944   4.901905E-01   8.797161E+14    1.01455E+35   1.543338032E-05  -3.852187E-01   1.440307238E-05
   164     209.464456   4.901838E-01   8.797026E+14    1.01450E+35   1.702797066E-05  -3.852134E-01   1.589130027E-05
   165     216.443860   4.901766E-01   8.796881E+14    1.01445E+35   1.878725837E-05  -3.852077E-01   1.753325588E-05
   166     223.655628   4.901690E-01   8.796727E+14    1.01440E+35   2.072824407E-05  -3.852017E-01   1.934481034E-05
   167     231.107476   4.901609E-01   8.796562E+14    1.01434E+35   2.286968140E-05  -3.851953E-01   2.134347188E-05
   168     238.807373   4.901522E-01   8.796385E+14    1.01428E+35   2.523225752E-05  -3.851884E-01   2.354855441E-05
   169     246.763553   4.901429E-01   8.796197E+14    1.01421E+35   2.783879206E-05  -3.851810E-01   2.598136345E-05
   170     254.984519   4.901330E-01   8.795996E+14    1.01414E+35   3.071445644E-05  -3.851732E-01   2.866540115E-05
   171     263.479054   4.901224E-01   8.795782E+14    1.01407E+35   3.388701581E-05  -3.851648E-01   3.162659229E-05
   172     272.256228   4.901111E-01   8.795553E+14    1.01399E+35   3.738709561E-05  -3.851558E-01   3.489353354E-05
   173     281.325411   4.900991E-01   8.795309E+14    1.01390E+35   4.124847554E-05  -3.851463E-01   3.849776824E-05
   174     290.696277   4.900862E-01   8.795048E+14    1.01381E+35   4.550841358E-05  -3.851361E-01   4.247408929E-05
   175     300.378820   4.900724E-01   8.794769E+14    1.01371E+35   5.020800309E-05  -3.851252E-01   4.686087314E-05
   176     310.383356   4.900578E-01   8.794471E+14    1.01361E+35   5.539256650E-05  -3.851135E-01   5.170044787E-05
   177     320.720540   4.900421E-01   8.794154E+14    1.01350E+35   6.111208905E-05  -3.851011E-01   5.703949897E-05
   178     331.401376   4.900254E-01   8.793814E+14    1.01338E+35   6.742169695E-05  -3.850879E-01   6.292951654E-05
   179     342.437222   4.900075E-01   8.793452E+14    1.01325E+35   7.438218407E-05  -3.850737E-01   6.942728814E-05
   180     353.839808   4.899884E-01   8.793067E+14    1.01312E+35   8.206059267E-05  -3.850586E-01   7.659544195E-05
   181     365.621241   4.899680E-01   8.792655E+14    1.01297E+35   9.053085268E-05  -3.850425E-01   8.450304414E-05
   182     377.794020   4.899463E-01   8.792217E+14    1.01282E+35   9.987448528E-05  -3.850252E-01   9.322625962E-05
   183     390.371050   4.899230E-01   8.791748E+14    1.01266E+35   1.101813799E-04  -3.850068E-01   1.028490788E-04
   184     403.365650   4.898982E-01   8.791248E+14    1.01248E+35   1.215506486E-04  -3.849872E-01   1.134641175E-04
   185     416.791567   4.898717E-01   8.790714E+14    1.01229E+35   1.340915664E-04  -3.849663E-01   1.251734981E-04
   186     430.662990   4.898435E-01   8.790143E+14    1.01209E+35   1.479246082E-04  -3.849439E-01   1.380898208E-04
   187     444.994560   4.898133E-01   8.789535E+14    1.01188E+35   1.631825889E-04  -3.849200E-01   1.523372327E-04
   188     459.801384   4.897810E-01   8.788885E+14    1.01165E+35   1.800119187E-04  -3.848945E-01   1.680526044E-04
   189     475.099052   4.897466E-01   8.788191E+14    1.01141E+35   1.985739855E-04  -3.848673E-01   1.853868267E-04
   190     490.903644   4.897099E-01   8.787450E+14    1.01115E+35   2.190466746E-04  -3.848382E-01   2.045062365E-04
   191     507.231749   4.896707E-01   8.786660E+14    1.01088E+35   2.416260418E-04  -3.848072E-01   2.255941868E-04
   192     524.100477   4.896288E-01   8.785815E+14    1.01058E+35   2.665281527E-04  -3.847741E-01   2.488527742E-04
   193     541.527474   4.895841E-01   8.784914E+14    1.01026E+35   2.939911064E-04  -3.847388E-01   2.745047393E-04
   194     559.530934   4.895364E-01   8.783953E+14    1.00993E+35   3.242772592E-04  -3.847010E-01   3.027955569E-04
   195     578.129615   4.894855E-01   8.782926E+14    1.00957E+35   3.576756697E-04  -3.846608E-01   3.339957347E-04
   196     597.342856   4.894311E-01   8.781830E+14    1.00919E+35   3.945047851E-04  -3.846178E-01   3.684033405E-04
   197     617.190587   4.893731E-01   8.780660E+14    1.00878E+35   4.351153927E-04  -3.845719E-01   4.063467801E-04
   198     637.693344   4.893112E-01   8.779411E+14    1.00834E+35   4.798938608E-04  -3.845230E-01   4.481878499E-04
   199     658.872289   4.892451E-01   8.778078E+14    1.00788E+35   5.292656967E-04  -3.844707E-01   4.943250896E-04
   200     680.749216   4.891745E-01   8.776656E+14    1.00738E+35   5.836994521E-04  -3.844150E-01   5.451974656E-04
   201     703.346572   4.890992E-01   8.775137E+14    1.00685E+35   6.437110067E-04  -3.843555E-01   6.012884135E-04
   202     726.687467   4.890188E-01   8.773516E+14    1.00628E+35   7.098682665E-04  -3.842920E-01   6.631302756E-04
   203     750.795691   4.889330E-01   8.771787E+14    1.00568E+35   7.827963130E-04  -3.842242E-01   7.313091685E-04
   204     775.695723   4.888415E-01   8.769941E+14    1.00504E+35   8.631830453E-04  -3.841519E-01   8.064703212E-04
   205     801.412748   4.887437E-01   8.767971E+14    1.00435E+35   9.517853585E-04  -3.840748E-01   8.893239272E-04
   206     827.972665   4.886395E-01   8.765869E+14    1.00362E+35   1.049435906E-03  -3.839925E-01   9.806515550E-04
   207     855.402103   4.885282E-01   8.763626E+14    1.00284E+35   1.157050498E-03  -3.839047E-01   1.081313169E-03
   208     883.728428   4.884094E-01   8.761232E+14    1.00201E+35   1.275636185E-03  -3.838110E-01   1.192254816E-03
   209     912.979754   4.882827E-01   8.758678E+14    1.00112E+35   1.406300096E-03  -3.837111E-01   1.314517026E-03
   210     943.184951   4.881476E-01   8.755953E+14    1.00017E+35   1.550259078E-03  -3.836045E-01   1.449244008E-03
   211     974.373654   4.880033E-01   8.753046E+14    9.99162E+34   1.708850222E-03  -3.834908E-01   1.597693687E-03
   212    1006.576265   4.878494E-01   8.749944E+14    9.98085E+34   1.883542325E-03  -3.833695E-01   1.761248661E-03
   213    1039.823961   4.876853E-01   8.746636E+14    9.96938E+34   2.075948383E-03  -3.832402E-01   1.941428164E-03
   214    1074.148692   4.875101E-01   8.743106E+14    9.95715E+34   2.287839168E-03  -3.831023E-01   2.139901092E-03
   215    1109.583183   4.873233E-01   8.739342E+14    9.94412E+34   2.521158000E-03  -3.829553E-01   2.358500196E-03
   216    1146.160931   4.871241E-01   8.735327E+14    9.93024E+34   2.778036768E-03  -3.827985E-01   2.599237525E-03
   217    1183.916199   4.869116E-01   8.731045E+14    9.91544E+34   3.060813313E-03  -3.826313E-01   2.864321203E-03
   218    1222.884006   4.866850E-01   8.726479E+14    9.89968E+34   3.372050240E-03  -3.824532E-01   3.156173647E-03
   219    1263.100117   4.864433E-01   8.721610E+14    9.88290E+34   3.714555267E-03  -3.822633E-01   3.477451317E-03
   220    1304.601023   4.861856E-01   8.716418E+14    9.86502E+34   4.091403187E-03  -3.820610E-01   3.831066106E-03
   221    1347.423925   4.859109E-01   8.710884E+14    9.84598E+34   4.505959542E-03  -3.818453E-01   4.220208462E-03
   222    1391.606704   4.856181E-01   8.704985E+14    9.82572E+34   4.961906086E-03  -3.816156E-01   4.648372360E-03
   223    1437.187893   4.853059E-01   8.698697E+14    9.80416E+34   5.463268125E-03  -3.813709E-01   5.119382208E-03
   224    1484.206640   4.849732E-01   8.691995E+14    9.78121E+34   6.014443802E-03  -3.811103E-01   5.637421790E-03
   225    1532.702663   4.846186E-01   8.684854E+14    9.75679E+34   6.620235391E-03  -3.808327E-01   6.207065350E-03
   226    1582.716202   4.842408E-01   8.677246E+14    9.73082E+34   7.285882648E-03  -3.805372E-01   6.833310878E-03
   227    1634.287959   4.838382E-01   8.669141E+14    9.70321E+34   8.017098249E-03  -3.802227E-01   7.521615688E-03
   228    1687.459032   4.834094E-01   8.660509E+14    9.67386E+34   8.820105324E-03  -3.798879E-01   8.277934327E-03
   229    1742.270842   4.829528E-01   8.651315E+14    9.64267E+34   9.701677065E-03  -3.795316E-01   9.108758867E-03
   230    1798.765044   4.824664E-01   8.641526E+14    9.60953E+34   1.066917835E-02  -3.791526E-01   1.002116157E-02
   231    1856.983431   4.819486E-01   8.631105E+14    9.57433E+34   1.173060929E-02  -3.787496E-01   1.102283991E-02
   232    1916.967829   4.813975E-01   8.620014E+14    9.53697E+34   1.289465056E-02  -3.783210E-01   1.212216390E-02
   233    1978.759973   4.808108E-01   8.608211E+14    9.49732E+34   1.417071025E-02  -3.778655E-01   1.332822557E-02
   234    2042.401375   4.801866E-01   8.595654E+14    9.45525E+34   1.556897207E-02  -3.773814E-01   1.465089052E-02
   235    2107.933176   4.795224E-01   8.582347E+14    9.41065E+34   1.710044766E-02  -3.768671E-01   1.610085094E-02
   236    2175.395612   4.788159E-01   8.568216E+14    9.36337E+34   1.877702043E-02  -3.763210E-01   1.768967121E-02
   237    2244.828397   4.780647E-01   8.553194E+14    9.31329E+34   2.061149446E-02  -3.757412E-01   1.942985613E-02
   238    2316.270469   4.772662E-01   8.537229E+14    9.26026E+34   2.261764907E-02  -3.751260E-01   2.133490656E-02
   239    2389.759634   4.764176E-01   8.520267E+14    9.20415E+34   2.481028346E-02  -3.744734E-01   2.341937247E-02
   240    2465.332331   4.755161E-01   8.502251E+14    9.14479E+34   2.720526141E-02  -3.737815E-01   2.569890819E-02
   241    2543.023379   4.745588E-01   8.483123E+14    9.08206E+34   2.981955238E-02  -3.730482E-01   2.819032577E-02
   242    2622.865703   4.735424E-01   8.462821E+14    9.01579E+34   3.267126777E-02  -3.722713E-01   3.091164555E-02
   243    2704.890038   4.724638E-01   8.441281E+14    8.94584E+34   3.577969076E-02  -3.714489E-01   3.388214247E-02
   244    2789.124613   4.713196E-01   8.418438E+14    8.87206E+34   3.916529817E-02  -3.705786E-01   3.712238675E-02
   245    2875.594816   4.701063E-01   8.394222E+14    8.79429E+34   4.284977241E-02  -3.696582E-01   4.065427723E-02
   246    2964.322832   4.688197E-01   8.368669E+14    8.71240E+34   4.685602506E-02  -3.686853E-01   4.450106257E-02
   247    3055.326178   4.674565E-01   8.341617E+14    8.62622E+34   5.120812064E-02  -3.676578E-01   4.868730340E-02
   248    3148.619303   4.660130E-01   8.312981E+14    8.53563E+34   5.593129573E-02  -3.665733E-01   5.323896086E-02
   249    3244.212346   4.644853E-01   8.282685E+14    8.44050E+34   6.105190078E-02  -3.654294E-01   5.818334429E-02
   250    3342.110600   4.628694E-01   8.250652E+14    8.34068E+34   6.659732440E-02  -3.642238E-01   6.354906998E-02
   251    3442.314064   4.611612E-01   8.216803E+14    8.23608E+34   7.259589651E-02  -3.629542E-01   6.936600202E-02
   252    3544.816971   4.593557E-01   8.181107E+14    8.12658E+34   7.907677073E-02  -3.616183E-01   7.566516582E-02
   253    3649.606694   4.574480E-01   8.143533E+14    8.01209E+34   8.606980614E-02  -3.602140E-01   8.247857078E-02
   254    3756.663293   4.554352E-01   8.103908E+14    7.89253E+34   9.360523917E-02  -3.587392E-01   8.983909145E-02
   255    3865.960746   4.533131E-01   8.062151E+14    7.76785E+34   1.017136032E-01  -3.571920E-01   9.778039554E-02
   256    3977.465355   4.510774E-01   8.018182E+14    7.63802E+34   1.104254213E-01  -3.555703E-01   1.063366520E-01
   257    4091.135276   4.487224E-01   7.971999E+14    7.50301E+34   1.197709272E-01  -3.538727E-01   1.155422647E-01
   258    4206.918992   4.462441E-01   7.923520E+14    7.36284E+34   1.297797413E-01  -3.520975E-01   1.254314346E-01
   259    4324.756049   4.436397E-01   7.872604E+14    7.21754E+34   1.404803424E-01  -3.502436E-01   1.360379793E-01
   260    4444.577491   4.409054E-01   7.819182E+14    7.06719E+34   1.518998258E-01  -3.483100E-01   1.473949863E-01
   261    4566.304614   4.380339E-01   7.763304E+14    6.91188E+34   1.640634575E-01  -3.462958E-01   1.595342671E-01
   262    4689.846840   4.350234E-01   7.704850E+14    6.75175E+34   1.769940859E-01  -3.442009E-01   1.724856290E-01
   263    4815.104193   4.318723E-01   7.643709E+14    6.58696E+34   1.907115748E-01  -3.420251E-01   1.862767735E-01
   264    4941.967123   4.285748E-01   7.579911E+14    6.41772E+34   2.052324657E-01  -3.397689E-01   2.009326648E-01
   265    5070.314228   4.251270E-01   7.513447E+14    6.24427E+34   2.205694669E-01  -3.374329E-01   2.164745199E-01
   266    5200.013093   4.215307E-01   7.444170E+14    6.06690E+34   2.367304862E-01  -3.350186E-01   2.329195739E-01
   267    5330.922765   4.177780E-01   7.372114E+14    5.88593E+34   2.537185917E-01  -3.325276E-01   2.502806008E-01
   268    5462.891182   4.138691E-01   7.297246E+14    5.70171E+34   2.715313442E-01  -3.299620E-01   2.685646901E-01
   269    5595.756835   4.098070E-01   7.219523E+14    5.51463E+34   2.901601876E-01  -3.273247E-01   2.877733711E-01
   270    5729.349634   4.055805E-01   7.139050E+14    5.32513E+34   3.095903941E-01  -3.246189E-01   3.079015630E-01
   271    5863.489106   4.012014E-01   7.055742E+14    5.13367E+34   3.298002394E-01  -3.218483E-01   3.289369647E-01
   272    5997.988803   3.966584E-01   6.969703E+14    4.94073E+34   3.507612437E-01  -3.190173E-01   3.508601681E-01
   273    6132.653987   3.919608E-01   6.880930E+14    4.74683E+34   3.724377345E-01  -3.161307E-01   3.736433813E-01
   274    6267.284856   3.871028E-01   6.789397E+14    4.55250E+34   3.947867906E-01  -3.131938E-01   3.972512971E-01
   275    6401.678452   3.820914E-01   6.695190E+14    4.35830E+34   4.177585089E-01  -3.102123E-01   4.216399801E-01
   276    6535.628040   3.769250E-01   6.598423E+14    4.16478E+34   4.412963624E-01  -3.071925E-01   4.467580092E-01
   277    6668.924187   3.716125E-01   6.499199E+14    3.97251E+34   4.653373050E-01  -3.041410E-01   4.725450088E-01
   278    6801.356695   3.661471E-01   6.397474E+14    3.78204E+34   4.898121949E-01  -3.010647E-01   4.989335383E-01
   279    6932.719247   3.605476E-01   6.293467E+14    3.59394E+34   5.146468119E-01  -2.979708E-01   5.258487359E-01
   280    7062.806029   3.547969E-01   6.187108E+14    3.40873E+34   5.397621857E-01  -2.948666E-01   5.532092417E-01
   281    7191.419273   3.489253E-01   6.078733E+14    3.22693E+34   5.650763890E-01  -2.917597E-01   5.809285461E-01
   282    7318.362865   3.429185E-01   5.968311E+14    3.04903E+34   5.905039848E-01  -2.886578E-01   6.089143350E-01
   283    7443.451480   3.367936E-01   5.856025E+14    2.87548E+34   6.159589438E-01  -2.855682E-01   6.370721020E-01
   284    7566.507773   3.305626E-01   5.742083E+14    2.70669E+34   6.413535728E-01  -2.824986E-01   6.653031047E-01
   285    7687.363475   3.242084E-01   5.626301E+14    2.54306E+34   6.666011279E-01  -2.794561E-01   6.935083721E-01
   286    7805.868767   3.089442E-01   5.348445E+14    2.38562E+34   6.914951839E-01  -2.764478E-01   7.214589974E-01
   287    7925.289078   3.026790E-01   5.234843E+14    2.23318E+34   7.161960001E-01  -2.733950E-01   7.493555705E-01
   288    8042.017986   2.963514E-01   5.120448E+14    2.08681E+34   7.405349080E-01  -2.703931E-01   7.769681910E-01
   289    8155.936188   2.899791E-01   5.005525E+14    1.94666E+34   7.644373183E-01  -2.674478E-01   8.042047704E-01
   290    8266.935733   2.835376E-01   4.889806E+14    1.81284E+34   7.878332987E-01  -2.645645E-01   8.309778078E-01
   291    8374.932067   2.770659E-01   4.773813E+14    1.68542E+34   8.106606221E-01  -2.617479E-01   8.572075667E-01
   292    8479.846852   2.705697E-01   4.657679E+14    1.56442E+34   8.328607462E-01  -2.590021E-01   8.828172654E-01
   293    8581.617150   2.640365E-01   4.541322E+14    1.44982E+34   8.543830532E-01  -2.563312E-01   9.077389591E-01
   294    8680.199488   2.575042E-01   4.425203E+14    1.34156E+34   8.751848242E-01  -2.537380E-01   9.319132900E-01
   295    8775.557768   2.509740E-01   4.309369E+14    1.23955E+34   8.952281889E-01  -2.512253E-01   9.552864417E-01
   296    8867.672329   2.444370E-01   4.193776E+14    1.14366E+34   9.144840250E-01  -2.487952E-01   9.778147565E-01
   297    8956.540681   2.379327E-01   4.078999E+14    1.05374E+34   9.329308608E-01  -2.464491E-01   9.994633683E-01
   298    9042.163743   2.314588E-01   3.965062E+14    9.69607E+33   9.505523728E-01  -2.441881E-01   1.020203490E+00
   299    9124.557041   2.250165E-01   3.851915E+14    8.91061E+33   9.673399062E-01  -2.420129E-01   1.040016148E+00
   300    9203.750774   2.186372E-01   3.740053E+14    8.17886E+33   9.832910691E-01  -2.399234E-01   1.058890172E+00
   301    9279.777843   2.123082E-01   3.629354E+14    7.49856E+33   9.984081027E-01  -2.379195E-01   1.076820146E+00
   302    9352.685618   1.912516E-01   3.261818E+14    6.88109E+33   1.012379792E+00  -2.360005E-01   1.093436451E+00
   303    9428.096521   1.769535E-01   3.012862E+14    6.31866E+33   1.025335541E+00  -2.340213E-01   1.108905903E+00
   304    9504.127083   1.716636E-01   2.920982E+14    5.77595E+33   1.038106455E+00  -2.320340E-01   1.124183117E+00
   305    9576.918839   1.664739E-01   2.831006E+14    5.27508E+33   1.050145730E+00  -2.301395E-01   1.138608159E+00
   306    9646.530519   1.613910E-01   2.742980E+14    4.81349E+33   1.061469920E+00  -2.283356E-01   1.152196353E+00
   307    9713.027263   1.564038E-01   2.656808E+14    4.38871E+33   1.072098331E+00  -2.266201E-01   1.164967001E+00
   308    9776.483203   1.515248E-01   2.572606E+14    3.99832E+33   1.082052973E+00  -2.249903E-01   1.176942735E+00
   309    9836.975394   1.467353E-01   2.490129E+14    3.64001E+33   1.091357639E+00  -2.234436E-01   1.188149128E+00
   310    9894.591395   1.420520E-01   2.409581E+14    3.31155E+33   1.100037981E+00  -2.219771E-01   1.198614016E+00
   311    9949.417967   1.374606E-01   2.330710E+14    3.01078E+33   1.108121051E+00  -2.205879E-01   1.208367793E+00
   312   10001.550381   1.329690E-01   2.253632E+14    2.73569E+33   1.115634069E+00  -2.192729E-01   1.217441135E+00
   313   10051.083766   1.285982E-01   2.178677E+14    2.48432E+33   1.122606318E+00  -2.180289E-01   1.225867774E+00
   314   10098.106980   1.243468E-01   2.105841E+14    2.25484E+33   1.129066327E+00  -2.168532E-01   1.233680653E+00
   315   10142.709905   1.202151E-01   2.035083E+14    2.04553E+33   1.135042473E+00  -2.157429E-01   1.240912870E+00
   316   10184.983635   1.161505E-01   1.965555E+14    1.85483E+33   1.140561776E+00  -2.146950E-01   1.247596038E+00
   317   10225.036945   1.122035E-01   1.898066E+14    1.68118E+33   1.145653036E+00  -2.137064E-01   1.253764094E+00
   318   10262.960208   1.083189E-01   1.831728E+14    1.52318E+33   1.150342958E+00  -2.127742E-01   1.259448638E+00
   319   10298.859983   1.044838E-01   1.766331E+14    1.37959E+33   1.154656044E+00  -2.118952E-01   1.264678491E+00
   320   10332.845739   1.007717E-01   1.703053E+14    1.24910E+33   1.158619969E+00  -2.110665E-01   1.269486674E+00
   321   10365.000048   9.704555E-02   1.639601E+14    1.13065E+33   1.162256935E+00  -2.102854E-01   1.273899681E+00
   322   10395.447168   9.341239E-02   1.577764E+14    1.02317E+33   1.165591379E+00  -2.095485E-01   1.277946761E+00
   323   10424.273707   8.986077E-02   1.517327E+14    9.25659E+32   1.168646238E+00  -2.088534E-01   1.281655476E+00
   324   10451.566265   8.493278E-02   1.433352E+14    8.38017E+32   1.171417586E+00  -2.081977E-01   1.285021229E+00
   325   10477.879307   8.026505E-02   1.353854E+14    7.58507E+32   1.173954423E+00  -2.075677E-01   1.288103590E+00
   326   10503.240908   7.584516E-02   1.278617E+14    6.86401E+32   1.176275209E+00  -2.069627E-01   1.290924668E+00
   327   10527.678885   7.166110E-02   1.207433E+14    6.21035E+32   1.178397131E+00  -2.063817E-01   1.293505087E+00
   328   10551.220750   6.770130E-02   1.140101E+14    5.61797E+32   1.180336171E+00  -2.058241E-01   1.295864047E+00
   329   10573.893670   6.395460E-02   1.076426E+14    5.08130E+32   1.182107165E+00  -2.052888E-01   1.298019396E+00
   330   10595.724433   6.041030E-02   1.016224E+14    4.59524E+32   1.183723868E+00  -2.047753E-01   1.299987702E+00
   331   10616.739410   5.705813E-02   9.593158E+13    4.15511E+32   1.185199017E+00  -2.042826E-01   1.301784317E+00
   332   10636.964534   5.388824E-02   9.055311E+13    3.75669E+32   1.186544391E+00  -2.038100E-01   1.303423456E+00
   333   10656.425269   5.089123E-02   8.547072E+13    3.39608E+32   1.187770870E+00  -2.033568E-01   1.304918258E+00
   334   10675.146592   4.805809E-02   8.066882E+13    3.06978E+32   1.188888493E+00  -2.029222E-01   1.306280855E+00
   335   10693.152972   4.538024E-02   7.613259E+13    2.77456E+32   1.189906514E+00  -2.025055E-01   1.307522439E+00
   336   10710.468356   4.284950E-02   7.184788E+13    2.50752E+32   1.190833455E+00  -2.021060E-01   1.308653321E+00
   337   10727.116158   4.045807E-02   6.780122E+13    2.26600E+32   1.191677154E+00  -2.017231E-01   1.309682994E+00
   338   10743.119245   3.819851E-02   6.397980E+13    2.04759E+32   1.192444819E+00  -2.013561E-01   1.310620185E+00
   339   10758.499930   3.606379E-02   6.037145E+13    1.85011E+32   1.193143068E+00  -2.010044E-01   1.311472917E+00
   340   10773.279969   3.404717E-02   5.696460E+13    1.67158E+32   1.193777974E+00  -2.006674E-01   1.312248553E+00
   341   10787.480553   3.214229E-02   5.374826E+13    1.51018E+32   1.194355106E+00  -2.003444E-01   1.312953848E+00
   342   10801.122311   3.034309E-02   5.071202E+13    1.36430E+32   1.194879567E+00  -2.000350E-01   1.313594996E+00
   343   10814.225303   2.864383E-02   4.784599E+13    1.23246E+32   1.195356031E+00  -1.997386E-01   1.314177667E+00
   344   10826.809029   2.703907E-02   4.514082E+13    1.11330E+32   1.195788775E+00  -1.994546E-01   1.314707057E+00
   345   10838.892426   2.552363E-02   4.258761E+13    1.00563E+32   1.196181708E+00  -1.991826E-01   1.315187914E+00
   346   10850.493875   2.409262E-02   4.017797E+13    9.08331E+31   1.196538406E+00  -1.989220E-01   1.315624584E+00
   347   10861.631204   2.267389E-02   3.779649E+13    8.20463E+31   1.196861984E+00  -1.986724E-01   1.316020841E+00
   348   10872.352546   2.114527E-02   3.524883E+13    7.41487E+31   1.197154061E+00  -1.984326E-01   1.316378514E+00
   349   10882.767740   1.971935E-02   3.287229E+13    6.70096E+31   1.197419186E+00  -1.982002E-01   1.316703118E+00
   350   10892.884752   1.838928E-02   3.065546E+13    6.05563E+31   1.197659808E+00  -1.979749E-01   1.316997667E+00
   351   10902.711390   1.712417E-02   2.854441E+13    5.47274E+31   1.197878009E+00  -1.977566E-01   1.317264730E+00
   352   10912.270447   1.594339E-02   2.657395E+13    4.94592E+31   1.198075974E+00  -1.975446E-01   1.317507002E+00
   353   10921.570268   1.483128E-02   2.471846E+13    4.46980E+31   1.198255560E+00  -1.973387E-01   1.317726762E+00
   354   10930.625011   1.376417E-02   2.293873E+13    4.04007E+31   1.198418241E+00  -1.971387E-01   1.317925816E+00
   355   10939.462481   1.277370E-02   2.128690E+13    3.65159E+31   1.198565828E+00  -1.969438E-01   1.318106380E+00
   356   10948.087434   1.185205E-02   1.975034E+13    3.30043E+31   1.198699703E+00  -1.967539E-01   1.318270149E+00
   357   10956.506045   1.098760E-02   1.831086E+13    2.98314E+31   1.198821078E+00  -1.965690E-01   1.318418602E+00
   358   10964.729330   1.018610E-02   1.697615E+13    2.69632E+31   1.198931164E+00  -1.963886E-01   1.318553216E+00
   359   10972.761442   9.438225E-03   1.573038E+13    2.43707E+31   1.199030991E+00  -1.962127E-01   1.318675260E+00
   360   10980.610624   8.734871E-03   1.455812E+13    2.20291E+31   1.199121445E+00  -1.960412E-01   1.318785827E+00
   361   10988.290701   8.083875E-03   1.347313E+13    1.99123E+31   1.199203471E+00  -1.958736E-01   1.318886076E+00
   362   10995.805009   7.473767E-03   1.245628E+13    1.79995E+31   1.199277821E+00  -1.957099E-01   1.318976930E+00
   363   11003.164559   6.906863E-03   1.151144E+13    1.62709E+31   1.199345211E+00  -1.955498E-01   1.319059268E+00
   364   11010.375454   6.378912E-03   1.063159E+13    1.47083E+31   1.199406306E+00  -1.953932E-01   1.319133903E+00
   365   11017.444914   5.885451E-03   9.809315E+12    1.32967E+31   1.199461658E+00  -1.952399E-01   1.319201511E+00
   366   11024.382778   5.357549E-03   8.929582E+12    1.20233E+31   1.199511731E+00  -1.950897E-01   1.319262662E+00
   367   11031.285015   4.830281E-03   8.050716E+12    1.08891E+31   1.199556454E+00  -1.949405E-01   1.319317272E+00
   368   11038.229175   4.425750E-03   7.376372E+12    9.84752E+30   1.199597638E+00  -1.947906E-01   1.319367554E+00
   369   11045.093979   4.055083E-03   6.758488E+12    8.90555E+30   1.199634988E+00  -1.946426E-01   1.319413149E+00
   370   11051.880205   3.704797E-03   6.174662E+12    8.05468E+30   1.199668819E+00  -1.944966E-01   1.319454442E+00
   371   11058.608668   3.382759E-03   5.637932E+12    7.28547E+30   1.199699485E+00  -1.943520E-01   1.319491868E+00
   372   11065.284046   3.084078E-03   5.140292E+12    6.58987E+30   1.199727292E+00  -1.942088E-01   1.319525799E+00
   373   11071.916552   2.806569E-03   4.678103E+12    5.96154E+30   1.199752477E+00  -1.940667E-01   1.319556525E+00
   374   11078.519272   2.526932E-03   4.212149E+12    5.39410E+30   1.199775282E+00  -1.939254E-01   1.319584341E+00
   375   11085.164105   2.232828E-03   3.721797E+12    4.88732E+30   1.199795702E+00  -1.937834E-01   1.319609246E+00
   376   11091.987703   1.835234E-03   3.058389E+12    4.43326E+30   1.199814046E+00  -1.936379E-01   1.319631616E+00
   377   11099.530278   1.632557E-03   2.720594E+12    4.01537E+30   1.199830976E+00  -1.934772E-01   1.319652262E+00
   378   11107.222768   1.450146E-03   2.416520E+12    3.63697E+30   1.199846352E+00  -1.933137E-01   1.319671012E+00
   379   11115.080225   1.282391E-03   2.136727E+12    3.29518E+30   1.199860284E+00  -1.931469E-01   1.319687998E+00
   380   11123.145184   1.130573E-03   1.883754E+12    2.98569E+30   1.199872938E+00  -1.929760E-01   1.319703426E+00
   381   11131.448460   9.939550E-04   1.656274E+12    2.70588E+30   1.199884416E+00  -1.928004E-01   1.319717416E+00
   382   11140.022416   8.700076E-04   1.449958E+12    2.45287E+30   1.199894829E+00  -1.926194E-01   1.319730105E+00
   383   11148.916915   7.599211E-04   1.266535E+12    2.22372E+30   1.199904292E+00  -1.924320E-01   1.319741633E+00
   384   11158.165807   6.619316E-04   1.103219E+12    2.01622E+30   1.199912892E+00  -1.922375E-01   1.319752106E+00
   385   11167.812030   5.753577E-04   9.589673E+11    1.82835E+30   1.199920707E+00  -1.920351E-01   1.319761623E+00
   386   11177.895803   4.574450E-04   7.624037E+11    1.66199E+30   1.199927653E+00  -1.918239E-01   1.319770079E+00
   387   11189.447523   4.196690E-04   6.994267E+11    1.50295E+30   1.199934322E+00  -1.915826E-01   1.319778196E+00
   388   11200.863868   3.850118E-04   6.416507E+11    1.35913E+30   1.199940380E+00  -1.913447E-01   1.319785568E+00
   389   11212.146044   3.532161E-04   5.886461E+11    1.22907E+30   1.199945884E+00  -1.911102E-01   1.319792264E+00
   390   11223.295254   3.240456E-04   5.400191E+11    1.11145E+30   1.199950883E+00  -1.908791E-01   1.319798346E+00
   391   11234.312702   2.972836E-04   4.954082E+11    1.00508E+30   1.199955424E+00  -1.906512E-01   1.319803868E+00
   392   11245.199590   2.730982E-04   4.551179E+11    9.08854E+29   1.199959551E+00  -1.904265E-01   1.319808886E+00
   393   11255.941605   2.510456E-04   4.183915E+11    8.21784E+29   1.199963301E+00  -1.902054E-01   1.319813444E+00
   394   11266.532364   2.307733E-04   3.846281E+11    7.43053E+29   1.199966706E+00  -1.899879E-01   1.319817583E+00
   395   11276.973611   2.121377E-04   3.535888E+11    6.71864E+29   1.199969798E+00  -1.897740E-01   1.319821339E+00
   396   11287.267083   1.950066E-04   3.250537E+11    6.07494E+29   1.199972606E+00  -1.895635E-01   1.319824749E+00
   397   11297.414511   1.792587E-04   2.988210E+11    5.49290E+29   1.199975155E+00  -1.893565E-01   1.319827844E+00
   398   11307.417612   1.648172E-04   2.747604E+11    4.96660E+29   1.199977469E+00  -1.891529E-01   1.319830653E+00
   399   11317.276072   1.517773E-04   2.530143E+11    4.49033E+29   1.199979571E+00  -1.889527E-01   1.319833205E+00
   400   11326.976344   1.397689E-04   2.329890E+11    4.05973E+29   1.199981479E+00  -1.887561E-01   1.319835520E+00
   401   11336.520606   1.287103E-04   2.145482E+11    3.67041E+29   1.199983211E+00  -1.885631E-01   1.319837621E+00
   402   11345.911019   1.185265E-04   1.975667E+11    3.31842E+29   1.199984783E+00  -1.883735E-01   1.319839528E+00
   403   11355.149725   1.091483E-04   1.819289E+11    3.00018E+29   1.199986209E+00  -1.881875E-01   1.319841258E+00
   404   11364.238850   1.005119E-04   1.675287E+11    2.71245E+29   1.199987503E+00  -1.880047E-01   1.319842827E+00
   405   11373.180499   9.255880E-05   1.542680E+11    2.45231E+29   1.199988677E+00  -1.878253E-01   1.319844251E+00
   406   11381.976760   8.527340E-05   1.421228E+11    2.21710E+29   1.199989743E+00  -1.876492E-01   1.319845543E+00
   407   11390.625623   7.864472E-05   1.310763E+11    2.00430E+29   1.199990710E+00  -1.874763E-01   1.319846715E+00
   408   11399.119386   7.253121E-05   1.208882E+11    1.81192E+29   1.199991588E+00  -1.873069E-01   1.319847779E+00
   409   11407.460529   6.689284E-05   1.114919E+11    1.63800E+29   1.199992384E+00  -1.871408E-01   1.319848743E+00
   410   11415.651502   6.169268E-05   1.028257E+11    1.48077E+29   1.199993105E+00  -1.869779E-01   1.319849618E+00
   411   11423.694728   5.689670E-05   9.483303E+10    1.33864E+29   1.199993760E+00  -1.868183E-01   1.319850411E+00
   412   11431.592602   5.247349E-05   8.746151E+10    1.21014E+29   1.199994354E+00  -1.866618E-01   1.319851130E+00
   413   11439.347488   4.839407E-05   8.066287E+10    1.09398E+29   1.199994892E+00  -1.865085E-01   1.319851781E+00
   414   11446.961723   4.463174E-05   7.439262E+10    9.88961E+28   1.199995380E+00  -1.863581E-01   1.319852372E+00
   415   11454.437617   4.116185E-05   6.860968E+10    8.94026E+28   1.199995823E+00  -1.862108E-01   1.319852908E+00
   416   11461.777447   3.799512E-05   6.333086E+10    8.08183E+28   1.199996224E+00  -1.860663E-01   1.319853394E+00
   417   11468.977082   3.509217E-05   5.849108E+10    7.30544E+28   1.199996588E+00  -1.859248E-01   1.319853835E+00
   418   11476.034634   3.241098E-05   5.402109E+10    6.60362E+28   1.199996918E+00  -1.857863E-01   1.319854234E+00
   419   11482.952682   2.993459E-05   4.989264E+10    5.96922E+28   1.199997217E+00  -1.856508E-01   1.319854596E+00
   420   11489.733769   2.764739E-05   4.607964E+10    5.39575E+28   1.199997489E+00  -1.855181E-01   1.319854924E+00
   421   11496.380397   2.553491E-05   4.255800E+10    4.87737E+28   1.199997734E+00  -1.853883E-01   1.319855221E+00
   422   11502.895033   2.358381E-05   3.930544E+10    4.40878E+28   1.199997957E+00  -1.852612E-01   1.319855490E+00
   423   11509.280106   2.178177E-05   3.630143E+10    3.98521E+28   1.199998159E+00  -1.851368E-01   1.319855734E+00
   424   11515.538009   2.011740E-05   3.352696E+10    3.60232E+28   1.199998342E+00  -1.850151E-01   1.319855956E+00
   425   11521.671098   1.858018E-05   3.096451E+10    3.25622E+28   1.199998507E+00  -1.848959E-01   1.319856156E+00
   426   11527.681692   1.716041E-05   2.859788E+10    2.94337E+28   1.199998658E+00  -1.847793E-01   1.319856338E+00
   427   11533.572074   1.584911E-05   2.641210E+10    2.66057E+28   1.199998794E+00  -1.846651E-01   1.319856502E+00
   428   11539.344493   1.463799E-05   2.439335E+10    2.40494E+28   1.199998917E+00  -1.845534E-01   1.319856651E+00
   429   11545.001158   1.353514E-05   2.255548E+10    2.17374E+28   1.199999029E+00  -1.844440E-01   1.319856786E+00
   430   11550.537412   1.251760E-05   2.085982E+10    1.96474E+28   1.199999130E+00  -1.843371E-01   1.319856908E+00
   431   11555.954603   1.157653E-05   1.929162E+10    1.77583E+28   1.199999221E+00  -1.842326E-01   1.319857019E+00
   432   11561.255150   1.070621E-05   1.784129E+10    1.60508E+28   1.199999304E+00  -1.841305E-01   1.319857119E+00
   433   11566.441428   9.901306E-06   1.649998E+10    1.45075E+28   1.199999380E+00  -1.840307E-01   1.319857210E+00
   434   11571.515773   9.156907E-06   1.525950E+10    1.31126E+28   1.199999448E+00  -1.839332E-01   1.319857293E+00
   435   11576.480473   8.468465E-06   1.411226E+10    1.18517E+28   1.199999509E+00  -1.838378E-01   1.319857367E+00
   436   11581.337781   7.831774E-06   1.305126E+10    1.07121E+28   1.199999565E+00  -1.837446E-01   1.319857434E+00
   437   11586.089904   7.242946E-06   1.207002E+10    9.68206E+27   1.199999616E+00  -1.836536E-01   1.319857496E+00
   438   11590.739011   6.698383E-06   1.116254E+10    8.75105E+27   1.199999662E+00  -1.835646E-01   1.319857551E+00
   439   11595.287232   6.194757E-06   1.032329E+10    7.90956E+27   1.199999703E+00  -1.834776E-01   1.319857601E+00
   440   11599.736654   5.728992E-06   9.547120E+09    7.14898E+27   1.199999741E+00  -1.833926E-01   1.319857646E+00
   441   11604.089330   5.298242E-06   8.829302E+09    6.46153E+27   1.199999775E+00  -1.833095E-01   1.319857687E+00
   442   11608.347270   4.899875E-06   8.165449E+09    5.84017E+27   1.199999806E+00  -1.832283E-01   1.319857724E+00
   443   11612.512449   4.531457E-06   7.551502E+09    5.27856E+27   1.199999833E+00  -1.831489E-01   1.319857758E+00
   444   11616.586805   4.190736E-06   6.983712E+09    4.77096E+27   1.199999859E+00  -1.830713E-01   1.319857789E+00
   445   11620.572236   3.875632E-06   6.458609E+09    4.31216E+27   1.199999881E+00  -1.829955E-01   1.319857816E+00
   446   11624.470608   3.584218E-06   5.972983E+09    3.89748E+27   1.199999902E+00  -1.829214E-01   1.319857841E+00
   447   11628.283749   3.315940E-06   5.525918E+09    3.52265E+27   1.199999921E+00  -1.828490E-01   1.319857864E+00
   448   11632.012044   3.071566E-06   5.118706E+09    3.18361E+27   1.199999938E+00  -1.827782E-01   1.319857884E+00
   449   11635.652474   2.845199E-06   4.741499E+09    2.87720E+27   1.199999953E+00  -1.827092E-01   1.319857903E+00
   450   11639.207040   2.635513E-06   4.392085E+09    2.60028E+27   1.199999967E+00  -1.826418E-01   1.319857919E+00
   451   11642.677702   2.441279E-06   4.068418E+09    2.35001E+27   1.199999980E+00  -1.825761E-01   1.319857935E+00
   452   11646.066377   2.261358E-06   3.768600E+09    2.12382E+27   1.199999991E+00  -1.825120E-01   1.319857948E+00
   453   11649.374943   2.094696E-06   3.490874E+09    1.91941E+27   1.200000001E+00  -1.824494E-01   1.319857961E+00
   454   11652.605236   1.940316E-06   3.233614E+09    1.73467E+27   1.200000011E+00  -1.823884E-01   1.319857972E+00
   455   11655.759054   1.797312E-06   2.995310E+09    1.56770E+27   1.200000019E+00  -1.823289E-01   1.319857982E+00
   456   11658.838155   1.664847E-06   2.774566E+09    1.41681E+27   1.200000027E+00  -1.822708E-01   1.319857991E+00
   457   11661.844260   1.542143E-06   2.570089E+09    1.28044E+27   1.200000034E+00  -1.822141E-01   1.319858000E+00
   458   11664.779053   1.428483E-06   2.380680E+09    1.15719E+27   1.200000040E+00  -1.821588E-01   1.319858007E+00
   459   11667.644181   1.323199E-06   2.205229E+09    1.04581E+27   1.200000045E+00  -1.821048E-01   1.319858014E+00
   460   11670.441254   1.225674E-06   2.042706E+09    9.45144E+26   1.200000051E+00  -1.820522E-01   1.319858020E+00
   461   11673.171848   1.135336E-06   1.892161E+09    8.54169E+26   1.200000055E+00  -1.820008E-01   1.319858026E+00
   462   11675.837505   1.051656E-06   1.752709E+09    7.71950E+26   1.200000059E+00  -1.819507E-01   1.319858031E+00
   463   11678.439732   9.741430E-07   1.623534E+09    6.97645E+26   1.200000063E+00  -1.819018E-01   1.319858035E+00
   464   11680.980002   9.023428E-07   1.503879E+09    6.30492E+26   1.200000067E+00  -1.818541E-01   1.319858039E+00
   465   11683.459758   8.358343E-07   1.393042E+09    5.69802E+26   1.200000070E+00  -1.818075E-01   1.319858043E+00
   466   11685.880409   7.742275E-07   1.290372E+09    5.14954E+26   1.200000072E+00  -1.817621E-01   1.319858046E+00
   467   11688.243334   7.171612E-07   1.195269E+09    4.65385E+26   1.200000075E+00  -1.817178E-01   1.319858050E+00
   468   11690.549879   6.643008E-07   1.107175E+09    4.20588E+26   1.200000077E+00  -1.816745E-01   1.319858052E+00
   469   11692.801362   6.153363E-07   1.025573E+09    3.80102E+26   1.200000079E+00  -1.816324E-01   1.319858055E+00
   470   11694.999072   5.699807E-07   9.499852E+08    3.43513E+26   1.200000081E+00  -1.815912E-01   1.319858057E+00
   471   11697.144268   5.279679E-07   8.799678E+08    3.10446E+26   1.200000083E+00  -1.815511E-01   1.319858059E+00
   472   11699.238180   4.890517E-07   8.151107E+08    2.80562E+26   1.200000084E+00  -1.815119E-01   1.319858061E+00
   473   11701.282011   4.530037E-07   7.550334E+08    2.53555E+26   1.200000086E+00  -1.814737E-01   1.319858063E+00
   474   11703.276939   4.196127E-07   6.993838E+08    2.29147E+26   1.200000087E+00  -1.814364E-01   1.319858064E+00
   475   11705.224111   3.886828E-07   6.478356E+08    2.07089E+26   1.200000088E+00  -1.814000E-01   1.319858065E+00
   476   11707.124652   3.600326E-07   6.000866E+08    1.87154E+26   1.200000089E+00  -1.813645E-01   1.319858067E+00
   477   11708.979660   3.334941E-07   5.558567E+08    1.69138E+26   1.200000090E+00  -1.813299E-01   1.319858068E+00
   478   11710.790207   3.089117E-07   5.148866E+08    1.52856E+26   1.200000091E+00  -1.812961E-01   1.319858069E+00
   479   11712.557342   2.861412E-07   4.769361E+08    1.38141E+26   1.200000092E+00  -1.812631E-01   1.319858070E+00
   480   11714.282090   2.650491E-07   4.417826E+08    1.24843E+26   1.200000092E+00  -1.812309E-01   1.319858071E+00
   481   11715.965451   2.455116E-07   4.092201E+08    1.12825E+26   1.200000093E+00  -1.811995E-01   1.319858071E+00
   482   11717.608406   2.274142E-07   3.790575E+08    1.01964E+26   1.200000094E+00  -1.811689E-01   1.319858072E+00
   483   11719.211908   2.106705E-07   3.511344E+08    9.21479E+25   1.200000094E+00  -1.811390E-01   1.319858073E+00
   484   11720.776818   1.959788E-07   3.259395E+08    8.32678E+25   1.200000095E+00  -1.811099E-01   1.319858073E+00
   485   11722.300738   1.822874E-07   3.025510E+08    7.52435E+25   1.200000095E+00  -1.810815E-01   1.319858074E+00
   486   11723.784734   1.691983E-07   2.808233E+08    6.79926E+25   1.200000095E+00  -1.810539E-01   1.319858074E+00
   487   11725.229935   1.570490E-07   2.606559E+08    6.14404E+25   1.200000096E+00  -1.810270E-01   1.319858075E+00
   488   11726.637343   1.457720E-07   2.419367E+08    5.55197E+25   1.200000096E+00  -1.810008E-01   1.319858075E+00
   489   11728.007936   1.353048E-07   2.245618E+08    5.01694E+25   1.200000096E+00  -1.809754E-01   1.319858075E+00
   490   11729.342665   1.255891E-07   2.084346E+08    4.53347E+25   1.200000097E+00  -1.809505E-01   1.319858076E+00
   491   11730.642458   1.165710E-07   1.934656E+08    4.09660E+25   1.200000097E+00  -1.809264E-01   1.319858076E+00
   492   11731.908222   1.082290E-07   1.796249E+08    3.70178E+25   1.200000097E+00  -1.809029E-01   1.319858076E+00
   493   11733.140457   1.004967E-07   1.667984E+08    3.34497E+25   1.200000097E+00  -1.808800E-01   1.319858076E+00
   494   11734.339856   9.331670E-08   1.548877E+08    3.02255E+25   1.200000097E+00  -1.808577E-01   1.319858076E+00
   495   11735.507286   8.664970E-08   1.438276E+08    2.73121E+25   1.200000097E+00  -1.808360E-01   1.319858077E+00
   496   11736.643590   8.045901E-08   1.335571E+08    2.46794E+25   1.200000098E+00  -1.808149E-01   1.319858077E+00
   497   11737.749591   7.471059E-08   1.240200E+08    2.23006E+25   1.200000098E+00  -1.807944E-01   1.319858077E+00
   498   11738.826090   6.938283E-08   1.151802E+08    2.01510E+25   1.200000098E+00  -1.807744E-01   1.319858077E+00
   499   11739.873717   6.446396E-08   1.070175E+08    1.82080E+25   1.200000098E+00  -1.807550E-01   1.319858077E+00
   500   11740.892762   5.989379E-08   9.943328E+07    1.64524E+25   1.200000098E+00  -1.807361E-01   1.319858077E+00
   501   11741.883999   5.564762E-08   9.238651E+07    1.48661E+25   1.200000098E+00  -1.807177E-01   1.319858077E+00
   502   11742.848182   5.170246E-08   8.583913E+07    1.34327E+25   1.200000098E+00  -1.806998E-01   1.319858078E+00
   503   11743.786042   4.803699E-08   7.975574E+07    1.21375E+25   1.200000098E+00  -1.806825E-01   1.319858078E+00
   504   11744.698294   4.463138E-08   7.410347E+07    1.09672E+25   1.200000098E+00  -1.806656E-01   1.319858078E+00
   505   11745.585632   4.149045E-08   6.888688E+07    9.90955E+24   1.200000098E+00  -1.806491E-01   1.319858078E+00
   506   11746.448273   3.857729E-08   6.404766E+07    8.95375E+24   1.200000098E+00  -1.806331E-01   1.319858078E+00
   507   11747.286755   3.586867E-08   5.954837E+07    8.09013E+24   1.200000098E+00  -1.806176E-01   1.319858078E+00
   508   11748.101751   3.335022E-08   5.536515E+07    7.30981E+24   1.200000099E+00  -1.806025E-01   1.319858078E+00
   509   11748.893914   3.100859E-08   5.147578E+07    6.60476E+24   1.200000099E+00  -1.805878E-01   1.319858078E+00
   510   11749.663880   2.883137E-08   4.785963E+07    5.96770E+24   1.200000099E+00  -1.805736E-01   1.319858078E+00
   511   11750.412268   2.681132E-08   4.450504E+07    5.39208E+24   1.200000099E+00  -1.805597E-01   1.319858078E+00
   512   11751.139553   2.494691E-08   4.141037E+07    4.87179E+24   1.200000099E+00  -1.805463E-01   1.319858078E+00
   513   11751.845879   2.321215E-08   3.853088E+07    4.40171E+24   1.200000099E+00  -1.805332E-01   1.319858078E+00
   514   11752.531845   2.159802E-08   3.585161E+07    3.97698E+24   1.200000099E+00  -1.805205E-01   1.319858078E+00
   515   11753.198035   2.009613E-08   3.335864E+07    3.59324E+24   1.200000099E+00  -1.805082E-01   1.319858078E+00
   516   11753.845017   1.869867E-08   3.103902E+07    3.24652E+24   1.200000099E+00  -1.804962E-01   1.319858078E+00
   517   11754.473343   1.739839E-08   2.888068E+07    2.93325E+24   1.200000099E+00  -1.804846E-01   1.319858078E+00
   518   11755.083546   1.619826E-08   2.688859E+07    2.65017E+24   1.200000099E+00  -1.804733E-01   1.319858078E+00
   519   11755.675783   1.508659E-08   2.504333E+07    2.39433E+24   1.200000099E+00  -1.804624E-01   1.319858078E+00
   520   11756.250342   1.405121E-08   2.332471E+07    2.16318E+24   1.200000099E+00  -1.804518E-01   1.319858078E+00
   521   11756.807750   1.308689E-08   2.172402E+07    1.95435E+24   1.200000099E+00  -1.804415E-01   1.319858078E+00
   522   11757.348517   1.218874E-08   2.023317E+07    1.76567E+24   1.200000099E+00  -1.804315E-01   1.319858078E+00
   523   11757.873136   1.135223E-08   1.884464E+07    1.59522E+24   1.200000099E+00  -1.804218E-01   1.319858078E+00
   524   11758.382090   1.057313E-08   1.755140E+07    1.44121E+24   1.200000099E+00  -1.804124E-01   1.319858078E+00
   525   11758.875844   9.856720E-09   1.636319E+07    1.30201E+24   1.200000099E+00  -1.804032E-01   1.319858078E+00
   526   11759.354350   9.189751E-09   1.525701E+07    1.17625E+24   1.200000099E+00  -1.803944E-01   1.319858078E+00
   527   11759.818024   8.567912E-09   1.422562E+07    1.06263E+24   1.200000099E+00  -1.803858E-01   1.319858078E+00
   528   11760.267325   7.988150E-09   1.326394E+07    9.59987E+23   1.200000099E+00  -1.803775E-01   1.319858078E+00
   529   11760.702698   7.447618E-09   1.236728E+07    8.67259E+23   1.200000099E+00  -1.803695E-01   1.319858078E+00
   530   11761.124571   6.943661E-09   1.153123E+07    7.83487E+23   1.200000099E+00  -1.803617E-01   1.319858078E+00
   531   11761.533364   6.474593E-09   1.075289E+07    7.07805E+23   1.200000099E+00  -1.803542E-01   1.319858078E+00
   532   11761.929435   6.043419E-09   1.003647E+07    6.39400E+23   1.200000099E+00  -1.803468E-01   1.319858078E+00
   533   11762.312801   5.640957E-09   9.367787E+06    5.77605E+23   1.200000099E+00  -1.803398E-01   1.319858078E+00
   534   11762.683866   5.265298E-09   8.743651E+06    5.21783E+23   1.200000099E+00  -1.803329E-01   1.319858078E+00
   535   11763.043026   4.914654E-09   8.161097E+06    4.71355E+23   1.200000099E+00  -1.803263E-01   1.319858078E+00
   536   11763.390662   4.587362E-09   7.617356E+06    4.25801E+23   1.200000099E+00  -1.803199E-01   1.319858078E+00
   537   11763.727142   4.281865E-09   7.109842E+06    3.84649E+23   1.200000099E+00  -1.803137E-01   1.319858078E+00
   538   11764.052823   3.997654E-09   6.637705E+06    3.47473E+23   1.200000099E+00  -1.803077E-01   1.319858078E+00
   539   11764.367976   3.735981E-09   6.203026E+06    3.13871E+23   1.200000099E+00  -1.803018E-01   1.319858078E+00
   540   11764.672622   3.491436E-09   5.796813E+06    2.83519E+23   1.200000099E+00  -1.802962E-01   1.319858078E+00
   541   11764.967110   3.262898E-09   5.417200E+06    2.56101E+23   1.200000099E+00  -1.802908E-01   1.319858078E+00
   542   11765.251778   3.049319E-09   5.062447E+06    2.31335E+23   1.200000099E+00  -1.802855E-01   1.319858078E+00
   543   11765.526954   2.849720E-09   4.730925E+06    2.08964E+23   1.200000099E+00  -1.802805E-01   1.319858078E+00
   544   11765.792952   2.663186E-09   4.421113E+06    1.88756E+23   1.200000099E+00  -1.802755E-01   1.319858078E+00
   545   11766.050080   2.489351E-09   4.132423E+06    1.70502E+23   1.200000099E+00  -1.802708E-01   1.319858078E+00
   546   11766.298581   2.329305E-09   3.866744E+06    1.54003E+23   1.200000099E+00  -1.802662E-01   1.319858078E+00
   547   11766.538470   2.179549E-09   3.618146E+06    1.39101E+23   1.200000099E+00  -1.802618E-01   1.319858078E+00
   548   11766.770045   2.039421E-09   3.385530E+06    1.25641E+23   1.200000099E+00  -1.802575E-01   1.319858078E+00
   549   11766.993594   1.908302E-09   3.167870E+06    1.13483E+23   1.200000099E+00  -1.802534E-01   1.319858078E+00
   550   11767.209395   1.785613E-09   2.964203E+06    1.02502E+23   1.200000099E+00  -1.802494E-01   1.319858078E+00
   551   11767.417715   1.670811E-09   2.773629E+06    9.25828E+22   1.200000099E+00  -1.802456E-01   1.319858078E+00
   552   11767.618815   1.563391E-09   2.595308E+06    8.36239E+22   1.200000099E+00  -1.802419E-01   1.319858078E+00
   553   11767.812943   1.464536E-09   2.431188E+06    7.55274E+22   1.200000099E+00  -1.802383E-01   1.319858078E+00
   554   11768.000120   1.371953E-09   2.277481E+06    6.82147E+22   1.200000099E+00  -1.802348E-01   1.319858078E+00
   555   11768.180591   1.285223E-09   2.133491E+06    6.16100E+22   1.200000099E+00  -1.802315E-01   1.319858078E+00
   556   11768.354595   1.203976E-09   1.998605E+06    5.56448E+22   1.200000099E+00  -1.802283E-01   1.319858078E+00
   557   11768.522365   1.127864E-09   1.872246E+06    5.02572E+22   1.200000099E+00  -1.802252E-01   1.319858078E+00
   558   11768.684123   1.056565E-09   1.753877E+06    4.53912E+22   1.200000099E+00  -1.802222E-01   1.319858078E+00
   559   11768.840086   9.897720E-10   1.642990E+06    4.09963E+22   1.200000099E+00  -1.802193E-01   1.319858078E+00
   560   11768.990459   9.279338E-10   1.540367E+06    3.70259E+22   1.200000099E+00  -1.802166E-01   1.319858078E+00
