       6     571     323     403

     EOS file :  /Users/dany/Work/NStar/eos/v14/APR_EOS_Acc_Pd.dat           

  step        radius       baryon#       density        pressure       encl. mass            phi     encl. bar. mass 
                (m)        (#/fm3)       (g/cm3)        (dyn/cm2)      (sol. mass)                     (sol. mass)   

     0       0.000000   6.830509E-01   1.305173E+15    3.14207E+35   0.000000000E+00  -7.028418E-01   0.000000000E+00
     1       1.000000   6.830509E-01   1.305173E+15    3.14207E+35   2.748666142E-12  -7.028418E-01   2.409094215E-12
     2       1.033333   6.830509E-01   1.305173E+15    3.14207E+35   3.032796775E-12  -7.028418E-01   2.658123173E-12
     3       1.067778   6.830509E-01   1.305173E+15    3.14207E+35   3.346298097E-12  -7.028418E-01   2.932894347E-12
     4       1.103370   6.830509E-01   1.305173E+15    3.14207E+35   3.692206166E-12  -7.028418E-01   3.236068719E-12
     5       1.140149   6.830509E-01   1.305173E+15    3.14207E+35   4.073870879E-12  -7.028418E-01   3.570582337E-12
     6       1.178154   6.830509E-01   1.305173E+15    3.14207E+35   4.494988414E-12  -7.028418E-01   3.939674750E-12
     7       1.217426   6.830509E-01   1.305173E+15    3.14207E+35   4.959637024E-12  -7.028418E-01   4.346920383E-12
     8       1.258007   6.830509E-01   1.305173E+15    3.14207E+35   5.472316531E-12  -7.028418E-01   4.796263146E-12
     9       1.299941   6.830509E-01   1.305173E+15    3.14207E+35   6.037991906E-12  -7.028418E-01   5.292054636E-12
    10       1.343272   6.830509E-01   1.305173E+15    3.14207E+35   6.662141353E-12  -7.028418E-01   5.839096275E-12
    11       1.388048   6.830509E-01   1.305173E+15    3.14207E+35   7.350809357E-12  -7.028418E-01   6.442685809E-12
    12       1.434316   6.830509E-01   1.305173E+15    3.14207E+35   8.110665225E-12  -7.028418E-01   7.108668614E-12
    13       1.482126   6.830509E-01   1.305173E+15    3.14207E+35   8.949067672E-12  -7.028418E-01   7.843494307E-12
    14       1.531531   6.830509E-01   1.305173E+15    3.14207E+35   9.874136087E-12  -7.028418E-01   8.654279201E-12
    15       1.582582   6.830509E-01   1.305173E+15    3.14207E+35   1.089482916E-11  -7.028418E-01   9.548875226E-12
    16       1.635334   6.830509E-01   1.305173E+15    3.14207E+35   1.202103165E-11  -7.028418E-01   1.053594597E-11
    17       1.689846   6.830509E-01   1.305173E+15    3.14207E+35   1.326365011E-11  -7.028418E-01   1.162505058E-11
    18       1.746174   6.830509E-01   1.305173E+15    3.14207E+35   1.463471848E-11  -7.028418E-01   1.282673633E-11
    19       1.804380   6.830509E-01   1.305173E+15    3.14207E+35   1.614751470E-11  -7.028418E-01   1.415264078E-11
    20       1.864526   6.830509E-01   1.305173E+15    3.14207E+35   1.781668921E-11  -7.028418E-01   1.561560445E-11
    21       1.926676   6.830509E-01   1.305173E+15    3.14207E+35   1.965840689E-11  -7.028418E-01   1.722979521E-11
    22       1.990899   6.830509E-01   1.305173E+15    3.14207E+35   2.169050360E-11  -7.028418E-01   1.901084546E-11
    23       2.057262   6.830509E-01   1.305173E+15    3.14207E+35   2.393265889E-11  -7.028418E-01   2.097600351E-11
    24       2.125838   6.830509E-01   1.305173E+15    3.14207E+35   2.640658657E-11  -7.028418E-01   2.314430068E-11
    25       2.196699   6.830509E-01   1.305173E+15    3.14207E+35   2.913624506E-11  -7.028418E-01   2.553673550E-11
    26       2.269922   6.830509E-01   1.305173E+15    3.14207E+35   3.214806932E-11  -7.028418E-01   2.817647719E-11
    27       2.345586   6.830509E-01   1.305173E+15    3.14207E+35   3.547122695E-11  -7.028418E-01   3.108908992E-11
    28       2.423772   6.830509E-01   1.305173E+15    3.14207E+35   3.913790057E-11  -7.028418E-01   3.430278049E-11
    29       2.504565   6.830509E-01   1.305173E+15    3.14207E+35   4.318359956E-11  -7.028418E-01   3.784867141E-11
    30       2.588050   6.830509E-01   1.305173E+15    3.14207E+35   4.764750390E-11  -7.028418E-01   4.176110235E-11
    31       2.674319   6.830509E-01   1.305173E+15    3.14207E+35   5.257284362E-11  -7.028418E-01   4.607796269E-11
    32       2.763463   6.830509E-01   1.305173E+15    3.14207E+35   5.800731747E-11  -7.028418E-01   5.084105842E-11
    33       2.855578   6.830509E-01   1.305173E+15    3.14207E+35   6.400355480E-11  -7.028418E-01   5.609651707E-11
    34       2.950764   6.830509E-01   1.305173E+15    3.14207E+35   7.061962531E-11  -7.028418E-01   6.189523435E-11
    35       3.049123   6.830509E-01   1.305173E+15    3.14207E+35   7.791960137E-11  -7.028418E-01   6.829336711E-11
    36       3.150760   6.830509E-01   1.305173E+15    3.14207E+35   8.597417851E-11  -7.028418E-01   7.535287712E-11
    37       3.255786   6.830509E-01   1.305173E+15    3.14207E+35   9.486136012E-11  -7.028418E-01   8.314213118E-11
    38       3.364312   6.830509E-01   1.305173E+15    3.14207E+35   1.046672128E-10  -7.028418E-01   9.173656318E-11
    39       3.476455   6.830509E-01   1.305173E+15    3.14207E+35   1.154866998E-10  -7.028418E-01   1.012194046E-10
    40       3.592337   6.830509E-01   1.305173E+15    3.14207E+35   1.274246010E-10  -7.028418E-01   1.116824908E-10
    41       3.712082   6.830509E-01   1.305173E+15    3.14207E+35   1.405965272E-10  -7.028418E-01   1.232271497E-10
    42       3.835818   6.830508E-01   1.305173E+15    3.14207E+35   1.551300398E-10  -7.028418E-01   1.359651841E-10
    43       3.963678   6.830508E-01   1.305173E+15    3.14207E+35   1.711658866E-10  -7.028418E-01   1.500199536E-10
    44       4.095801   6.830508E-01   1.305173E+15    3.14207E+35   1.888593644E-10  -7.028418E-01   1.655275693E-10
    45       4.232328   6.830508E-01   1.305173E+15    3.14207E+35   2.083818228E-10  -7.028418E-01   1.826382127E-10
    46       4.373405   6.830508E-01   1.305173E+15    3.14207E+35   2.299223244E-10  -7.028418E-01   2.015175891E-10
    47       4.519185   6.830508E-01   1.305173E+15    3.14207E+35   2.536894747E-10  -7.028418E-01   2.223485330E-10
    48       4.669825   6.830508E-01   1.305173E+15    3.14207E+35   2.799134431E-10  -7.028418E-01   2.453327786E-10
    49       4.825486   6.830508E-01   1.305173E+15    3.14207E+35   3.088481918E-10  -7.028418E-01   2.706929134E-10
    50       4.986335   6.830508E-01   1.305173E+15    3.14207E+35   3.407739347E-10  -7.028418E-01   2.986745338E-10
    51       5.152546   6.830508E-01   1.305173E+15    3.14207E+35   3.759998519E-10  -7.028418E-01   3.295486234E-10
    52       5.324298   6.830508E-01   1.305173E+15    3.14207E+35   4.148670834E-10  -7.028417E-01   3.636141779E-10
    53       5.501774   6.830508E-01   1.305173E+15    3.14207E+35   4.577520327E-10  -7.028417E-01   4.012010997E-10
    54       5.685167   6.830508E-01   1.305173E+15    3.14207E+35   5.050700125E-10  -7.028417E-01   4.426733937E-10
    55       5.874672   6.830508E-01   1.305173E+15    3.14207E+35   5.572792662E-10  -7.028417E-01   4.884326919E-10
    56       6.070495   6.830508E-01   1.305173E+15    3.14207E+35   6.148854063E-10  -7.028417E-01   5.389221431E-10
    57       6.272844   6.830508E-01   1.305173E+15    3.14207E+35   6.784463100E-10  -7.028417E-01   5.946307046E-10
    58       6.481939   6.830508E-01   1.305173E+15    3.14207E+35   7.485775229E-10  -7.028417E-01   6.560978772E-10
    59       6.698004   6.830507E-01   1.305173E+15    3.14207E+35   8.259582193E-10  -7.028417E-01   7.239189299E-10
    60       6.921270   6.830507E-01   1.305173E+15    3.14207E+35   9.113377798E-10  -7.028417E-01   7.987506650E-10
    61       7.151979   6.830507E-01   1.305173E+15    3.14207E+35   1.005543049E-09  -7.028417E-01   8.813177785E-10
    62       7.390379   6.830507E-01   1.305173E+15    3.14207E+35   1.109486342E-09  -7.028416E-01   9.724198781E-10
    63       7.636724   6.830507E-01   1.305173E+15    3.14207E+35   1.224174280E-09  -7.028416E-01   1.072939227E-09
    64       7.891282   6.830507E-01   1.305173E+15    3.14207E+35   1.350717539E-09  -7.028416E-01   1.183849290E-09
    65       8.154324   6.830507E-01   1.305173E+15    3.14207E+35   1.490341606E-09  -7.028416E-01   1.306224155E-09
    66       8.426135   6.830507E-01   1.305173E+15    3.14207E+35   1.644398645E-09  -7.028416E-01   1.441248942E-09
    67       8.707006   6.830506E-01   1.305173E+15    3.14207E+35   1.814380596E-09  -7.028416E-01   1.590231275E-09
    68       8.997239   6.830506E-01   1.305173E+15    3.14207E+35   2.001933618E-09  -7.028416E-01   1.754613949E-09
    69       9.297147   6.830506E-01   1.305173E+15    3.14207E+35   2.208874034E-09  -7.028415E-01   1.935988900E-09
    70       9.607052   6.830506E-01   1.305172E+15    3.14207E+35   2.437205921E-09  -7.028415E-01   2.136112621E-09
    71       9.927287   6.830506E-01   1.305172E+15    3.14207E+35   2.689140518E-09  -7.028415E-01   2.356923174E-09
    72      10.258196   6.830505E-01   1.305172E+15    3.14207E+35   2.967117637E-09  -7.028415E-01   2.600558961E-09
    73      10.600135   6.830505E-01   1.305172E+15    3.14207E+35   3.273829295E-09  -7.028414E-01   2.869379428E-09
    74      10.953473   6.830505E-01   1.305172E+15    3.14206E+35   3.612245780E-09  -7.028414E-01   3.165987916E-09
    75      11.318588   6.830504E-01   1.305172E+15    3.14206E+35   3.985644421E-09  -7.028414E-01   3.493256876E-09
    76      11.695874   6.830504E-01   1.305172E+15    3.14206E+35   4.397641320E-09  -7.028413E-01   3.854355682E-09
    77      12.085736   6.830504E-01   1.305172E+15    3.14206E+35   4.852226378E-09  -7.028413E-01   4.252781324E-09
    78      12.488593   6.830504E-01   1.305172E+15    3.14206E+35   5.353801927E-09  -7.028413E-01   4.692392277E-09
    79      12.904879   6.830503E-01   1.305172E+15    3.14206E+35   5.907225368E-09  -7.028412E-01   5.177445866E-09
    80      13.335041   6.830503E-01   1.305172E+15    3.14206E+35   6.517856208E-09  -7.028412E-01   5.712639492E-09
    81      13.779542   6.830502E-01   1.305172E+15    3.14206E+35   7.191607965E-09  -7.028412E-01   6.303156127E-09
    82      14.238859   6.830502E-01   1.305172E+15    3.14206E+35   7.935005431E-09  -7.028411E-01   6.954714501E-09
    83      14.713487   6.830501E-01   1.305171E+15    3.14206E+35   8.755247864E-09  -7.028411E-01   7.673624492E-09
    84      15.203935   6.830501E-01   1.305171E+15    3.14206E+35   9.660278701E-09  -7.028410E-01   8.466848220E-09
    85      15.710732   6.830500E-01   1.305171E+15    3.14206E+35   1.065886249E-08  -7.028409E-01   9.342067481E-09
    86      16.234422   6.830500E-01   1.305171E+15    3.14206E+35   1.176066975E-08  -7.028409E-01   1.030775813E-08
    87      16.775568   6.830499E-01   1.305171E+15    3.14206E+35   1.297637065E-08  -7.028408E-01   1.137327216E-08
    88      17.334752   6.830498E-01   1.305171E+15    3.14205E+35   1.431773831E-08  -7.028407E-01   1.254892828E-08
    89      17.912576   6.830498E-01   1.305171E+15    3.14205E+35   1.579776283E-08  -7.028407E-01   1.384611184E-08
    90      18.509660   6.830497E-01   1.305170E+15    3.14205E+35   1.743077707E-08  -7.028406E-01   1.527738507E-08
    91      19.126647   6.830496E-01   1.305170E+15    3.14205E+35   1.923259546E-08  -7.028405E-01   1.685660873E-08
    92      19.764200   6.830495E-01   1.305170E+15    3.14205E+35   2.122066715E-08  -7.028404E-01   1.859907640E-08
    93      20.423004   6.830494E-01   1.305170E+15    3.14205E+35   2.341424498E-08  -7.028403E-01   2.052166248E-08
    94      21.103768   6.830493E-01   1.305169E+15    3.14205E+35   2.583457191E-08  -7.028402E-01   2.264298568E-08
    95      21.807224   6.830492E-01   1.305169E+15    3.14205E+35   2.850508675E-08  -7.028401E-01   2.498358932E-08
    96      22.534129   6.830491E-01   1.305169E+15    3.14204E+35   3.145165112E-08  -7.028400E-01   2.756614020E-08
    97      23.285263   6.830490E-01   1.305169E+15    3.14204E+35   3.470279992E-08  -7.028399E-01   3.041564819E-08
    98      24.061435   6.830489E-01   1.305168E+15    3.14204E+35   3.829001760E-08  -7.028397E-01   3.355970836E-08
    99      24.863478   6.830487E-01   1.305168E+15    3.14204E+35   4.224804310E-08  -7.028396E-01   3.702876823E-08
   100      25.692256   6.830486E-01   1.305168E+15    3.14204E+35   4.661520621E-08  -7.028394E-01   4.085642260E-08
   101      26.548660   6.830484E-01   1.305167E+15    3.14203E+35   5.143379875E-08  -7.028393E-01   4.507973891E-08
   102      27.433609   6.830483E-01   1.305167E+15    3.14203E+35   5.675048411E-08  -7.028391E-01   4.973961614E-08
   103      28.348057   6.830481E-01   1.305166E+15    3.14203E+35   6.261674911E-08  -7.028389E-01   5.488118089E-08
   104      29.292985   6.830479E-01   1.305166E+15    3.14202E+35   6.908940256E-08  -7.028387E-01   6.055422435E-08
   105      30.269411   6.830477E-01   1.305165E+15    3.14202E+35   7.623112534E-08  -7.028385E-01   6.681368449E-08
   106      31.278383   6.830475E-01   1.305165E+15    3.14202E+35   8.411107741E-08  -7.028383E-01   7.372017800E-08
   107      32.320986   6.830472E-01   1.305164E+15    3.14201E+35   9.280556743E-08  -7.028380E-01   8.134058728E-08
   108      33.398342   6.830470E-01   1.305164E+15    3.14201E+35   1.023987917E-07  -7.028377E-01   8.974870812E-08
   109      34.511609   6.830467E-01   1.305163E+15    3.14201E+35   1.129836495E-07  -7.028375E-01   9.902596425E-08
   110      35.661984   6.830464E-01   1.305162E+15    3.14200E+35   1.246626424E-07  -7.028372E-01   1.092621958E-07
   111      36.850703   6.830461E-01   1.305162E+15    3.14200E+35   1.375488671E-07  -7.028369E-01   1.205565291E-07
   112      38.079045   6.830458E-01   1.305161E+15    3.14199E+35   1.517671102E-07  -7.028365E-01   1.330183369E-07
   113      39.348330   6.830454E-01   1.305160E+15    3.14199E+35   1.674550567E-07  -7.028362E-01   1.467682969E-07
   114      40.659922   6.830451E-01   1.305159E+15    3.14198E+35   1.847646227E-07  -7.028358E-01   1.619395607E-07
   115      42.015233   6.830447E-01   1.305158E+15    3.14197E+35   2.038634272E-07  -7.028354E-01   1.786790427E-07
   116      43.415718   6.830443E-01   1.305157E+15    3.14197E+35   2.249364138E-07  -7.028349E-01   1.971488431E-07
   117      44.862884   6.830438E-01   1.305156E+15    3.14196E+35   2.481876425E-07  -7.028345E-01   2.175278168E-07
   118      46.358287   6.830433E-01   1.305155E+15    3.14195E+35   2.738422646E-07  -7.028339E-01   2.400133058E-07
   119      47.903533   6.830428E-01   1.305154E+15    3.14195E+35   3.021487029E-07  -7.028334E-01   2.648230493E-07
   120      49.500285   6.830423E-01   1.305152E+15    3.14194E+35   3.333810567E-07  -7.028328E-01   2.921972925E-07
   121      51.150258   6.830417E-01   1.305151E+15    3.14193E+35   3.678417555E-07  -7.028322E-01   3.224011120E-07
   122      52.855226   6.830411E-01   1.305149E+15    3.14192E+35   4.058644871E-07  -7.028316E-01   3.557269827E-07
   123      54.617023   6.830404E-01   1.305148E+15    3.14191E+35   4.478174275E-07  -7.028309E-01   3.924976093E-07
   124      56.437541   6.830397E-01   1.305146E+15    3.14190E+35   4.941068056E-07  -7.028301E-01   4.330690504E-07
   125      58.318739   6.830389E-01   1.305144E+15    3.14189E+35   5.451808354E-07  -7.028293E-01   4.778341658E-07
   126      60.262637   6.830381E-01   1.305142E+15    3.14187E+35   6.015340550E-07  -7.028285E-01   5.272264197E-07
   127      62.271326   6.830372E-01   1.305140E+15    3.14186E+35   6.637121135E-07  -7.028276E-01   5.817240769E-07
   128      64.346964   6.830363E-01   1.305138E+15    3.14184E+35   7.323170529E-07  -7.028266E-01   6.418548326E-07
   129      66.491783   6.830353E-01   1.305136E+15    3.14183E+35   8.080131353E-07  -7.028256E-01   7.082009212E-07
   130      68.708088   6.830343E-01   1.305133E+15    3.14181E+35   8.915332724E-07  -7.028245E-01   7.814047515E-07
   131      70.998260   6.830332E-01   1.305130E+15    3.14180E+35   9.836861189E-07  -7.028233E-01   8.621751257E-07
   132      73.364761   6.830319E-01   1.305127E+15    3.14178E+35   1.085363899E-06  -7.028221E-01   9.512940998E-07
   133      75.810135   6.830307E-01   1.305124E+15    3.14176E+35   1.197551041E-06  -7.028207E-01   1.049624554E-06
   134      78.337009   6.830293E-01   1.305121E+15    3.14174E+35   1.321333705E-06  -7.028193E-01   1.158118542E-06
   135      80.948098   6.830278E-01   1.305117E+15    3.14171E+35   1.457910290E-06  -7.028178E-01   1.277826509E-06
   136      83.646209   6.830263E-01   1.305114E+15    3.14169E+35   1.608603037E-06  -7.028161E-01   1.409907455E-06
   137      86.434240   6.830246E-01   1.305110E+15    3.14166E+35   1.774870814E-06  -7.028144E-01   1.555640151E-06
   138      89.315188   6.830228E-01   1.305105E+15    3.14163E+35   1.958323239E-06  -7.028125E-01   1.716435516E-06
   139      92.292147   6.830209E-01   1.305101E+15    3.14161E+35   2.160736247E-06  -7.028105E-01   1.893850267E-06
   140      95.368316   6.830189E-01   1.305096E+15    3.14157E+35   2.384069272E-06  -7.028084E-01   2.089601983E-06
   141      98.546999   6.830167E-01   1.305091E+15    3.14154E+35   2.630484203E-06  -7.028061E-01   2.305585726E-06
   142     101.831612   6.830144E-01   1.305085E+15    3.14150E+35   2.902366294E-06  -7.028037E-01   2.543892370E-06
   143     105.225682   6.830119E-01   1.305079E+15    3.14147E+35   3.202347230E-06  -7.028011E-01   2.806828833E-06
   144     108.732855   6.830093E-01   1.305073E+15    3.14142E+35   3.533330583E-06  -7.027984E-01   3.096940392E-06
   145     112.356898   6.830064E-01   1.305066E+15    3.14138E+35   3.898519888E-06  -7.027954E-01   3.417035300E-06
   146     116.101702   6.830034E-01   1.305058E+15    3.14133E+35   4.301449614E-06  -7.027923E-01   3.770211952E-06
   147     119.971289   6.830002E-01   1.305051E+15    3.14128E+35   4.746019342E-06  -7.027889E-01   4.159888848E-06
   148     123.969814   6.829968E-01   1.305042E+15    3.14123E+35   5.236531456E-06  -7.027854E-01   4.589837649E-06
   149     128.101569   6.829931E-01   1.305034E+15    3.14117E+35   5.777732731E-06  -7.027815E-01   5.064219649E-06
   150     132.370991   6.829892E-01   1.305024E+15    3.14111E+35   6.374860205E-06  -7.027774E-01   5.587626006E-06
   151     136.782661   6.829850E-01   1.305014E+15    3.14105E+35   7.033691789E-06  -7.027731E-01   6.165122127E-06
   152     141.341315   6.829806E-01   1.305003E+15    3.14098E+35   7.760602089E-06  -7.027684E-01   6.802296628E-06
   153     146.051845   6.829758E-01   1.304992E+15    3.14090E+35   8.562623983E-06  -7.027634E-01   7.505315351E-06
   154     150.919305   6.829707E-01   1.304979E+15    3.14082E+35   9.447516549E-06  -7.027581E-01   8.280980942E-06
   155     155.948917   6.829653E-01   1.304966E+15    3.14074E+35   1.042383999E-05  -7.027524E-01   9.136798582E-06
   156     161.146076   6.829595E-01   1.304952E+15    3.14065E+35   1.150103829E-05  -7.027464E-01   1.008104849E-05
   157     166.516356   6.829533E-01   1.304937E+15    3.14055E+35   1.268953036E-05  -7.027399E-01   1.112286591E-05
   158     172.065515   6.829466E-01   1.304921E+15    3.14045E+35   1.400081060E-05  -7.027330E-01   1.227232930E-05
   159     177.799504   6.829396E-01   1.304904E+15    3.14034E+35   1.544755977E-05  -7.027256E-01   1.354055769E-05
   160     183.724467   6.829320E-01   1.304886E+15    3.14022E+35   1.704376738E-05  -7.027178E-01   1.493981799E-05
   161     189.846755   6.829240E-01   1.304866E+15    3.14010E+35   1.880486651E-05  -7.027094E-01   1.648364338E-05
   162     196.172927   6.829154E-01   1.304846E+15    3.13997E+35   2.074788264E-05  -7.027004E-01   1.818696389E-05
   163     202.709759   6.829062E-01   1.304823E+15    3.13982E+35   2.289159772E-05  -7.026908E-01   2.006625046E-05
   164     209.464251   6.828964E-01   1.304800E+15    3.13967E+35   2.525673113E-05  -7.026806E-01   2.213967374E-05
   165     216.443635   6.828859E-01   1.304774E+15    3.13951E+35   2.786613924E-05  -7.026696E-01   2.442727931E-05
   166     223.655380   6.828748E-01   1.304747E+15    3.13933E+35   3.074503540E-05  -7.026580E-01   2.695118088E-05
   167     231.107202   6.828628E-01   1.304718E+15    3.13915E+35   3.392123267E-05  -7.026455E-01   2.973577335E-05
   168     238.807071   6.828501E-01   1.304688E+15    3.13895E+35   3.742541129E-05  -7.026322E-01   3.280796783E-05
   169     246.763220   6.828365E-01   1.304655E+15    3.13874E+35   4.129141369E-05  -7.026180E-01   3.619745069E-05
   170     254.984151   6.828220E-01   1.304620E+15    3.13851E+35   4.555656976E-05  -7.026029E-01   3.993696932E-05
   171     263.478648   6.828064E-01   1.304582E+15    3.13827E+35   5.026205535E-05  -7.025867E-01   4.406264719E-05
   172     272.255781   6.827899E-01   1.304542E+15    3.13802E+35   5.545328763E-05  -7.025694E-01   4.861433121E-05
   173     281.324918   6.827722E-01   1.304499E+15    3.13774E+35   6.118036076E-05  -7.025509E-01   5.363597471E-05
   174     290.695734   6.827533E-01   1.304454E+15    3.13745E+35   6.749852626E-05  -7.025312E-01   5.917605975E-05
   175     300.378221   6.827332E-01   1.304405E+15    3.13714E+35   7.446872235E-05  -7.025102E-01   6.528806257E-05
   176     310.382695   6.827117E-01   1.304353E+15    3.13680E+35   8.215815746E-05  -7.024877E-01   7.203096677E-05
   177     320.719813   6.826887E-01   1.304297E+15    3.13644E+35   9.064095321E-05  -7.024638E-01   7.946982898E-05
   178     331.400574   6.826641E-01   1.304238E+15    3.13606E+35   9.999885292E-05  -7.024382E-01   8.767640231E-05
   179     342.436338   6.826380E-01   1.304175E+15    3.13566E+35   1.103220024E-04  -7.024108E-01   9.672982355E-05
   180     353.838834   6.826100E-01   1.304107E+15    3.13522E+35   1.217098100E-04  -7.023816E-01   1.067173704E-04
   181     365.620169   6.825801E-01   1.304035E+15    3.13476E+35   1.342718944E-04  -7.023505E-01   1.177352962E-04
   182     377.792842   6.825483E-01   1.303958E+15    3.13427E+35   1.481291280E-04  -7.023172E-01   1.298897491E-04
   183     390.369758   6.825142E-01   1.303876E+15    3.13374E+35   1.634147869E-04  -7.022817E-01   1.432977857E-04
   184     403.364234   6.824779E-01   1.303788E+15    3.13317E+35   1.802758167E-04  -7.022438E-01   1.580884867E-04
   185     416.790017   6.824391E-01   1.303694E+15    3.13257E+35   1.988742266E-04  -7.022033E-01   1.744041869E-04
   186     430.661294   6.823977E-01   1.303594E+15    3.13193E+35   2.193886239E-04  -7.021601E-01   1.924018290E-04
   187     444.992706   6.823535E-01   1.303487E+15    3.13124E+35   2.420159039E-04  -7.021140E-01   2.122544554E-04
   188     459.799359   6.823063E-01   1.303373E+15    3.13051E+35   2.669731088E-04  -7.020648E-01   2.341528498E-04
   189     475.096839   6.822560E-01   1.303251E+15    3.12973E+35   2.944994744E-04  -7.020122E-01   2.583073463E-04
   190     490.901227   6.822022E-01   1.303121E+15    3.12890E+35   3.248586807E-04  -7.019561E-01   2.849498190E-04
   191     507.229111   6.821448E-01   1.302982E+15    3.12801E+35   3.583413288E-04  -7.018963E-01   3.143358734E-04
   192     524.097597   6.820835E-01   1.302834E+15    3.12706E+35   3.952676640E-04  -7.018323E-01   3.467472573E-04
   193     541.524330   6.820181E-01   1.302676E+15    3.12605E+35   4.359905704E-04  -7.017641E-01   3.824945136E-04
   194     559.527503   6.819482E-01   1.302507E+15    3.12496E+35   4.808988629E-04  -7.016913E-01   4.219198984E-04
   195     578.125871   6.818737E-01   1.302327E+15    3.12381E+35   5.304209043E-04  -7.016135E-01   4.654005913E-04
   196     597.338771   6.817941E-01   1.302135E+15    3.12258E+35   5.850285802E-04  -7.015306E-01   5.133522241E-04
   197     617.186130   6.817092E-01   1.301930E+15    3.12126E+35   6.452416642E-04  -7.014420E-01   5.662327615E-04
   198     637.688483   6.816185E-01   1.301711E+15    3.11986E+35   7.116326115E-04  -7.013475E-01   6.245467651E-04
   199     658.866987   6.815218E-01   1.301477E+15    3.11837E+35   7.848318197E-04  -7.012466E-01   6.888500796E-04
   200     680.743435   6.814185E-01   1.301227E+15    3.11677E+35   8.655334021E-04  -7.011390E-01   7.597549792E-04
   201     703.340270   6.813083E-01   1.300961E+15    3.11507E+35   9.545015190E-04  -7.010241E-01   8.379358206E-04
   202     726.680598   6.811907E-01   1.300676E+15    3.11325E+35   1.052577320E-03  -7.009015E-01   9.241352468E-04
   203     750.788207   6.810651E-01   1.300373E+15    3.11131E+35   1.160686549E-03  -7.007707E-01   1.019170996E-03
   204     775.687571   6.809312E-01   1.300049E+15    3.10924E+35   1.279847881E-03  -7.006311E-01   1.123943372E-03
   205     801.403871   6.807882E-01   1.299704E+15    3.10704E+35   1.411182037E-03  -7.004822E-01   1.239443429E-03
   206     827.963005   6.806357E-01   1.299336E+15    3.10469E+35   1.555921774E-03  -7.003233E-01   1.366761955E-03
   207     855.391594   6.804729E-01   1.298942E+15    3.10218E+35   1.715422790E-03  -7.001538E-01   1.507099298E-03
   208     883.717003   6.802992E-01   1.298523E+15    3.09950E+35   1.891175655E-03  -6.999729E-01   1.661776138E-03
   209     912.967342   6.801139E-01   1.298075E+15    3.09665E+35   2.084818838E-03  -6.997800E-01   1.832245265E-03
   210     943.171476   6.799163E-01   1.297599E+15    3.09361E+35   2.298152948E-03  -6.995742E-01   2.020104477E-03
   211     974.359010   6.797057E-01   1.297092E+15    3.09037E+35   2.533156365E-03  -6.993547E-01   2.227110527E-03
   212    1006.560304   6.794809E-01   1.296552E+15    3.08691E+35   2.792001596E-03  -6.991207E-01   2.455194469E-03
   213    1039.806525   6.792413E-01   1.295976E+15    3.08323E+35   3.077074198E-03  -6.988710E-01   2.706478808E-03
   214    1074.129618   6.789856E-01   1.295361E+15    3.07931E+35   3.390992582E-03  -6.986048E-01   2.983295613E-03
   215    1109.562300   6.787129E-01   1.294706E+15    3.07513E+35   3.736629716E-03  -6.983210E-01   3.288206475E-03
   216    1146.138061   6.784221E-01   1.294007E+15    3.07067E+35   4.117136675E-03  -6.980184E-01   3.624024234E-03
   217    1183.891158   6.781121E-01   1.293262E+15    3.06593E+35   4.535968156E-03  -6.976958E-01   3.993836620E-03
   218    1222.856606   6.777814E-01   1.292467E+15    3.06087E+35   4.996910085E-03  -6.973519E-01   4.401031928E-03
   219    1263.070165   6.774289E-01   1.291621E+15    3.05549E+35   5.504109449E-03  -6.969854E-01   4.849326901E-03
   220    1304.568327   6.770531E-01   1.290718E+15    3.04976E+35   6.062106474E-03  -6.965949E-01   5.342796939E-03
   221    1347.388293   6.766525E-01   1.289756E+15    3.04366E+35   6.675869281E-03  -6.961787E-01   5.885908814E-03
   222    1391.567950   6.762256E-01   1.288731E+15    3.03717E+35   7.350831123E-03  -6.957354E-01   6.483556034E-03
   223    1437.145841   6.757706E-01   1.287638E+15    3.03026E+35   8.092930335E-03  -6.952631E-01   7.141097005E-03
   224    1484.161127   6.752858E-01   1.286474E+15    3.02291E+35   8.908653079E-03  -6.947601E-01   7.864396166E-03
   225    1532.653551   6.747693E-01   1.285235E+15    3.01509E+35   9.805078970E-03  -6.942245E-01   8.659868218E-03
   226    1582.663382   6.742190E-01   1.283914E+15    3.00678E+35   1.078992965E-02  -6.936542E-01   9.534525609E-03
   227    1634.231363   6.736330E-01   1.282509E+15    2.99795E+35   1.187162034E-02  -6.930472E-01   1.049602938E-02
   228    1687.398647   6.730089E-01   1.281012E+15    2.98856E+35   1.305931434E-02  -6.924012E-01   1.155274350E-02
   229    1742.206722   6.723444E-01   1.279418E+15    2.97859E+35   1.436298051E-02  -6.917138E-01   1.271379276E-02
   230    1798.697330   6.716371E-01   1.277723E+15    2.96800E+35   1.579345353E-02  -6.909825E-01   1.398912433E-02
   231    1856.912375   6.708843E-01   1.275918E+15    2.95676E+35   1.736249686E-02  -6.902049E-01   1.538957283E-02
   232    1916.893816   6.700832E-01   1.273999E+15    2.94484E+35   1.908286816E-02  -6.893780E-01   1.692692919E-02
   233    1978.683554   6.692314E-01   1.271968E+15    2.93218E+35   2.096839334E-02  -6.884991E-01   1.861401342E-02
   234    2042.322854   6.683256E-01   1.269809E+15    2.91877E+35   2.303401904E-02  -6.875652E-01   2.046473661E-02
   235    2107.853019   6.673623E-01   1.267514E+15    2.90455E+35   2.529589605E-02  -6.865731E-01   2.249420050E-02
   236    2175.314912   6.663384E-01   1.265075E+15    2.88950E+35   2.777144868E-02  -6.855196E-01   2.471877180E-02
   237    2244.748734   6.652502E-01   1.262484E+15    2.87355E+35   3.047944414E-02  -6.844012E-01   2.715616465E-02
   238    2316.193837   6.640942E-01   1.259733E+15    2.85668E+35   3.344006195E-02  -6.832145E-01   2.982552607E-02
   239    2389.688523   6.628664E-01   1.256813E+15    2.83884E+35   3.667496075E-02  -6.819557E-01   3.274752235E-02
   240    2465.269817   6.615628E-01   1.253713E+15    2.81999E+35   4.020734133E-02  -6.806210E-01   3.594442552E-02
   241    2542.973233   6.601793E-01   1.250426E+15    2.80007E+35   4.406200431E-02  -6.792065E-01   3.944019877E-02
   242    2622.832515   6.587132E-01   1.246971E+15    2.77905E+35   4.826544833E-02  -6.777081E-01   4.326058412E-02
   243    2704.877408   6.571588E-01   1.243314E+15    2.75689E+35   5.284579155E-02  -6.761217E-01   4.743307875E-02
   244    2789.136855   6.555110E-01   1.239440E+15    2.73352E+35   5.783288651E-02  -6.744431E-01   5.198716169E-02
   245    2875.637393   6.537651E-01   1.235338E+15    2.70892E+35   6.325833275E-02  -6.726678E-01   5.695431167E-02
   246    2964.402549   6.519161E-01   1.230996E+15    2.68304E+35   6.915546314E-02  -6.707914E-01   6.236804938E-02
   247    3055.452489   6.499589E-01   1.226405E+15    2.65583E+35   7.555932235E-02  -6.688095E-01   6.826397911E-02
   248    3148.803578   6.478898E-01   1.221597E+15    2.62726E+35   8.250675342E-02  -6.667175E-01   7.467981669E-02
   249    3244.464684   6.457019E-01   1.216518E+15    2.59728E+35   9.003594973E-02  -6.645108E-01   8.165514010E-02
   250    3342.443393   6.433899E-01   1.211155E+15    2.56587E+35   9.818670143E-02  -6.621850E-01   8.923181542E-02
   251    3442.742335   6.409483E-01   1.205496E+15    2.53299E+35   1.070001469E-01  -6.597356E-01   9.745375258E-02
   252    3545.358762   6.383738E-01   1.199538E+15    2.49861E+35   1.165186156E-01  -6.571581E-01   1.063668395E-01
   253    3650.283415   6.356601E-01   1.193265E+15    2.46271E+35   1.267853890E-01  -6.544482E-01   1.160187903E-01
   254    3757.501025   6.328001E-01   1.186660E+15    2.42527E+35   1.378443851E-01  -6.516017E-01   1.264590004E-01
   255    3866.990036   6.297881E-01   1.179716E+15    2.38627E+35   1.497399333E-01  -6.486146E-01   1.377383998E-01
   256    3978.721361   6.266187E-01   1.172482E+15    2.34572E+35   1.625167243E-01  -6.454832E-01   1.499091303E-01
   257    4092.652935   6.232863E-01   1.164884E+15    2.30360E+35   1.762183871E-01  -6.422041E-01   1.630236386E-01
   258    4208.740287   6.197859E-01   1.156915E+15    2.25994E+35   1.908879742E-01  -6.387742E-01   1.771355075E-01
   259    4326.930269   6.161177E-01   1.148617E+15    2.21475E+35   2.065675069E-01  -6.351908E-01   1.922985138E-01
   260    4447.156040   6.122712E-01   1.139926E+15    2.16805E+35   2.232963370E-01  -6.314517E-01   2.085654139E-01
   261    4569.346806   6.082420E-01   1.130857E+15    2.11988E+35   2.411115817E-01  -6.275551E-01   2.259886176E-01
   262    4693.420225   6.040255E-01   1.121408E+15    2.07028E+35   2.600473592E-01  -6.234999E-01   2.446186876E-01
   263    4819.283595   5.996185E-01   1.111556E+15    2.01932E+35   2.801332127E-01  -6.192857E-01   2.645037969E-01
   264    4946.836355   5.950241E-01   1.101394E+15    1.96705E+35   3.013953743E-01  -6.149125E-01   2.856895585E-01
   265    5075.957121   5.902319E-01   1.090812E+15    1.91356E+35   3.238525943E-01  -6.103816E-01   3.082158407E-01
   266    5206.526415   5.852400E-01   1.079819E+15    1.85894E+35   3.475184957E-01  -6.056946E-01   3.321195994E-01
   267    5338.413498   5.800458E-01   1.068401E+15    1.80329E+35   3.723995248E-01  -6.008542E-01   3.574319995E-01
   268    5471.479648   5.746479E-01   1.056677E+15    1.74670E+35   3.984961072E-01  -5.958638E-01   3.841780712E-01
   269    5605.562543   5.690467E-01   1.044538E+15    1.68932E+35   4.257977338E-01  -5.907281E-01   4.123724658E-01
   270    5740.504354   5.632461E-01   1.032004E+15    1.63127E+35   4.542865748E-01  -5.854526E-01   4.420242570E-01
   271    5876.136604   5.572453E-01   1.019126E+15    1.57268E+35   4.839351263E-01  -5.800437E-01   4.731328457E-01
   272    6012.277362   5.510463E-01   1.005926E+15    1.51370E+35   5.147079625E-01  -5.745088E-01   5.056864118E-01
   273    6148.735687   5.446487E-01   9.923528E+14    1.45449E+35   5.465564981E-01  -5.688568E-01   5.396614409E-01
   274    6285.321804   5.380557E-01   9.784262E+14    1.39520E+35   5.794234929E-01  -5.630969E-01   5.750246387E-01
   275    6421.839693   5.312714E-01   9.641941E+14    1.33599E+35   6.132430545E-01  -5.572395E-01   6.117305431E-01
   276    6558.084455   5.243077E-01   9.496771E+14    1.27704E+35   6.479380685E-01  -5.512959E-01   6.497203163E-01
   277    6693.847227   5.171657E-01   9.348672E+14    1.21850E+35   6.834220570E-01  -5.452784E-01   6.889224728E-01
   278    6828.920601   5.098508E-01   9.197843E+14    1.16054E+35   7.196009203E-01  -5.391998E-01   7.292536529E-01
   279    6963.096384   5.023608E-01   9.044553E+14    1.10331E+35   7.563717197E-01  -5.330738E-01   7.706178262E-01
   280    7096.166283   4.947209E-01   8.889068E+14    1.04698E+35   7.936245341E-01  -5.269143E-01   8.129072096E-01
   281    7227.923532   4.869336E-01   8.731488E+14    9.91697E+34   8.312441982E-01  -5.207359E-01   8.560036319E-01
   282    7358.166794   4.790039E-01   8.571977E+14    9.37594E+34   8.691107018E-01  -5.145535E-01   8.997785645E-01
   283    7486.700879   4.709458E-01   8.410976E+14    8.84805E+34   9.071011864E-01  -5.083820E-01   9.440954810E-01
   284    7613.334298   4.627691E-01   8.248664E+14    8.33452E+34   9.450902898E-01  -5.022364E-01   9.888097403E-01
   285    7737.884480   4.544833E-01   8.085175E+14    7.83643E+34   9.829524296E-01  -4.961315E-01   1.033771338E+00
   286    7860.179777   4.461001E-01   7.920705E+14    7.35476E+34   1.020563634E+00  -4.900820E-01   1.078826878E+00
   287    7980.059729   4.376311E-01   7.755481E+14    6.89030E+34   1.057802693E+00  -4.841019E-01   1.123821356E+00
   288    8097.375682   4.290866E-01   7.589783E+14    6.44376E+34   1.094552506E+00  -4.782047E-01   1.168599886E+00
   289    8211.990961   4.204777E-01   7.423896E+14    6.01565E+34   1.130701425E+00  -4.724033E-01   1.213009401E+00
   290    8323.781468   4.118116E-01   7.257863E+14    5.60639E+34   1.166143860E+00  -4.667097E-01   1.256900328E+00
   291    8432.639806   4.031037E-01   7.091922E+14    5.21623E+34   1.200782504E+00  -4.611350E-01   1.300129933E+00
   292    8538.472726   3.943629E-01   6.926314E+14    4.84530E+34   1.234528792E+00  -4.556892E-01   1.342563015E+00
   293    8641.201246   3.855984E-01   6.761106E+14    4.49358E+34   1.267303397E+00  -4.503815E-01   1.384073024E+00
   294    8740.763076   3.768208E-01   6.596477E+14    4.16095E+34   1.299036487E+00  -4.452196E-01   1.424543977E+00
   295    8837.110895   3.680404E-01   6.432666E+14    3.84717E+34   1.329669275E+00  -4.402101E-01   1.463871998E+00
   296    8930.210979   3.592639E-01   6.269687E+14    3.55191E+34   1.359152426E+00  -4.353589E-01   1.501964864E+00
   297    9020.045943   3.504967E-01   6.107672E+14    3.27474E+34   1.387447454E+00  -4.306700E-01   1.538743989E+00
   298    9106.612338   3.417469E-01   5.946787E+14    3.01514E+34   1.414526243E+00  -4.261469E-01   1.574144159E+00
   299    9189.919323   3.330250E-01   5.787097E+14    2.77255E+34   1.440370327E+00  -4.217915E-01   1.608113360E+00
   300    9269.989153   3.243385E-01   5.628671E+14    2.54634E+34   1.464970543E+00  -4.176051E-01   1.640612980E+00
   301    9346.856145   3.069683E-01   5.312605E+14    2.33680E+34   1.488213576E+00  -4.135875E-01   1.671474426E+00
   302    9422.715013   2.987464E-01   5.163670E+14    2.14123E+34   1.510325288E+00  -4.096275E-01   1.701000465E+00
   303    9495.389509   2.905975E-01   5.016672E+14    1.95996E+34   1.531237412E+00  -4.058404E-01   1.729040462E+00
   304    9564.935555   2.825176E-01   4.871491E+14    1.79224E+34   1.550968439E+00  -4.022239E-01   1.755598930E+00
   305    9631.419593   2.745230E-01   4.728341E+14    1.63732E+34   1.569543379E+00  -3.987749E-01   1.780690976E+00
   306    9694.912874   2.666230E-01   4.587364E+14    1.49445E+34   1.586991756E+00  -3.954897E-01   1.804339425E+00
   307    9755.491643   2.588264E-01   4.448668E+14    1.36288E+34   1.603347185E+00  -3.923642E-01   1.826574183E+00
   308    9813.236658   2.511291E-01   4.312119E+14    1.24191E+34   1.618646945E+00  -3.893940E-01   1.847432408E+00
   309    9868.235279   2.435328E-01   4.177801E+14    1.13083E+34   1.632931885E+00  -3.865742E-01   1.866957612E+00
   310    9920.577551   2.360621E-01   4.046069E+14    1.02895E+34   1.646245210E+00  -3.838996E-01   1.885197928E+00
   311    9970.352005   2.287248E-01   3.917010E+14    9.35629E+33   1.658630556E+00  -3.813650E-01   1.902203232E+00
   312   10017.648643   2.215109E-01   3.790404E+14    8.50249E+33   1.670132778E+00  -3.789653E-01   1.918026981E+00
   313   10062.561749   2.144285E-01   3.666432E+14    7.72212E+33   1.680798165E+00  -3.766948E-01   1.932725695E+00
   314   10105.184063   1.977985E-01   3.375992E+14    7.01517E+33   1.690592732E+00  -3.745481E-01   1.946248304E+00
   315   10147.624121   1.777156E-01   3.026103E+14    6.39953E+33   1.699223765E+00  -3.724197E-01   1.958205602E+00
   316   10191.197391   1.719435E-01   2.925843E+14    5.80387E+33   1.707696719E+00  -3.702454E-01   1.969961532E+00
   317   10232.516495   1.663272E-01   2.828464E+14    5.26136E+33   1.715529551E+00  -3.681943E-01   1.980839810E+00
   318   10271.667851   1.608685E-01   2.733934E+14    4.76761E+33   1.722760577E+00  -3.662606E-01   1.990890849E+00
   319   10308.737657   1.555489E-01   2.642051E+14    4.31856E+33   1.729427031E+00  -3.644388E-01   2.000164143E+00
   320   10343.813764   1.503834E-01   2.552913E+14    3.91043E+33   1.735565346E+00  -3.627233E-01   2.008708326E+00
   321   10376.981155   1.453360E-01   2.466060E+14    3.53973E+33   1.741210158E+00  -3.611088E-01   2.016569992E+00
   322   10408.329031   1.404405E-01   2.381873E+14    3.20321E+33   1.746395613E+00  -3.595898E-01   2.023795301E+00
   323   10437.939270   1.356512E-01   2.299656E+14    2.89789E+33   1.751153347E+00  -3.581613E-01   2.030427359E+00
   324   10465.900162   1.310090E-01   2.220007E+14    2.62100E+33   1.755514682E+00  -3.568182E-01   2.036508993E+00
   325   10492.289614   1.265136E-01   2.142961E+14    2.36999E+33   1.759508887E+00  -3.555559E-01   2.042080423E+00
   326   10517.182360   1.221626E-01   2.068433E+14    2.14254E+33   1.763163494E+00  -3.543699E-01   2.047179515E+00
   327   10540.651296   1.179246E-01   1.995898E+14    1.93652E+33   1.766504324E+00  -3.532561E-01   2.051841941E+00
   328   10562.772265   1.137983E-01   1.925333E+14    1.75002E+33   1.769555341E+00  -3.522101E-01   2.056100779E+00
   329   10583.618383   1.098030E-01   1.857041E+14    1.58120E+33   1.772340071E+00  -3.512280E-01   2.059988639E+00
   330   10603.255829   1.058180E-01   1.789080E+14    1.42852E+33   1.774878476E+00  -3.503060E-01   2.063533099E+00
   331   10621.768653   1.019721E-01   1.723512E+14    1.29039E+33   1.777192185E+00  -3.494397E-01   2.066764135E+00
   332   10639.214714   9.817678E-02   1.658859E+14    1.16548E+33   1.779299442E+00  -3.486259E-01   2.069707140E+00
   333   10655.663708   9.443027E-02   1.595087E+14    1.05262E+33   1.781216385E+00  -3.478609E-01   2.072384533E+00
   334   10671.182889   9.082279E-02   1.533699E+14    9.50569E+32   1.782960629E+00  -3.471413E-01   2.074820869E+00
   335   10685.820330   8.612297E-02   1.453629E+14    8.58838E+32   1.784538043E+00  -3.464645E-01   2.077024468E+00
   336   10699.828407   8.132061E-02   1.371828E+14    7.76187E+32   1.785967446E+00  -3.458185E-01   2.079021878E+00
   337   10713.293517   7.678251E-02   1.294570E+14    7.01432E+32   1.787267429E+00  -3.451993E-01   2.080838962E+00
   338   10726.234619   7.249458E-02   1.221611E+14    6.33830E+32   1.788449345E+00  -3.446057E-01   2.082491476E+00
   339   10738.670168   6.844347E-02   1.152718E+14    5.72704E+32   1.789523599E+00  -3.440368E-01   2.083993871E+00
   340   10750.618113   6.461645E-02   1.087672E+14    5.17441E+32   1.790499723E+00  -3.434915E-01   2.085359393E+00
   341   10762.095904   6.100143E-02   1.026263E+14    4.67483E+32   1.791386438E+00  -3.429690E-01   2.086600169E+00
   342   10773.120494   5.758695E-02   9.682912E+13    4.22327E+32   1.792191726E+00  -3.424683E-01   2.087727301E+00
   343   10783.708340   5.436209E-02   9.135693E+13    3.81514E+32   1.792922881E+00  -3.419886E-01   2.088750944E+00
   344   10793.875416   5.131654E-02   8.619180E+13    3.44630E+32   1.793586569E+00  -3.415291E-01   2.089680377E+00
   345   10803.637213   4.844050E-02   8.131682E+13    3.11299E+32   1.794188879E+00  -3.410888E-01   2.090524081E+00
   346   10813.008748   4.572469E-02   7.671593E+13    2.81181E+32   1.794735366E+00  -3.406670E-01   2.091289797E+00
   347   10822.004569   4.316030E-02   7.237395E+13    2.53969E+32   1.795231100E+00  -3.402629E-01   2.091984591E+00
   348   10830.638767   4.073900E-02   6.827649E+13    2.29383E+32   1.795680705E+00  -3.398759E-01   2.092614908E+00
   349   10838.924979   3.845292E-02   6.440995E+13    2.07171E+32   1.796088394E+00  -3.395053E-01   2.093186624E+00
   350   10846.876401   3.629458E-02   6.076146E+13    1.87105E+32   1.796458007E+00  -3.391502E-01   2.093705093E+00
   351   10854.505793   3.425691E-02   5.731884E+13    1.68978E+32   1.796793041E+00  -3.388102E-01   2.094175196E+00
   352   10861.825489   3.233323E-02   5.407059E+13    1.52604E+32   1.797096680E+00  -3.384846E-01   2.094601373E+00
   353   10868.847410   3.051723E-02   5.100581E+13    1.37814E+32   1.797371821E+00  -3.381727E-01   2.094987670E+00
   354   10875.583068   2.880291E-02   4.811424E+13    1.24455E+32   1.797621099E+00  -3.378741E-01   2.095337766E+00
   355   10882.043579   2.718463E-02   4.538614E+13    1.12389E+32   1.797846913E+00  -3.375881E-01   2.095655008E+00
   356   10888.239672   2.565704E-02   4.281233E+13    1.01491E+32   1.798051442E+00  -3.373142E-01   2.095942441E+00
   357   10894.181698   2.421509E-02   4.038415E+13    9.16490E+31   1.798236668E+00  -3.370520E-01   2.096202831E+00
   358   10899.879643   2.281022E-02   3.802371E+13    8.27626E+31   1.798404338E+00  -3.368009E-01   2.096438619E+00
   359   10905.353297   2.126932E-02   3.545557E+13    7.47803E+31   1.798555327E+00  -3.365600E-01   2.096650948E+00
   360   10910.665315   1.983237E-02   3.306065E+13    6.75672E+31   1.798692096E+00  -3.363265E-01   2.096843238E+00
   361   10915.820232   1.849238E-02   3.082730E+13    6.10493E+31   1.798815973E+00  -3.361003E-01   2.097017366E+00
   362   10920.822468   1.722028E-02   2.870481E+13    5.51630E+31   1.798928098E+00  -3.358810E-01   2.097174950E+00
   363   10925.683356   1.603114E-02   2.672037E+13    4.98453E+31   1.799029620E+00  -3.356682E-01   2.097317615E+00
   364   10930.408225   1.491509E-02   2.485824E+13    4.50403E+31   1.799121550E+00  -3.354616E-01   2.097446788E+00
   365   10935.003472   1.384061E-02   2.306620E+13    4.07047E+31   1.799204674E+00  -3.352609E-01   2.097563574E+00
   366   10939.484711   1.284347E-02   2.140325E+13    3.67862E+31   1.799279955E+00  -3.350654E-01   2.097669328E+00
   367   10943.854631   1.191669E-02   1.985797E+13    3.32448E+31   1.799348127E+00  -3.348750E-01   2.097765083E+00
   368   10948.116328   1.104664E-02   1.840919E+13    3.00456E+31   1.799409832E+00  -3.346895E-01   2.097851740E+00
   369   10952.275930   1.024008E-02   1.706604E+13    2.71541E+31   1.799465708E+00  -3.345086E-01   2.097930191E+00
   370   10956.335767   9.488717E-03   1.581453E+13    2.45409E+31   1.799516299E+00  -3.343323E-01   2.098001208E+00
   371   10960.299724   8.781019E-03   1.463503E+13    2.21811E+31   1.799562070E+00  -3.341603E-01   2.098065446E+00
   372   10964.175497   8.126080E-03   1.354347E+13    2.00481E+31   1.799603514E+00  -3.339923E-01   2.098123603E+00
   373   10967.964955   7.513039E-03   1.252173E+13    1.81206E+31   1.799641028E+00  -3.338282E-01   2.098176238E+00
   374   10971.673451   6.942770E-03   1.157128E+13    1.63792E+31   1.799674980E+00  -3.336678E-01   2.098223867E+00
   375   10975.304603   6.412433E-03   1.068745E+13    1.48052E+31   1.799705719E+00  -3.335108E-01   2.098266981E+00
   376   10978.861808   5.916080E-03   9.860355E+12    1.33835E+31   1.799733530E+00  -3.333572E-01   2.098305983E+00
   377   10982.350553   5.403015E-03   9.005359E+12    1.21004E+31   1.799758669E+00  -3.332068E-01   2.098341232E+00
   378   10985.807561   4.857976E-03   8.096883E+12    1.09609E+31   1.799781028E+00  -3.330578E-01   2.098372578E+00
   379   10989.293547   4.450914E-03   7.418320E+12    9.91191E+30   1.799801643E+00  -3.329077E-01   2.098401476E+00
   380   10992.737536   4.077955E-03   6.796616E+12    8.96331E+30   1.799820315E+00  -3.327595E-01   2.098427646E+00
   381   10996.139995   3.726330E-03   6.210550E+12    8.10637E+30   1.799837209E+00  -3.326133E-01   2.098451321E+00
   382   10999.510644   3.402274E-03   5.670456E+12    7.33188E+30   1.799852500E+00  -3.324685E-01   2.098472748E+00
   383   11002.852676   3.102415E-03   5.170831E+12    6.63152E+30   1.799866349E+00  -3.323251E-01   2.098492150E+00
   384   11006.170533   2.823139E-03   4.705701E+12    5.99896E+30   1.799878876E+00  -3.321829E-01   2.098509697E+00
   385   11009.471523   2.546598E-03   4.244938E+12    5.42754E+30   1.799890209E+00  -3.320415E-01   2.098525568E+00
   386   11012.785159   2.250091E-03   3.750579E+12    4.91742E+30   1.799900341E+00  -3.318998E-01   2.098539755E+00
   387   11016.185949   1.848533E-03   3.080554E+12    4.46042E+30   1.799909430E+00  -3.317544E-01   2.098552482E+00
   388   11019.944457   1.644305E-03   2.740172E+12    4.03980E+30   1.799917809E+00  -3.315938E-01   2.098564213E+00
   389   11023.775109   1.461056E-03   2.434718E+12    3.65892E+30   1.799925409E+00  -3.314304E-01   2.098574852E+00
   390   11027.683728   1.291971E-03   2.152706E+12    3.31492E+30   1.799932284E+00  -3.312638E-01   2.098584477E+00
   391   11031.692784   1.139343E-03   1.898356E+12    3.00340E+30   1.799938521E+00  -3.310931E-01   2.098593207E+00
   392   11035.815963   1.001868E-03   1.669445E+12    2.72181E+30   1.799944168E+00  -3.309177E-01   2.098601111E+00
   393   11040.069342   8.769092E-04   1.461447E+12    2.46720E+30   1.799949284E+00  -3.307370E-01   2.098608268E+00
   394   11044.478271   7.660217E-04   1.276703E+12    2.23658E+30   1.799953927E+00  -3.305499E-01   2.098614761E+00
   395   11049.058476   6.673343E-04   1.112224E+12    2.02776E+30   1.799958138E+00  -3.303557E-01   2.098620650E+00
   396   11053.830558   5.800616E-04   9.668032E+11    1.83871E+30   1.799961959E+00  -3.301537E-01   2.098625991E+00
   397   11058.814499   4.591441E-04   7.652365E+11    1.66920E+30   1.799965392E+00  -3.299429E-01   2.098630789E+00
   398   11064.536507   4.212076E-04   7.019918E+11    1.50939E+30   1.799968635E+00  -3.297014E-01   2.098635322E+00
   399   11070.185592   3.864052E-04   6.439735E+11    1.36487E+30   1.799971575E+00  -3.294632E-01   2.098639430E+00
   400   11075.762565   3.544780E-04   5.907497E+11    1.23419E+30   1.799974241E+00  -3.292284E-01   2.098643154E+00
   401   11081.268233   3.251884E-04   5.419242E+11    1.11603E+30   1.799976658E+00  -3.289970E-01   2.098646528E+00
   402   11086.703394   2.983187E-04   4.971337E+11    1.00917E+30   1.799978848E+00  -3.287689E-01   2.098649587E+00
   403   11092.068842   2.740158E-04   4.566461E+11    9.12508E+29   1.799980835E+00  -3.285440E-01   2.098652360E+00
   404   11097.358193   2.518784E-04   4.197786E+11    8.25046E+29   1.799982636E+00  -3.283226E-01   2.098654875E+00
   405   11102.568042   2.315293E-04   3.858873E+11    7.45966E+29   1.799984269E+00  -3.281049E-01   2.098657153E+00
   406   11107.699469   2.128239E-04   3.547318E+11    6.74465E+29   1.799985749E+00  -3.278907E-01   2.098659217E+00
   407   11112.753539   1.956296E-04   3.260914E+11    6.09816E+29   1.799987090E+00  -3.276800E-01   2.098661087E+00
   408   11117.731310   1.798242E-04   2.997631E+11    5.51364E+29   1.799988305E+00  -3.274728E-01   2.098662781E+00
   409   11122.633826   1.653196E-04   2.755983E+11    4.98513E+29   1.799989407E+00  -3.272690E-01   2.098664316E+00
   410   11127.461445   1.522343E-04   2.537764E+11    4.50687E+29   1.799990405E+00  -3.270685E-01   2.098665708E+00
   411   11132.207410   1.401845E-04   2.336821E+11    4.07450E+29   1.799991310E+00  -3.268717E-01   2.098666969E+00
   412   11136.872993   1.290884E-04   2.151787E+11    3.68360E+29   1.799992130E+00  -3.266785E-01   2.098668111E+00
   413   11141.459451   1.188705E-04   1.981403E+11    3.33020E+29   1.799992873E+00  -3.264887E-01   2.098669145E+00
   414   11145.968025   1.094612E-04   1.824508E+11    3.01070E+29   1.799993546E+00  -3.263024E-01   2.098670082E+00
   415   11150.399940   1.007967E-04   1.680035E+11    2.72185E+29   1.799994155E+00  -3.261195E-01   2.098670931E+00
   416   11154.756405   9.281794E-05   1.547001E+11    2.46071E+29   1.799994707E+00  -3.259399E-01   2.098671699E+00
   417   11159.038613   8.550487E-05   1.425085E+11    2.22461E+29   1.799995207E+00  -3.257636E-01   2.098672395E+00
   418   11163.245989   7.885570E-05   1.314279E+11    2.01101E+29   1.799995661E+00  -3.255906E-01   2.098673026E+00
   419   11167.374723   7.272352E-05   1.212087E+11    1.81791E+29   1.799996071E+00  -3.254209E-01   2.098673598E+00
   420   11171.426195   6.706815E-05   1.117840E+11    1.64336E+29   1.799996443E+00  -3.252547E-01   2.098674115E+00
   421   11175.401766   6.185252E-05   1.030921E+11    1.48556E+29   1.799996780E+00  -3.250917E-01   2.098674583E+00
   422   11179.302773   5.704244E-05   9.507592E+10    1.34291E+29   1.799997085E+00  -3.249319E-01   2.098675007E+00
   423   11183.130537   5.260638E-05   8.768299E+10    1.21396E+29   1.799997361E+00  -3.247753E-01   2.098675391E+00
   424   11186.886355   4.851526E-05   8.086485E+10    1.09739E+29   1.799997611E+00  -3.246217E-01   2.098675739E+00
   425   11190.571505   4.474227E-05   7.457683E+10    9.92016E+28   1.799997838E+00  -3.244713E-01   2.098676054E+00
   426   11194.187245   4.126267E-05   6.877771E+10    8.96757E+28   1.799998043E+00  -3.243237E-01   2.098676339E+00
   427   11197.734815   3.808556E-05   6.348164E+10    8.10628E+28   1.799998228E+00  -3.241792E-01   2.098676597E+00
   428   11201.212507   3.517480E-05   5.862883E+10    7.32730E+28   1.799998397E+00  -3.240375E-01   2.098676830E+00
   429   11204.619381   3.248647E-05   5.414695E+10    6.62317E+28   1.799998549E+00  -3.238989E-01   2.098677042E+00
   430   11207.956815   3.000358E-05   5.000765E+10    5.98670E+28   1.799998687E+00  -3.237633E-01   2.098677233E+00
   431   11211.226161   2.771044E-05   4.618475E+10    5.41139E+28   1.799998811E+00  -3.236305E-01   2.098677407E+00
   432   11214.428747   2.559254E-05   4.265406E+10    4.89136E+28   1.799998924E+00  -3.235005E-01   2.098677564E+00
   433   11217.565878   2.363649E-05   3.939326E+10    4.42130E+28   1.799999027E+00  -3.233733E-01   2.098677706E+00
   434   11220.638836   2.182993E-05   3.638171E+10    3.99641E+28   1.799999119E+00  -3.232488E-01   2.098677834E+00
   435   11223.648881   2.016143E-05   3.360036E+10    3.61235E+28   1.799999203E+00  -3.231270E-01   2.098677950E+00
   436   11226.597249   1.862044E-05   3.103162E+10    3.26519E+28   1.799999279E+00  -3.230077E-01   2.098678056E+00
   437   11229.485155   1.719723E-05   2.865925E+10    2.95139E+28   1.799999347E+00  -3.228910E-01   2.098678151E+00
   438   11232.313792   1.588278E-05   2.646822E+10    2.66775E+28   1.799999409E+00  -3.227767E-01   2.098678237E+00
   439   11235.084330   1.466879E-05   2.444469E+10    2.41137E+28   1.799999466E+00  -3.226649E-01   2.098678315E+00
   440   11237.797920   1.356289E-05   2.260171E+10    2.17951E+28   1.799999517E+00  -3.225554E-01   2.098678386E+00
   441   11240.452512   1.254301E-05   2.090218E+10    1.96990E+28   1.799999563E+00  -3.224484E-01   2.098678450E+00
   442   11243.048738   1.159982E-05   1.933042E+10    1.78045E+28   1.799999604E+00  -3.223439E-01   2.098678507E+00
   443   11245.587839   1.072755E-05   1.787685E+10    1.60922E+28   1.799999642E+00  -3.222417E-01   2.098678560E+00
   444   11248.071033   9.920862E-06   1.653257E+10    1.45446E+28   1.799999676E+00  -3.221418E-01   2.098678607E+00
   445   11250.499514   9.174831E-06   1.528937E+10    1.31458E+28   1.799999707E+00  -3.220442E-01   2.098678650E+00
   446   11252.874452   8.484895E-06   1.413964E+10    1.18815E+28   1.799999735E+00  -3.219487E-01   2.098678689E+00
   447   11255.196993   7.846837E-06   1.307636E+10    1.07388E+28   1.799999760E+00  -3.218555E-01   2.098678724E+00
   448   11257.468261   7.256756E-06   1.209304E+10    9.70595E+27   1.799999783E+00  -3.217643E-01   2.098678755E+00
   449   11259.689356   6.711046E-06   1.118365E+10    8.77246E+27   1.799999804E+00  -3.216753E-01   2.098678784E+00
   450   11261.861356   6.206370E-06   1.034264E+10    7.92875E+27   1.799999823E+00  -3.215882E-01   2.098678810E+00
   451   11263.985319   5.739643E-06   9.564870E+09    7.16618E+27   1.799999840E+00  -3.215031E-01   2.098678834E+00
   452   11266.062279   5.308012E-06   8.845584E+09    6.47694E+27   1.799999855E+00  -3.214200E-01   2.098678855E+00
   453   11268.093251   4.908838E-06   8.180386E+09    5.85399E+27   1.799999869E+00  -3.213387E-01   2.098678874E+00
   454   11270.079227   4.539681E-06   7.565207E+09    5.29096E+27   1.799999881E+00  -3.212593E-01   2.098678891E+00
   455   11272.021182   4.198283E-06   6.996288E+09    4.78207E+27   1.799999893E+00  -3.211817E-01   2.098678907E+00
   456   11273.920067   3.882557E-06   6.470149E+09    4.32213E+27   1.799999903E+00  -3.211058E-01   2.098678921E+00
   457   11275.776816   3.590574E-06   5.983575E+09    3.90642E+27   1.799999912E+00  -3.210316E-01   2.098678934E+00
   458   11277.592343   3.321652E-06   5.535437E+09    3.53067E+27   1.799999921E+00  -3.209592E-01   2.098678946E+00
   459   11279.366942   3.076818E-06   5.127459E+09    3.19081E+27   1.799999928E+00  -3.208884E-01   2.098678956E+00
   460   11281.099146   2.850029E-06   4.749547E+09    2.88366E+27   1.799999935E+00  -3.208193E-01   2.098678966E+00
   461   11282.789948   2.639956E-06   4.399488E+09    2.60608E+27   1.799999941E+00  -3.207519E-01   2.098678974E+00
   462   11284.440320   2.445365E-06   4.075227E+09    2.35521E+27   1.799999947E+00  -3.206861E-01   2.098678982E+00
   463   11286.051210   2.265117E-06   3.774864E+09    2.12849E+27   1.799999952E+00  -3.206220E-01   2.098678989E+00
   464   11287.623546   2.098155E-06   3.496637E+09    1.92360E+27   1.799999957E+00  -3.205594E-01   2.098678996E+00
   465   11289.158235   1.943498E-06   3.238916E+09    1.73843E+27   1.799999961E+00  -3.204983E-01   2.098679001E+00
   466   11290.656162   1.800240E-06   3.000190E+09    1.57108E+27   1.799999964E+00  -3.204387E-01   2.098679007E+00
   467   11292.118194   1.667542E-06   2.779058E+09    1.41984E+27   1.799999968E+00  -3.203806E-01   2.098679011E+00
   468   11293.545177   1.544624E-06   2.574223E+09    1.28316E+27   1.799999971E+00  -3.203238E-01   2.098679016E+00
   469   11294.937937   1.430767E-06   2.384486E+09    1.15964E+27   1.799999974E+00  -3.202685E-01   2.098679019E+00
   470   11296.297283   1.325301E-06   2.208732E+09    1.04800E+27   1.799999976E+00  -3.202145E-01   2.098679023E+00
   471   11297.624005   1.227610E-06   2.045933E+09    9.47118E+26   1.799999979E+00  -3.201618E-01   2.098679026E+00
   472   11298.918873   1.137119E-06   1.895132E+09    8.55943E+26   1.799999981E+00  -3.201104E-01   2.098679029E+00
   473   11300.182643   1.053298E-06   1.755445E+09    7.73544E+26   1.799999982E+00  -3.200602E-01   2.098679031E+00
   474   11301.416050   9.756553E-07   1.626055E+09    6.99077E+26   1.799999984E+00  -3.200113E-01   2.098679034E+00
   475   11302.619813   9.037358E-07   1.506200E+09    6.31779E+26   1.799999986E+00  -3.199636E-01   2.098679036E+00
   476   11303.794637   8.371176E-07   1.395180E+09    5.70959E+26   1.799999987E+00  -3.199170E-01   2.098679038E+00
   477   11304.941207   7.754098E-07   1.292343E+09    5.15994E+26   1.799999988E+00  -3.198716E-01   2.098679040E+00
   478   11306.060194   7.182506E-07   1.197085E+09    4.66320E+26   1.799999989E+00  -3.198272E-01   2.098679041E+00
   479   11307.152255   6.653047E-07   1.108848E+09    4.21428E+26   1.799999990E+00  -3.197840E-01   2.098679043E+00
   480   11308.218028   6.162616E-07   1.027115E+09    3.80858E+26   1.799999991E+00  -3.197418E-01   2.098679044E+00
   481   11309.258140   5.708335E-07   9.514065E+08    3.44193E+26   1.799999992E+00  -3.197006E-01   2.098679045E+00
   482   11310.273201   5.287540E-07   8.812780E+08    3.11058E+26   1.799999993E+00  -3.196604E-01   2.098679046E+00
   483   11311.263808   4.897764E-07   8.163184E+08    2.81112E+26   1.799999994E+00  -3.196212E-01   2.098679047E+00
   484   11312.230544   4.536719E-07   7.561469E+08    2.54049E+26   1.799999994E+00  -3.195830E-01   2.098679048E+00
   485   11313.173977   4.202288E-07   7.004106E+08    2.29592E+26   1.799999995E+00  -3.195457E-01   2.098679049E+00
   486   11314.094664   3.892509E-07   6.487824E+08    2.07489E+26   1.799999995E+00  -3.195092E-01   2.098679049E+00
   487   11314.993148   3.605565E-07   6.009597E+08    1.87514E+26   1.799999996E+00  -3.194737E-01   2.098679050E+00
   488   11315.869958   3.339773E-07   5.566620E+08    1.69462E+26   1.799999996E+00  -3.194391E-01   2.098679050E+00
   489   11316.725613   3.093574E-07   5.156294E+08    1.53147E+26   1.799999996E+00  -3.194053E-01   2.098679051E+00
   490   11317.560618   2.865523E-07   4.776213E+08    1.38404E+26   1.799999997E+00  -3.193723E-01   2.098679051E+00
   491   11318.375467   2.654283E-07   4.424147E+08    1.25079E+26   1.799999997E+00  -3.193401E-01   2.098679052E+00
   492   11319.170643   2.458615E-07   4.098032E+08    1.13037E+26   1.799999997E+00  -3.193087E-01   2.098679052E+00
   493   11319.946615   2.277371E-07   3.795955E+08    1.02155E+26   1.799999998E+00  -3.192781E-01   2.098679053E+00
   494   11320.703844   2.109516E-07   3.516169E+08    9.23203E+25   1.799999998E+00  -3.192482E-01   2.098679053E+00
   495   11321.442774   1.962393E-07   3.263857E+08    8.34230E+25   1.799999998E+00  -3.192190E-01   2.098679053E+00
   496   11322.162250   1.825362E-07   3.029640E+08    7.53832E+25   1.799999998E+00  -3.191906E-01   2.098679053E+00
   497   11322.862781   1.694284E-07   2.812053E+08    6.81184E+25   1.799999998E+00  -3.191630E-01   2.098679054E+00
   498   11323.544910   1.572618E-07   2.610092E+08    6.15537E+25   1.799999999E+00  -3.191361E-01   2.098679054E+00
   499   11324.209115   1.459689E-07   2.422635E+08    5.56217E+25   1.799999999E+00  -3.191099E-01   2.098679054E+00
   500   11324.855866   1.354869E-07   2.248641E+08    5.02613E+25   1.799999999E+00  -3.190844E-01   2.098679054E+00
   501   11325.485617   1.257576E-07   2.087143E+08    4.54175E+25   1.799999999E+00  -3.190596E-01   2.098679054E+00
   502   11326.098812   1.167269E-07   1.937244E+08    4.10405E+25   1.799999999E+00  -3.190354E-01   2.098679054E+00
   503   11326.695885   1.083726E-07   1.798631E+08    3.70849E+25   1.799999999E+00  -3.190119E-01   2.098679055E+00
   504   11327.277082   1.006296E-07   1.670189E+08    3.35102E+25   1.799999999E+00  -3.189889E-01   2.098679055E+00
   505   11327.842730   9.343975E-08   1.550919E+08    3.02800E+25   1.799999999E+00  -3.189667E-01   2.098679055E+00
   506   11328.393242   8.676363E-08   1.440165E+08    2.73612E+25   1.799999999E+00  -3.189450E-01   2.098679055E+00
   507   11328.929022   8.056449E-08   1.337321E+08    2.47237E+25   1.799999999E+00  -3.189239E-01   2.098679055E+00
   508   11329.450461   7.480826E-08   1.241821E+08    2.23405E+25   1.799999999E+00  -3.189033E-01   2.098679055E+00
   509   11329.957941   6.947255E-08   1.153291E+08    2.01869E+25   1.800000000E+00  -3.188834E-01   2.098679055E+00
   510   11330.451769   6.454710E-08   1.071555E+08    1.82404E+25   1.800000000E+00  -3.188639E-01   2.098679055E+00
   511   11330.932080   5.997084E-08   9.956114E+07    1.64816E+25   1.800000000E+00  -3.188450E-01   2.098679055E+00
   512   11331.399242   5.571902E-08   9.250502E+07    1.48924E+25   1.800000000E+00  -3.188266E-01   2.098679055E+00
   513   11331.853613   5.176865E-08   8.594897E+07    1.34564E+25   1.800000000E+00  -3.188087E-01   2.098679055E+00
   514   11332.295542   4.809834E-08   7.985755E+07    1.21589E+25   1.800000000E+00  -3.187913E-01   2.098679055E+00
   515   11332.725369   4.468824E-08   7.419784E+07    1.09865E+25   1.800000000E+00  -3.187744E-01   2.098679055E+00
   516   11333.143423   4.154267E-08   6.897364E+07    9.92694E+24   1.800000000E+00  -3.187580E-01   2.098679055E+00
   517   11333.549815   3.862574E-08   6.412814E+07    8.96942E+24   1.800000000E+00  -3.187420E-01   2.098679055E+00
   518   11333.944795   3.591362E-08   5.962304E+07    8.10426E+24   1.800000000E+00  -3.187264E-01   2.098679056E+00
   519   11334.328684   3.339193E-08   5.543443E+07    7.32255E+24   1.800000000E+00  -3.187113E-01   2.098679056E+00
   520   11334.701790   3.104729E-08   5.154006E+07    6.61625E+24   1.800000000E+00  -3.186967E-01   2.098679056E+00
   521   11335.064417   2.886728E-08   4.791928E+07    5.97806E+24   1.800000000E+00  -3.186824E-01   2.098679056E+00
   522   11335.416857   2.684431E-08   4.455980E+07    5.40142E+24   1.800000000E+00  -3.186686E-01   2.098679056E+00
   523   11335.759341   2.497755E-08   4.146123E+07    4.88022E+24   1.800000000E+00  -3.186551E-01   2.098679056E+00
   524   11336.091933   2.324061E-08   3.857811E+07    4.40931E+24   1.800000000E+00  -3.186420E-01   2.098679056E+00
   525   11336.414919   2.162445E-08   3.589548E+07    3.98383E+24   1.800000000E+00  -3.186293E-01   2.098679056E+00
   526   11336.728574   2.012068E-08   3.339939E+07    3.59942E+24   1.800000000E+00  -3.186170E-01   2.098679056E+00
   527   11337.033168   1.872148E-08   3.107687E+07    3.25209E+24   1.800000000E+00  -3.186050E-01   2.098679056E+00
   528   11337.328961   1.741958E-08   2.891584E+07    2.93828E+24   1.800000000E+00  -3.185934E-01   2.098679056E+00
   529   11337.616208   1.621769E-08   2.692084E+07    2.65471E+24   1.800000000E+00  -3.185821E-01   2.098679056E+00
   530   11337.894986   1.510466E-08   2.507332E+07    2.39842E+24   1.800000000E+00  -3.185711E-01   2.098679056E+00
   531   11338.165429   1.406801E-08   2.335260E+07    2.16687E+24   1.800000000E+00  -3.185605E-01   2.098679056E+00
   532   11338.427786   1.310251E-08   2.174995E+07    1.95768E+24   1.800000000E+00  -3.185502E-01   2.098679056E+00
   533   11338.682297   1.220327E-08   2.025730E+07    1.76868E+24   1.800000000E+00  -3.185402E-01   2.098679056E+00
   534   11338.929198   1.136575E-08   1.886708E+07    1.59793E+24   1.800000000E+00  -3.185305E-01   2.098679056E+00
   535   11339.168714   1.058571E-08   1.757227E+07    1.44366E+24   1.800000000E+00  -3.185211E-01   2.098679056E+00
   536   11339.401067   9.868259E-09   1.638232E+07    1.30423E+24   1.800000000E+00  -3.185120E-01   2.098679056E+00
   537   11339.626238   9.200496E-09   1.527483E+07    1.17824E+24   1.800000000E+00  -3.185031E-01   2.098679056E+00
   538   11339.844422   8.577918E-09   1.424221E+07    1.06443E+24   1.800000000E+00  -3.184946E-01   2.098679056E+00
   539   11340.055833   7.997468E-09   1.327940E+07    9.61611E+23   1.800000000E+00  -3.184863E-01   2.098679056E+00
   540   11340.260682   7.456295E-09   1.238167E+07    8.68724E+23   1.800000000E+00  -3.184782E-01   2.098679056E+00
   541   11340.459172   6.951742E-09   1.154464E+07    7.84809E+23   1.800000000E+00  -3.184704E-01   2.098679056E+00
   542   11340.651501   6.481994E-09   1.076519E+07    7.08999E+23   1.800000000E+00  -3.184629E-01   2.098679056E+00
   543   11340.837841   6.050319E-09   1.004794E+07    6.40477E+23   1.800000000E+00  -3.184555E-01   2.098679056E+00
   544   11341.018196   5.647391E-09   9.378477E+06    5.78577E+23   1.800000000E+00  -3.184485E-01   2.098679056E+00
   545   11341.192760   5.271297E-09   8.753618E+06    5.22660E+23   1.800000000E+00  -3.184416E-01   2.098679056E+00
   546   11341.361717   4.920249E-09   8.170392E+06    4.72147E+23   1.800000000E+00  -3.184350E-01   2.098679056E+00
   547   11341.525247   4.592579E-09   7.626024E+06    4.26515E+23   1.800000000E+00  -3.184286E-01   2.098679056E+00
   548   11341.683525   4.286731E-09   7.117925E+06    3.85294E+23   1.800000000E+00  -3.184223E-01   2.098679056E+00
   549   11341.836719   4.002110E-09   6.645108E+06    3.48056E+23   1.800000000E+00  -3.184163E-01   2.098679056E+00
   550   11341.984959   3.740142E-09   6.209938E+06    3.14397E+23   1.800000000E+00  -3.184105E-01   2.098679056E+00
   551   11342.128253   3.495321E-09   5.803267E+06    2.83993E+23   1.800000000E+00  -3.184049E-01   2.098679056E+00
   552   11342.266765   3.266526E-09   5.423227E+06    2.56529E+23   1.800000000E+00  -3.183994E-01   2.098679056E+00
   553   11342.400656   3.052707E-09   5.068075E+06    2.31721E+23   1.800000000E+00  -3.183942E-01   2.098679056E+00
   554   11342.530078   2.852884E-09   4.736180E+06    2.09313E+23   1.800000000E+00  -3.183891E-01   2.098679056E+00
   555   11342.655181   2.666140E-09   4.426020E+06    1.89071E+23   1.800000000E+00  -3.183842E-01   2.098679056E+00
   556   11342.776109   2.492059E-09   4.136918E+06    1.70786E+23   1.800000000E+00  -3.183795E-01   2.098679056E+00
   557   11342.892979   2.331838E-09   3.870947E+06    1.54260E+23   1.800000000E+00  -3.183749E-01   2.098679056E+00
   558   11343.005797   2.181917E-09   3.622077E+06    1.39332E+23   1.800000000E+00  -3.183704E-01   2.098679056E+00
   559   11343.114703   2.041635E-09   3.389206E+06    1.25850E+23   1.800000000E+00  -3.183662E-01   2.098679056E+00
   560   11343.219832   1.910372E-09   3.171307E+06    1.13672E+23   1.800000000E+00  -3.183620E-01   2.098679056E+00
   561   11343.321315   1.787549E-09   2.967417E+06    1.02672E+23   1.800000000E+00  -3.183581E-01   2.098679056E+00
   562   11343.419279   1.672622E-09   2.776635E+06    9.27365E+22   1.800000000E+00  -3.183542E-01   2.098679056E+00
   563   11343.513845   1.565084E-09   2.598120E+06    8.37627E+22   1.800000000E+00  -3.183505E-01   2.098679056E+00
   564   11343.605131   1.466095E-09   2.433776E+06    7.56528E+22   1.800000000E+00  -3.183469E-01   2.098679056E+00
   565   11343.693149   1.373413E-09   2.279904E+06    6.83279E+22   1.800000000E+00  -3.183435E-01   2.098679056E+00
   566   11343.778012   1.286590E-09   2.135760E+06    6.17122E+22   1.800000000E+00  -3.183401E-01   2.098679056E+00
   567   11343.859833   1.205255E-09   2.000729E+06    5.57371E+22   1.800000000E+00  -3.183369E-01   2.098679056E+00
   568   11343.938721   1.129063E-09   1.874235E+06    5.03405E+22   1.800000000E+00  -3.183338E-01   2.098679056E+00
   569   11344.014781   1.057686E-09   1.755739E+06    4.54664E+22   1.800000000E+00  -3.183308E-01   2.098679056E+00
   570   11344.088115   9.908224E-10   1.644734E+06    4.10642E+22   1.800000000E+00  -3.183280E-01   2.098679056E+00
   571   11344.158820   9.289015E-10   1.541972E+06    3.70872E+22   1.800000000E+00  -3.183252E-01   2.098679056E+00
