       0.300     140.000     200.000     313.005       Alpha_c    Bbag^1/4     Ms      Pr  ===>  E/A at P=0:     909.526


         nbar              rho           presion         ne            nu            nd            ns            mue           muu           mud           mus    
       [fm^-3]         [gm cm^-3]      [erg cm^-3]     [fm^-3]       [fm^-3]       [fm^-3]       [fm^-3]        [MeV]         [MeV]         [MeV]         [MeV]   

 1.14477248312E+00 2.34627111226E+15   5.42402E+35   7.02694E-06   1.14478E+00   1.23138E+00   1.05816E+00   1.16929E+01   4.75206E+02   4.86899E+02   4.86899E+02
 1.08961092979E+00 2.20527640233E+15   5.02029E+35   7.66414E-06   1.08962E+00   1.17597E+00   1.00324E+00   1.20362E+01   4.67447E+02   4.79483E+02   4.79483E+02
 1.03842841315E+00 2.07646428087E+15   4.65214E+35   8.33453E-06   1.03844E+00   1.12453E+00   9.52314E-01   1.23773E+01   4.60010E+02   4.72388E+02   4.72388E+02
 9.90887114336E-01 1.95860563997E+15   4.31593E+35   9.03785E-06   9.90896E-01   1.07673E+00   9.05035E-01   1.27161E+01   4.52881E+02   4.65597E+02   4.65597E+02
 9.46681908550E-01 1.85061110844E+15   4.00845E+35   9.77368E-06   9.46692E-01   1.03225E+00   8.61100E-01   1.30523E+01   4.46043E+02   4.59096E+02   4.59096E+02
 9.05536862080E-01 1.75151360353E+15   3.72683E+35   1.05415E-05   9.05547E-01   9.90834E-01   8.20229E-01   1.33855E+01   4.39486E+02   4.52871E+02   4.52871E+02
 8.67202137397E-01 1.66045323724E+15   3.46856E+35   1.13405E-05   8.67213E-01   9.52220E-01   7.82173E-01   1.37155E+01   4.33195E+02   4.46910E+02   4.46910E+02
 8.31451255307E-01 1.57666423762E+15   3.23137E+35   1.21701E-05   8.31463E-01   9.16187E-01   7.46703E-01   1.40421E+01   4.27158E+02   4.41200E+02   4.41200E+02
 7.98078669875E-01 1.49946359738E+15   3.01325E+35   1.30291E-05   7.98092E-01   8.82531E-01   7.13614E-01   1.43650E+01   4.21365E+02   4.35730E+02   4.35730E+02
 7.66897617683E-01 1.42824120576E+15   2.81241E+35   1.39167E-05   7.66912E-01   8.51064E-01   6.82717E-01   1.46840E+01   4.15805E+02   4.30489E+02   4.30489E+02
 7.37738208037E-01 1.36245125612E+15   2.62725E+35   1.48315E-05   7.37753E-01   8.21620E-01   6.53842E-01   1.49990E+01   4.10467E+02   4.25466E+02   4.25466E+02
 7.10445725063E-01 1.30160475254E+15   2.45633E+35   1.57723E-05   7.10461E-01   7.94042E-01   6.26833E-01   1.53097E+01   4.05342E+02   4.20651E+02   4.20651E+02
 6.84879116354E-01 1.24526296472E+15   2.29836E+35   1.67379E-05   6.84896E-01   7.68192E-01   6.01550E-01   1.56159E+01   4.00420E+02   4.16036E+02   4.16036E+02
 6.60909646085E-01 1.19303170249E+15   2.15220E+35   1.77267E-05   6.60927E-01   7.43940E-01   5.77861E-01   1.59175E+01   3.95694E+02   4.11611E+02   4.11611E+02
 6.38419693293E-01 1.14455629961E+15   2.01681E+35   1.87371E-05   6.38438E-01   7.21170E-01   5.55650E-01   1.62144E+01   3.91154E+02   4.07368E+02   4.07368E+02
 6.17301678426E-01 1.09951721265E+15   1.89126E+35   1.97677E-05   6.17321E-01   6.99775E-01   5.34809E-01   1.65064E+01   3.86793E+02   4.03299E+02   4.03299E+02
 5.97457103395E-01 1.05762615372E+15   1.77470E+35   2.08168E-05   5.97478E-01   6.79656E-01   5.15237E-01   1.67934E+01   3.82603E+02   3.99396E+02   3.99396E+02
 5.78795692152E-01 1.01862268746E+15   1.66637E+35   2.18826E-05   5.78818E-01   6.60724E-01   4.96846E-01   1.70752E+01   3.78578E+02   3.95653E+02   3.95653E+02
 5.61234620415E-01 9.82271232408E+14   1.56560E+35   2.29635E-05   5.61258E-01   6.42895E-01   4.79551E-01   1.73519E+01   3.74710E+02   3.92062E+02   3.92062E+02
 5.44697824542E-01 9.48358414735E+14   1.47175E+35   2.40577E-05   5.44722E-01   6.26095E-01   4.63276E-01   1.76232E+01   3.70993E+02   3.88616E+02   3.88616E+02
 5.29115380758E-01 9.16690730012E+14   1.38428E+35   2.51635E-05   5.29141E-01   6.10254E-01   4.47952E-01   1.78892E+01   3.67422E+02   3.85311E+02   3.85311E+02
 5.14422946970E-01 8.87092474147E+14   1.30267E+35   2.62790E-05   5.14449E-01   5.95307E-01   4.33513E-01   1.81497E+01   3.63989E+02   3.82139E+02   3.82139E+02
 5.00561260337E-01 8.59403910143E+14   1.22646E+35   2.74025E-05   5.00589E-01   5.81195E-01   4.19900E-01   1.84048E+01   3.60690E+02   3.79095E+02   3.79095E+02
 4.87475684569E-01 8.33479641626E+14   1.15523E+35   2.85322E-05   4.87504E-01   5.67864E-01   4.07058E-01   1.86543E+01   3.57520E+02   3.76174E+02   3.76174E+02
 4.75115801605E-01 8.09187167964E+14   1.08859E+35   2.96663E-05   4.75145E-01   5.55264E-01   3.94938E-01   1.88982E+01   3.54473E+02   3.73371E+02   3.73371E+02
 4.63435042953E-01 7.86405599044E+14   1.02621E+35   3.08032E-05   4.63466E-01   5.43348E-01   3.83491E-01   1.91366E+01   3.51544E+02   3.70681E+02   3.70681E+02
 4.52390356515E-01 7.65024510633E+14   9.67756E+34   3.19411E-05   4.52422E-01   5.32073E-01   3.72675E-01   1.93694E+01   3.48730E+02   3.68099E+02   3.68099E+02
 4.41941905181E-01 7.44942923670E+14   9.12944E+34   3.30784E-05   4.41975E-01   5.21400E-01   3.62451E-01   1.95966E+01   3.46025E+02   3.65621E+02   3.65621E+02
 4.32052793908E-01 7.26068392965E+14   8.61509E+34   3.42134E-05   4.32087E-01   5.11291E-01   3.52780E-01   1.98183E+01   3.43425E+02   3.63243E+02   3.63243E+02
 4.22688822345E-01 7.08316192590E+14   8.13207E+34   3.53447E-05   4.22724E-01   5.01713E-01   3.43630E-01   2.00343E+01   3.40926E+02   3.60960E+02   3.60960E+02
 4.13818260421E-01 6.91608586839E+14   7.67818E+34   3.64705E-05   4.13855E-01   4.92633E-01   3.34967E-01   2.02448E+01   3.38525E+02   3.58769E+02   3.58769E+02
 4.05411644560E-01 6.75874177007E+14   7.25136E+34   3.75896E-05   4.05449E-01   4.84023E-01   3.26763E-01   2.04498E+01   3.36217E+02   3.56667E+02   3.56667E+02
 3.97441592469E-01 6.61047315426E+14   6.84975E+34   3.87005E-05   3.97480E-01   4.75854E-01   3.18991E-01   2.06493E+01   3.34000E+02   3.54649E+02   3.54649E+02
 3.89882634658E-01 6.47067579236E+14   6.47163E+34   3.98019E-05   3.89922E-01   4.68102E-01   3.11624E-01   2.08434E+01   3.31869E+02   3.52713E+02   3.52713E+02
 3.82711061034E-01 6.33879297275E+14   6.11541E+34   4.08924E-05   3.82752E-01   4.60742E-01   3.04639E-01   2.10320E+01   3.29822E+02   3.50854E+02   3.50854E+02
 3.75904781111E-01 6.21431124257E+14   5.77965E+34   4.19710E-05   3.75947E-01   4.53753E-01   2.98015E-01   2.12153E+01   3.27856E+02   3.49071E+02   3.49071E+02
 3.69443196514E-01 6.09675657097E+14   5.46299E+34   4.30364E-05   3.69486E-01   4.47114E-01   2.91730E-01   2.13933E+01   3.25967E+02   3.47360E+02   3.47360E+02
 3.63307084597E-01 5.98569088837E+14   5.16420E+34   4.40876E-05   3.63351E-01   4.40805E-01   2.85765E-01   2.15661E+01   3.24153E+02   3.45719E+02   3.45719E+02
 3.57478492121E-01 5.88070896171E+14   4.88213E+34   4.51236E-05   3.57524E-01   4.34809E-01   2.80103E-01   2.17338E+01   3.22411E+02   3.44144E+02   3.44144E+02
 3.51940638046E-01 5.78143557005E+14   4.61574E+34   4.61435E-05   3.51987E-01   4.29109E-01   2.74726E-01   2.18963E+01   3.20738E+02   3.42634E+02   3.42634E+02
 3.46677824573E-01 5.68752294910E+14   4.36403E+34   4.71464E-05   3.46725E-01   4.23689E-01   2.69620E-01   2.20538E+01   3.19131E+02   3.41185E+02   3.41185E+02
 3.41675355690E-01 5.59864847680E+14   4.12610E+34   4.81317E-05   3.41723E-01   4.18534E-01   2.64769E-01   2.22063E+01   3.17589E+02   3.39796E+02   3.39796E+02
 3.36919462517E-01 5.51451257505E+14   3.90111E+34   4.90984E-05   3.36969E-01   4.13630E-01   2.60159E-01   2.23540E+01   3.16109E+02   3.38463E+02   3.38463E+02
 3.32397234834E-01 5.43483680566E+14   3.68829E+34   5.00461E-05   3.32447E-01   4.08965E-01   2.55779E-01   2.24969E+01   3.14689E+02   3.37186E+02   3.37186E+02
 3.28096558239E-01 5.35936214090E+14   3.48690E+34   5.09741E-05   3.28148E-01   4.04526E-01   2.51616E-01   2.26351E+01   3.13327E+02   3.35962E+02   3.35962E+02
 3.24006056428E-01 5.28784739107E+14   3.29628E+34   5.18820E-05   3.24058E-01   4.00302E-01   2.47658E-01   2.27687E+01   3.12020E+02   3.34788E+02   3.34788E+02
 3.20115038132E-01 5.22006777365E+14   3.11579E+34   5.27693E-05   3.20168E-01   3.96282E-01   2.43895E-01   2.28978E+01   3.10766E+02   3.33664E+02   3.33664E+02
 3.16413448322E-01 5.15581361002E+14   2.94486E+34   5.36356E-05   3.16467E-01   3.92456E-01   2.40317E-01   2.30224E+01   3.09564E+02   3.32586E+02   3.32586E+02
 3.12891823285E-01 5.09488913741E+14   2.78294E+34   5.44806E-05   3.12946E-01   3.88814E-01   2.36915E-01   2.31427E+01   3.08412E+02   3.31554E+02   3.31554E+02
 3.09541249255E-01 5.03711142487E+14   2.62952E+34   5.53042E-05   3.09597E-01   3.85347E-01   2.33680E-01   2.32587E+01   3.07307E+02   3.30566E+02   3.30566E+02
 3.06353324278E-01 4.98230938337E+14   2.48414E+34   5.61059E-05   3.06409E-01   3.82047E-01   2.30603E-01   2.33706E+01   3.06249E+02   3.29620E+02   3.29620E+02
 3.03320123047E-01 4.93032286108E+14   2.34634E+34   5.68859E-05   3.03377E-01   3.78906E-01   2.27677E-01   2.34784E+01   3.05236E+02   3.28714E+02   3.28714E+02
 3.00434164451E-01 4.88100181585E+14   2.21571E+34   5.76438E-05   3.00492E-01   3.75916E-01   2.24894E-01   2.35822E+01   3.04265E+02   3.27847E+02   3.27847E+02
 2.97688381603E-01 4.83420555768E+14   2.09187E+34   5.83797E-05   2.97747E-01   3.73070E-01   2.22248E-01   2.36821E+01   3.03336E+02   3.27018E+02   3.27018E+02
 2.95076094157E-01 4.78980205474E+14   1.97445E+34   5.90936E-05   2.95135E-01   3.70362E-01   2.19731E-01   2.37783E+01   3.02446E+02   3.26224E+02   3.26224E+02
 2.92590982711E-01 4.74766729705E+14   1.86311E+34   5.97856E-05   2.92651E-01   3.67784E-01   2.17338E-01   2.38707E+01   3.01595E+02   3.25466E+02   3.25466E+02
 2.90227065126E-01 4.70768471276E+14   1.75753E+34   6.04557E-05   2.90288E-01   3.65331E-01   2.15062E-01   2.39596E+01   3.00781E+02   3.24741E+02   3.24741E+02
 2.87978674619E-01 4.66974463214E+14   1.65742E+34   6.11041E-05   2.88040E-01   3.62997E-01   2.12899E-01   2.40449E+01   3.00003E+02   3.24048E+02   3.24048E+02
 2.85840439466E-01 4.63374379504E+14   1.56248E+34   6.17308E-05   2.85902E-01   3.60777E-01   2.10842E-01   2.41269E+01   2.99259E+02   3.23386E+02   3.23386E+02
 2.83807264205E-01 4.59958489813E+14   1.47246E+34   6.23362E-05   2.83870E-01   3.58665E-01   2.08887E-01   2.42055E+01   2.98548E+02   3.22753E+02   3.22753E+02
 2.81874312209E-01 4.56717617823E+14   1.38711E+34   6.29205E-05   2.81937E-01   3.56657E-01   2.07029E-01   2.42809E+01   2.97869E+02   3.22150E+02   3.22150E+02
 2.80036989520E-01 4.53643102879E+14   1.30618E+34   6.34838E-05   2.80100E-01   3.54747E-01   2.05263E-01   2.43531E+01   2.97221E+02   3.21574E+02   3.21574E+02
 2.78290929861E-01 4.50726764648E+14   1.22946E+34   6.40266E-05   2.78355E-01   3.52932E-01   2.03586E-01   2.44223E+01   2.96602E+02   3.21024E+02   3.21024E+02
 2.76631980709E-01 4.47960870549E+14   1.15673E+34   6.45491E-05   2.76697E-01   3.51206E-01   2.01993E-01   2.44886E+01   2.96012E+02   3.20500E+02   3.20500E+02
 2.75056190368E-01 4.45338105709E+14   1.08781E+34   6.50516E-05   2.75121E-01   3.49567E-01   2.00480E-01   2.45520E+01   2.95449E+02   3.20001E+02   3.20001E+02
 2.73559795962E-01 4.42851545232E+14   1.02249E+34   6.55345E-05   2.73625E-01   3.48010E-01   1.99044E-01   2.46126E+01   2.94912E+02   3.19525E+02   3.19525E+02
 2.72139212265E-01 4.40494628600E+14   9.60615E+33   6.59982E-05   2.72205E-01   3.46531E-01   1.97681E-01   2.46705E+01   2.94401E+02   3.19072E+02   3.19072E+02
 2.70791021324E-01 4.38261136014E+14   9.02003E+33   6.64430E-05   2.70857E-01   3.45128E-01   1.96388E-01   2.47258E+01   2.93915E+02   3.18640E+02   3.18640E+02
 2.69511962800E-01 4.36145166526E+14   8.46498E+33   6.68695E-05   2.69579E-01   3.43796E-01   1.95161E-01   2.47786E+01   2.93451E+02   3.18230E+02   3.18230E+02
 2.68298924978E-01 4.34141117816E+14   7.93951E+33   6.72779E-05   2.68366E-01   3.42532E-01   1.93998E-01   2.48289E+01   2.93011E+02   3.17840E+02   3.17840E+02
 2.67148936405E-01 4.32243667478E+14   7.44219E+33   6.76687E-05   2.67217E-01   3.41334E-01   1.92896E-01   2.48769E+01   2.92592E+02   3.17469E+02   3.17469E+02
 2.66059158094E-01 4.30447755690E+14   6.97166E+33   6.80423E-05   2.66127E-01   3.40199E-01   1.91852E-01   2.49226E+01   2.92194E+02   3.17116E+02   3.17116E+02
 2.65026876264E-01 4.28748569173E+14   6.52663E+33   6.83993E-05   2.65095E-01   3.39123E-01   1.90863E-01   2.49661E+01   2.91815E+02   3.16782E+02   3.16782E+02
 2.64049495577E-01 4.27141526318E+14   6.10587E+33   6.87400E-05   2.64118E-01   3.38104E-01   1.89927E-01   2.50075E+01   2.91457E+02   3.16464E+02   3.16464E+02
 2.63124532828E-01 4.25622263403E+14   5.70823E+33   6.90648E-05   2.63194E-01   3.37139E-01   1.89041E-01   2.50468E+01   2.91116E+02   3.16163E+02   3.16163E+02
 2.62249611060E-01 4.24186621803E+14   5.33259E+33   6.93744E-05   2.62319E-01   3.36227E-01   1.88203E-01   2.50842E+01   2.90793E+02   3.15877E+02   3.15877E+02
 2.61422454077E-01 4.22830636137E+14   4.97789E+33   6.96690E-05   2.61492E-01   3.35364E-01   1.87411E-01   2.51196E+01   2.90487E+02   3.15607E+02   3.15607E+02
 2.60640881317E-01 4.21550523249E+14   4.64314E+33   6.99493E-05   2.60711E-01   3.34549E-01   1.86663E-01   2.51533E+01   2.90198E+02   3.15351E+02   3.15351E+02
 2.59902803073E-01 4.20342671987E+14   4.32736E+33   7.02155E-05   2.59973E-01   3.33779E-01   1.85956E-01   2.51851E+01   2.89924E+02   3.15109E+02   3.15109E+02
 2.59206216021E-01 4.19203633705E+14   4.02965E+33   7.04683E-05   2.59277E-01   3.33052E-01   1.85290E-01   2.52153E+01   2.89665E+02   3.14880E+02   3.14880E+02
 2.58549199044E-01 4.18130113431E+14   3.74913E+33   7.07080E-05   2.58620E-01   3.32366E-01   1.84661E-01   2.52439E+01   2.89420E+02   3.14664E+02   3.14664E+02
 2.57929909332E-01 4.17118961663E+14   3.48496E+33   7.09352E-05   2.58001E-01   3.31720E-01   1.84069E-01   2.52709E+01   2.89189E+02   3.14460E+02   3.14460E+02
 2.57346578728E-01 4.16167166732E+14   3.23636E+33   7.11502E-05   2.57418E-01   3.31111E-01   1.83511E-01   2.52964E+01   2.88971E+02   3.14267E+02   3.14267E+02
 2.56797510315E-01 4.15271847695E+14   3.00255E+33   7.13535E-05   2.56869E-01   3.30538E-01   1.82986E-01   2.53205E+01   2.88765E+02   3.14086E+02   3.14086E+02
 2.56281075220E-01 4.14430247723E+14   2.78282E+33   7.15456E-05   2.56353E-01   3.29999E-01   1.82492E-01   2.53432E+01   2.88572E+02   3.13915E+02   3.13915E+02
 2.55795709614E-01 4.13639727935E+14   2.57645E+33   7.17268E-05   2.55867E-01   3.29492E-01   1.82028E-01   2.53646E+01   2.88389E+02   3.13754E+02   3.13754E+02
 2.55339911912E-01 4.12897761662E+14   2.38280E+33   7.18977E-05   2.55412E-01   3.29016E-01   1.81592E-01   2.53847E+01   2.88218E+02   3.13603E+02   3.13603E+02
 2.54912240141E-01 4.12201929085E+14   2.20121E+33   7.20586E-05   2.54984E-01   3.28569E-01   1.81183E-01   2.54036E+01   2.88057E+02   3.13461E+02   3.13461E+02
 2.54511309468E-01 4.11549912249E+14   2.03109E+33   7.22100E-05   2.54584E-01   3.28151E-01   1.80800E-01   2.54214E+01   2.87906E+02   3.13328E+02   3.13328E+02
 2.54135789886E-01 4.10939490389E+14   1.87184E+33   7.23522E-05   2.54208E-01   3.27758E-01   1.80441E-01   2.54381E+01   2.87765E+02   3.13203E+02   3.13203E+02
 2.53784404035E-01 4.10368535584E+14   1.72290E+33   7.24857E-05   2.53857E-01   3.27391E-01   1.80105E-01   2.54537E+01   2.87632E+02   3.13086E+02   3.13086E+02
 2.53455925156E-01 4.09835008681E+14   1.58374E+33   7.26109E-05   2.53529E-01   3.27048E-01   1.79791E-01   2.54683E+01   2.87508E+02   3.12976E+02   3.12976E+02
 2.53149175162E-01 4.09336955484E+14   1.45386E+33   7.27280E-05   2.53222E-01   3.26728E-01   1.79498E-01   2.54820E+01   2.87392E+02   3.12874E+02   3.12874E+02
 2.52863022823E-01 4.08872503193E+14   1.33274E+33   7.28376E-05   2.52936E-01   3.26429E-01   1.79225E-01   2.54948E+01   2.87284E+02   3.12779E+02   3.12779E+02
 2.52596382057E-01 4.08439857061E+14   1.21994E+33   7.29399E-05   2.52669E-01   3.26150E-01   1.78970E-01   2.55068E+01   2.87183E+02   3.12690E+02   3.12690E+02
 2.52348210310E-01 4.08037297256E+14   1.11498E+33   7.30354E-05   2.52421E-01   3.25891E-01   1.78733E-01   2.55179E+01   2.87089E+02   3.12607E+02   3.12607E+02
 2.52117507034E-01 4.07663175925E+14   1.01746E+33   7.31243E-05   2.52191E-01   3.25650E-01   1.78512E-01   2.55282E+01   2.87001E+02   3.12530E+02   3.12530E+02
 2.51903312237E-01 4.07315914422E+14   9.26935E+32   7.32070E-05   2.51977E-01   3.25426E-01   1.78308E-01   2.55378E+01   2.86920E+02   3.12458E+02   3.12458E+02
 2.51704705118E-01 4.06994000709E+14   8.43028E+32   7.32838E-05   2.51778E-01   3.25218E-01   1.78118E-01   2.55468E+01   2.86845E+02   3.12392E+02   3.12392E+02
 2.51520802765E-01 4.06695986903E+14   7.65356E+32   7.33550E-05   2.51594E-01   3.25026E-01   1.77942E-01   2.55551E+01   2.86775E+02   3.12330E+02   3.12330E+02
 2.51350758925E-01 4.06420486957E+14   6.93557E+32   7.34210E-05   2.51424E-01   3.24848E-01   1.77780E-01   2.55627E+01   2.86710E+02   3.12273E+02   3.12273E+02
 2.51193762823E-01 4.06166174478E+14   6.27284E+32   7.34820E-05   2.51267E-01   3.24684E-01   1.77630E-01   2.55698E+01   2.86651E+02   3.12220E+02   3.12220E+02
 2.51049038048E-01 4.05931780655E+14   5.66204E+32   7.35383E-05   2.51123E-01   3.24533E-01   1.77492E-01   2.55763E+01   2.86596E+02   3.12172E+02   3.12172E+02
 2.50915841481E-01 4.05716092293E+14   5.10002E+32   7.35902E-05   2.50989E-01   3.24394E-01   1.77364E-01   2.55823E+01   2.86545E+02   3.12127E+02   3.12127E+02
 2.50793462272E-01 4.05517949952E+14   4.58374E+32   7.36379E-05   2.50867E-01   3.24266E-01   1.77248E-01   2.55879E+01   2.86498E+02   3.12086E+02   3.12086E+02
 2.50681220859E-01 4.05336246170E+14   4.11031E+32   7.36817E-05   2.50755E-01   3.24148E-01   1.77140E-01   2.55929E+01   2.86456E+02   3.12049E+02   3.12049E+02
 2.50578468025E-01 4.05169923776E+14   3.67698E+32   7.37218E-05   2.50652E-01   3.24041E-01   1.77042E-01   2.55976E+01   2.86417E+02   3.12014E+02   3.12014E+02
 2.50484583999E-01 4.05017974265E+14   3.28111E+32   7.37585E-05   2.50558E-01   3.23943E-01   1.76953E-01   2.56018E+01   2.86381E+02   3.11983E+02   3.11983E+02
 2.50398977571E-01 4.04879436261E+14   2.92019E+32   7.37920E-05   2.50473E-01   3.23853E-01   1.76871E-01   2.56057E+01   2.86348E+02   3.11954E+02   3.11954E+02
 2.50321085259E-01 4.04753394022E+14   2.59184E+32   7.38225E-05   2.50395E-01   3.23772E-01   1.76796E-01   2.56092E+01   2.86319E+02   3.11928E+02   3.11928E+02
 2.50250370486E-01 4.04638976021E+14   2.29377E+32   7.38502E-05   2.50324E-01   3.23698E-01   1.76729E-01   2.56124E+01   2.86292E+02   3.11904E+02   3.11904E+02
 2.50186322787E-01 4.04535353565E+14   2.02384E+32   7.38753E-05   2.50260E-01   3.23631E-01   1.76668E-01   2.56153E+01   2.86267E+02   3.11883E+02   3.11883E+02
 2.50128457044E-01 4.04441739467E+14   1.77998E+32   7.38980E-05   2.50202E-01   3.23571E-01   1.76613E-01   2.56179E+01   2.86245E+02   3.11863E+02   3.11863E+02
 2.50076312732E-01 4.04357386759E+14   1.56025E+32   7.39184E-05   2.50150E-01   3.23516E-01   1.76563E-01   2.56203E+01   2.86225E+02   3.11846E+02   3.11846E+02
 2.50029453187E-01 4.04281587446E+14   1.36281E+32   7.39368E-05   2.50103E-01   3.23467E-01   1.76518E-01   2.56224E+01   2.86207E+02   3.11830E+02   3.11830E+02
 2.49987464892E-01 4.04213671289E+14   1.18590E+32   7.39533E-05   2.50061E-01   3.23423E-01   1.76478E-01   2.56243E+01   2.86191E+02   3.11816E+02   3.11816E+02
 2.49949956777E-01 4.04153004623E+14   1.02788E+32   7.39680E-05   2.50024E-01   3.23384E-01   1.76442E-01   2.56260E+01   2.86177E+02   3.11803E+02   3.11803E+02
 2.49916559527E-01 4.04098989203E+14   8.87185E+31   7.39811E-05   2.49991E-01   3.23349E-01   1.76410E-01   2.56276E+01   2.86164E+02   3.11792E+02   3.11792E+02
 2.49886924912E-01 4.04051061071E+14   7.62347E+31   7.39928E-05   2.49961E-01   3.23318E-01   1.76382E-01   2.56289E+01   2.86153E+02   3.11782E+02   3.11782E+02
 2.49860725116E-01 4.04008689450E+14   6.51984E+31   7.40031E-05   2.49935E-01   3.23291E-01   1.76357E-01   2.56301E+01   2.86143E+02   3.11773E+02   3.11773E+02
 2.49837652084E-01 4.03971375654E+14   5.54795E+31   7.40122E-05   2.49912E-01   3.23266E-01   1.76335E-01   2.56311E+01   2.86134E+02   3.11765E+02   3.11765E+02
 2.49817416874E-01 4.03938652013E+14   4.69563E+31   7.40201E-05   2.49891E-01   3.23245E-01   1.76315E-01   2.56321E+01   2.86127E+02   3.11759E+02   3.11759E+02
 2.49799749012E-01 4.03910080823E+14   3.95146E+31   7.40271E-05   2.49874E-01   3.23227E-01   1.76299E-01   2.56329E+01   2.86120E+02   3.11753E+02   3.11753E+02
 2.49784395864E-01 4.03885253296E+14   3.30481E+31   7.40331E-05   2.49858E-01   3.23211E-01   1.76284E-01   2.56336E+01   2.86114E+02   3.11747E+02   3.11747E+02
 2.49771122003E-01 4.03863788532E+14   2.74575E+31   7.40383E-05   2.49845E-01   3.23197E-01   1.76271E-01   2.56342E+01   2.86109E+02   3.11743E+02   3.11743E+02
 2.49759708584E-01 4.03845332497E+14   2.26505E+31   7.40428E-05   2.49834E-01   3.23185E-01   1.76260E-01   2.56347E+01   2.86105E+02   3.11739E+02   3.11739E+02
 2.49749952726E-01 4.03829557011E+14   1.85417E+31   7.40467E-05   2.49824E-01   3.23175E-01   1.76251E-01   2.56351E+01   2.86101E+02   3.11736E+02   3.11736E+02
 2.49741666897E-01 4.03816158741E+14   1.50521E+31   7.40499E-05   2.49816E-01   3.23166E-01   1.76243E-01   2.56355E+01   2.86098E+02   3.11733E+02   3.11733E+02
 2.49734678297E-01 4.03804858203E+14   1.21089E+31   7.40527E-05   2.49809E-01   3.23159E-01   1.76236E-01   2.56358E+01   2.86095E+02   3.11731E+02   3.11731E+02
 2.49728828249E-01 4.03795398771E+14   9.64514E+30   7.40550E-05   2.49803E-01   3.23153E-01   1.76231E-01   2.56361E+01   2.86093E+02   3.11729E+02   3.11729E+02
 2.49723971592E-01 4.03787545684E+14   7.59980E+30   7.40569E-05   2.49798E-01   3.23148E-01   1.76226E-01   2.56363E+01   2.86091E+02   3.11727E+02   3.11727E+02
 2.49719976073E-01 4.03781085066E+14   5.91712E+30   7.40584E-05   2.49794E-01   3.23143E-01   1.76222E-01   2.56365E+01   2.86089E+02   3.11726E+02   3.11726E+02
 2.49716721739E-01 4.03775822944E+14   4.54660E+30   7.40597E-05   2.49791E-01   3.23140E-01   1.76219E-01   2.56366E+01   2.86088E+02   3.11725E+02   3.11725E+02
 2.49714100341E-01 4.03771584264E+14   3.44263E+30   7.40608E-05   2.49788E-01   3.23137E-01   1.76217E-01   2.56367E+01   2.86087E+02   3.11724E+02   3.11724E+02
 2.49712014721E-01 4.03768211924E+14   2.56431E+30   7.40616E-05   2.49786E-01   3.23135E-01   1.76215E-01   2.56368E+01   2.86086E+02   3.11723E+02   3.11723E+02
 2.49710378219E-01 4.03765565790E+14   1.87512E+30   7.40622E-05   2.49784E-01   3.23133E-01   1.76213E-01   2.56369E+01   2.86086E+02   3.11723E+02   3.11723E+02
 2.49709114067E-01 4.03763521728E+14   1.34275E+30   7.40627E-05   2.49783E-01   3.23132E-01   1.76212E-01   2.56370E+01   2.86085E+02   3.11722E+02   3.11722E+02
 2.49708154788E-01 4.03761970631E+14   9.38766E+29   7.40631E-05   2.49782E-01   3.23131E-01   1.76211E-01   2.56370E+01   2.86085E+02   3.11722E+02   3.11722E+02
 2.49707441598E-01 4.03760817447E+14   6.38420E+29   7.40634E-05   2.49782E-01   3.23130E-01   1.76210E-01   2.56370E+01   2.86085E+02   3.11722E+02   3.11722E+02
 2.49706923806E-01 4.03759980209E+14   4.20362E+29   7.40636E-05   2.49781E-01   3.23130E-01   1.76210E-01   2.56371E+01   2.86084E+02   3.11721E+02   3.11721E+02
 2.49706558211E-01 4.03759389065E+14  3.0450001E+29  7.40637E-05   2.49781E-01   3.23129E-01   1.76210E-01   2.56371E+01   2.86084E+02   3.11721E+02   3.11721E+02
 1.141E-04        1.895E+11       3.045E+29      106       106        36
 1.036E-04        1.720E+11       2.675E+29      106       106        36
 9.559E-05        1.587E+11       2.403E+29      106       106        36
 3.651E-04        1.455E+11       2.283E+29      106       106        38     *
 7.950E-05        1.320E+11       2.016E+29      106       106        38
 6.312E-05        1.048E+11       1.482E+29      106       106        38
 4.727E-05        7.848E+10       1.008E+29      106       106        38
 4.565E-05        7.580E+10       9.620E+28      106       106        38
 3.651E-04        6.639E+10       8.581E+28      106       106        40     *
 3.625E-05        6.018E+10       7.558E+28      106       106        40
 2.878E-05        4.779E+10       5.557E+28      106       106        40
 2.384E-05        3.958E+10       4.321E+28      106       106        40
 1.893E-05        3.143E+10       3.176E+28      106       106        40
 3.651E-04        2.413E+10       2.372E+28      106       106        42     *
 1.241E-05        2.060E+10       1.925E+28      106       106        42
 9.854E-06        1.636E+10       1.415E+28      106       106        42
 7.830E-06        1.300E+10       1.041E+28      106       106        42
 6.710E-06        1.114E+10       8.471E+27      106       106        42
 5.709E-06        9.479E+09       6.828E+27      106       106        42
 4.531E-06        7.522E+09       5.012E+27      106       106        42
 3.651E-04        5.621E+09       3.603E+27      106       106        44     *
 2.351E-06        3.903E+09       2.214E+27      106       106        44
 1.483E-06        2.462E+09       1.195E+27      106       106        44
 8.649E-07        1.436E+09       5.798E+26      106       106        44
 6.866E-07        1.140E+09       4.252E+26      106       106        44
 5.924E-07        9.836E+08       3.487E+26      106       106        44
 4.705E-07        7.811E+08       2.557E+26      106       106        44
 2.968E-07        4.928E+08       1.374E+26      106       106        44
 3.651E-04        3.517E+08       9.235E+25      106       106        46     *
 1.535E-07        2.549E+08       5.961E+25      106       106        46
 7.691E-08        1.277E+08       2.321E+25      106       106        46
 3.855E-08        6.401E+07       8.951E+24      106       106        46
 1.932E-08        3.207E+07       3.402E+24      106       106        46
 9.968E-09        1.655E+07       1.325E+24      106       106        46
 4.995E-09        8.293E+06       4.837E+23      106       106        46
 3.968E-09        6.588E+06       3.439E+23      106       106        46
 1.579E-09        2.622E+06       8.503E+22      106       106        46
 6.288E-10        1.044E+06       1.999E+22      106       106        46
 2.503E-10        4.156E+05       4.474E+21      106       106        46
 9.962E-11        1.654E+05       2.075E+21      106       106        46
 3.967E-11        6.587E+04       7.443E+20      106       106        46
 1.579E-11        2.622E+04       2.853E+20      106       106        46
 6.288E-12        1.044E+04       1.126E+20      106       106        46
 6.926E-13        1.150E+03       1.251E+19      106       106        46
 1.277E-13        2.120E+02       2.322E+18      106       106        46
 2.716E-14        4.510E+01       4.961E+17      106       106        46
 9.878E-15        1.640E+01       1.807E+17      106       106        46
 6.987E-15        1.160E+01       1.279E+17      106       106        46
 4.909E-15        8.150E+00       8.988E+16      106       106        46
 4.758E-15        7.900E+00       8.712E+16      106       106        46
 4.734E-15        7.860E+00       8.668E+16      106       106        46
 4.698E-15        7.800E+00       8.602E+16      106       106        46



  1-40 Haensel-Zdunik [A&A 404 (2003), p. L33-36]

  From rho=3.517E+08 (Pd 106 46) it's the T=3e8 K EOS

  * marks the highest density at which the nucleus is present.






