0.1
0.9999665096184386
0.11991991991991993
0.9999426754889507
0.13983983983983983
0.9999097798172588
0.15975975975975976
0.9998664770125104
0.17967967967967968
0.9998114650099784
0.1995995995995996
0.9997434844903642
0.21951951951951953
0.9996613181084669
0.23943943943943943
0.9995637897311491
0.2593593593593594
0.9994497636845314
0.2792792792792793
0.9993181440103528
0.29919919919919924
0.9991678737314209
0.3191191191191191
0.9989979341260974
0.33903903903903904
0.9988073440117373
0.3589589589589589
0.9985951590370292
0.37887887887887883
0.9983604709831567
0.39879879879879876
0.9981024070737249
0.4187187187187187
0.9978201292933765
0.4386386386386386
0.9975128337150371
0.45855855855855854
0.9971797498357209
0.47847847847847846
0.9968201399208267
0.4983983983983984
0.9964332983568652
0.5183183183183183
0.9960185510125429
0.5382382382382382
0.9955752546081438
0.5581581581581582
0.995102796093136
0.5780780780780781
0.9946005920319445
0.597997997997998
0.9940680879978158
0.6179179179179178
0.9935047579747148
0.6378378378378378
0.9929101037671887
0.6577577577577577
0.9922836544181233
0.6776776776776776
0.9916249656343413
0.6975975975975975
0.9909336192199617
0.7175175175175175
0.990209222517466
0.7374374374374374
0.9894514078564008
0.7573573573573573
0.9886598320096541
0.7772772772772772
0.9878341756572395
0.7971971971971972
0.986974142857524
0.8171171171171171
0.9860794605258357
0.837037037037037
0.9851498779203841
0.856956956956957
0.9841851661354343
0.8768768768768769
0.9831851176016655
0.8967967967967968
0.9821495455936529
0.9167167167167166
0.9810782837444102
0.9366366366366365
0.9799711855669263
0.9565565565565565
0.9788281239826345
0.9764764764764764
0.9776489908567544
0.9963963963963963
0.9764336965404345
1.0163163163163162
0.9751821694196452
1.0362362362362363
0.9738943554707485
1.056156156156156
0.9725702178226893
1.0760760760760761
0.9712097363257417
1.095995995995996
0.969812907126753
1.115915915915916
0.9683797422508196
1.1358358358358358
0.9669102691893328
1.1557557557557558
0.965404530494341
1.1756756756756757
0.9638625833791545
1.1955955955955957
0.9622844993251453
1.2155155155155155
0.9606703636946711
1.2354354354354355
0.9590202753500691
1.2553553553553554
0.9573343462786571
1.2752752752752754
0.9556127012236831
1.2951951951951952
0.9538554773211608
1.3151151151151153
0.9520628237425388
1.335035035035035
0.9502349013431333
1.354954954954955
0.9483718823162761
1.374874874874875
0.9464739498531145
1.3947947947947947
0.9445412978080014
1.4147147147147148
0.9425741303694254
1.4346346346346346
0.9405726617364142
1.4545545545545546
0.9385371158003626
1.4744744744744744
0.9364677258322192
1.4943943943943945
0.9343647341749809
1.5143143143143143
0.9322283919414349
1.5342342342342343
0.9300589587170942
1.5541541541541541
0.9278567022682669
1.5740740740740742
0.9256218982552081
1.593993993993994
0.9233548299502932
1.613913913913914
0.9210557879611613
1.6338338338338338
0.9187250699587723
1.6537537537537539
0.9163629804103219
1.6736736736736737
0.9139698303169611
1.6935935935935937
0.9115459369562643
1.7135135135135136
0.9090916236293953
1.7334334334334334
0.9066072194129134
1.7533533533533534
0.9040930589151683
1.7732732732732732
0.9015494820372328
1.7931931931931933
0.8989768337383129
1.813113113113113
0.8963754638055945
1.833033033033033
0.8937457266284635
1.852952952952953
0.8910879809770523
1.872872872872873
0.8884025897850644
1.8927927927927928
0.8856899199368159
1.9127127127127128
0.8829503420584565
1.9326326326326326
0.8801842303133036
1.9525525525525527
0.8773919622012566
1.9724724724724725
0.8745739183622245
1.9923923923923925
0.8717304823835295
2.012312312312312
0.8688620406112308
2.032232232232232
0.8659689819653216
2.052152152152152
0.8630516977587503
2.072072072072072
0.8601105815202174
2.091991991991992
0.8571460288207005
2.111911911911912
0.8541584371036569
2.131831831831832
0.8511482055188622
2.151751751751752
0.8481157347598308
2.1716716716716715
0.8450614269047769
2.1915915915915916
0.8419856852610652
2.2115115115115116
0.8388889142131101
2.2314314314314316
0.8357715190736729
2.2513513513513512
0.8326339059385145
2.2712712712712713
0.8294764815443565
2.2911911911911913
0.8262996531301068
2.3111111111111113
0.8231038283013065
2.331031031031031
0.8198894148977528
2.350950950950951
0.8166568208642491
2.370870870870871
0.8134064541244523
2.3907907907907906
0.8101387224577582
2.4107107107107106
0.8068540333791913
2.4306306306306307
0.8035527940222577
2.4505505505505507
0.8002354110247123
2.4704704704704703
0.7969022904172035
2.4903903903903903
0.7935538375147537
2.5103103103103104
0.790190456811033
2.5302302302302304
0.7868125518753829
2.55015015015015
0.7834205252525592
2.57007007007007
0.7800147783651377
2.58998998998999
0.7765957114185618
2.60990990990991
0.7731637233087769
2.6298298298298297
0.7697192115324221
2.6497497497497497
0.7662625720995349
2.66966966966967
0.7627941994487358
2.6895895895895894
0.7593144863648488
2.7095095095095094
0.7558238238989232
2.7294294294294295
0.7523226012906232
2.7493493493493495
0.7488112058929374
2.769269269269269
0.7452900230991842
2.789189189189189
0.7417594362722675
2.809109109109109
0.7382198266761513
2.829029029029029
0.7346715734095153
2.848948948948949
0.7311150533415577
2.868868868868869
0.7275506410499084
2.888788788788789
0.7239787087606204
2.908708708708709
0.7203996262902022
2.9286286286286285
0.7168137609896592
2.9485485485485485
0.7132214776905094
2.9684684684684686
0.7096231386527405
2.988388388388388
0.7060191035146761
3.008308308308308
0.7024097292447157
3.0282282282282282
0.6987953700949191
3.0481481481481483
0.6951763775564025
3.068068068068068
0.6915531003165115
3.087987987987988
0.6879258842177455
3.107907907907908
0.6842950722183967
3.127827827827828
0.6806610043548758
3.1477477477477476
0.6770240177056949
3.1676676676676676
0.6733844463570732
3.1875875875875876
0.6697426213701441
3.2075075075075077
0.6660988707497213
3.2274274274274273
0.66245351941461
3.2473473473473473
0.6588068891694199
3.2672672672672673
0.6551592986778662
3.2871871871871874
0.6515110634375134
3.307107107107107
0.6478624957559534
3.327027027027027
0.6442139047283696
3.346946946946947
0.6405655962164798
3.3668668668668666
0.6369178728288164
3.3867867867867867
0.6332710339023242
3.4067067067067067
0.6296253754852473
3.4266266266266268
0.6259811903212806
3.4465465465465464
0.622338767834958
3.4664664664664664
0.618698394118256
3.4863863863863864
0.6150603519183794
3.5063063063063065
0.6114249206267189
3.526226226226226
0.6077923762689365
3.546146146146146
0.6041629914961746
3.566066066066066
0.6005370355773487
3.585985985985986
0.5969147743925104
3.6059059059059058
0.5932964704272541
3.625825825825826
0.5896823827681453
3.645745745745746
0.5860727670991394
3.6656656656656654
0.5824678756989871
3.6855855855855855
0.5788679574395883
3.7055055055055055
0.575273257785272
3.7254254254254255
0.5716840187929976
3.745345345345345
0.5681004791134379
3.765265265265265
0.5645228739929268
3.785185185185185
0.5609514352762649
3.8051051051051052
0.5573863914103454
3.825025025025025
0.5538279674485811
3.844944944944945
0.5502763850561305
3.864864864864865
0.5467318625158853
3.884784784784785
0.543194614735201
3.9047047047047045
0.5396648532533649
3.9246246246246246
0.536142786249768
3.9445445445445446
0.5326286185527741
3.964464464464464
0.5291225516492575
3.9843843843843842
0.5256247836947974
4.004304304304304
0.5221355095245107
4.024224224224224
0.5186549206645058
4.044144144144144
0.5151832053439395
4.0640640640640635
0.5117205485076561
4.083983983983984
0.5082671318293991
4.103903903903904
0.5048231337255791
4.123823823823823
0.5013887293695702
4.143743743743744
0.49796409070653497
4.163663663663663
0.4945493864687506
4.183583583583583
0.4911447821914239
4.203503503503503
0.4877504402289852
4.223423423423423
0.4843665197718332
4.2433433433433425
0.48099317686353577
4.263263263263263
0.47763056441844803
4.283183183183183
0.47427883223976147
4.303103103103102
0.4709381270379384
4.323023023023023
0.4676085924495442
4.342942942942942
0.46429036905645543
4.362862862862863
0.4609835944054183
4.382782782782782
0.4576884030279709
4.402702702702702
0.4544049264606804
4.422622622622622
0.45113329326572277
4.442542542542542
0.4478736290517547
4.462462462462462
0.44462605649509657
4.482382382382382
0.4413906953611898
4.502302302302302
0.4381676625263315
4.522222222222222
0.4349570719996795
4.542142142142142
0.4317590349454886
4.562062062062061
0.42857365970560346
4.581981981981982
0.425401051822173
4.601901901901901
0.42224131406057885
4.621821821821821
0.41909454643257055
4.6417417417417415
0.4159608462196074
4.661661661661661
0.4128403079963689
4.681581581581581
0.40973302365445474
4.701501501501501
0.40663908242624364
4.721421421421421
0.4035585709089109
4.741341341341341
0.4004915730885904
4.761261261261261
0.3974381703646761
4.78118118118118
0.39439844157424886
4.801101101101101
0.3913724630166282
4.8210210210210205
0.3883603084780245
4.84094094094094
0.385362049256304
4.8608608608608606
0.3823777541858351
4.88078078078078
0.37940748966243554
4.9007007007007
0.37645131966838075
4.92062062062062
0.3735093057974897
4.94054054054054
0.3705815072802699
4.96046046046046
0.3676679810091171
4.98038038038038
0.364768781563558
5.0003003003002995
0.3618839612355418
5.02022022022022
0.359013570054742
5.04014014014014
0.3561576558139122
5.060060060060059
0.3533162640942369
5.07997997997998
0.35048943829070345
5.099899899899899
0.3476772196374771
5.11981981981982
0.3448796472332733
5.139739739739739
0.3420967580667281
5.159659659659659
0.33932858704174534
5.179579579579579
0.336575167002837
5.199499499499499
0.333836528760422
5.219419419419419
0.3311127011161069
5.239339339339339
0.32840371088792
5.259259259259259
0.3257095829355265
5.279179179179178
0.3230303401853548
5.299099099099099
0.3203660036557148
5.319019019019018
0.31771659248182915
5.338938938938939
0.315082123940813
5.358858858858858
0.3124626134765909
5.378778778778778
0.30985807472473426
5.3986986986986985
0.3072685195372305
5.418618618618618
0.30469395800715887
5.438538538538538
0.30213439849330315
5.458458458458458
0.2995898476446566
5.478378378378378
0.2970603104248386
5.498298298298298
0.29454579013642374
5.518218218218218
0.2920462884451681
5.538138138138137
0.2895618054041171
5.558058058058058
0.28709233947762275
5.5779779779779775
0.28463788756524505
5.597897897897897
0.28219844502554675
5.6178178178178175
0.27977400569974026
5.637737737737737
0.2773645619352632
5.657657657657657
0.27497010460918087
5.677577577577577
0.2725906231515044
5.697497497497497
0.2702261055683389
5.717417417417417
0.2678765384649505
5.737337337337337
0.2655419070686329
5.7572572572572565
0.2632221952515005
5.777177177177177
0.26091738555310406
5.7970970970970965
0.2586274592029112
5.817017017017016
0.25635239614266225
5.836936936936937
0.2540921750485327
5.856856856856856
0.2518467733532099
5.876776776776776
0.2496161672677689
5.896696696696696
0.2474003318034104
5.916616616616616
0.2451992407930647
5.936536536536536
0.24301286691280277
5.956456456456456
0.2408411817031265
5.9763763763763755
0.23868415559006598
5.996296296296296
0.23654175790614518
6.016216216216216
0.23441395691115288
6.036136136136135
0.23230071981279843
6.056056056056056
0.23020201278713542
6.075975975975975
0.2281178009988927
6.095895895895896
0.22604804862156674
6.115815815815815
0.22399271885740926
6.135735735735735
0.22195177395717988
6.155655655655655
0.21992517523980748
6.175575575575575
0.21791288311178855
6.195495495495495
0.21591485708650296
6.215415415415415
0.21393105580327632
6.235335335335335
0.21196143704632517
6.255255255255254
0.21000595776349823
6.275175175175175
0.2080645740848718
6.295095095095094
0.2061372413411105
6.315015015015015
0.20422391408172533
6.334934934934934
0.20232454609308997
6.354854854854854
0.20043909041634034
6.3747747747747745
0.19856749936503051
6.394694694694694
0.1967097245426711
6.414614614614614
0.19486571686005053
6.434534534534534
0.19303542655238404
6.454454454454454
0.19121880319631437
6.474374374374374
0.1894157957266802
6.494294294294294
0.18762635245315373
6.514214214214213
0.18585042107667651
6.534134134134134
0.18408794870572295
6.5540540540540535
0.18233888187237762
6.573973973973973
0.18060316654824693
6.593893893893894
0.17888074816016594
6.613813813813813
0.17717157160577812
6.633733733733733
0.17547558126888355
6.653653653653653
0.17379272103461954
6.673573573573573
0.17212293430450679
6.693493493493493
0.17046616401125939
6.713413413413413
0.16882235263345624
6.7333333333333325
0.1671914422100273
6.753253253253253
0.16557337435453862
6.773173173173173
0.16396809026938167
6.793093093093092
0.16237553075964994
6.813013013013013
0.1607956362469958
6.832932932932932
0.1592283467831905
6.852852852852852
0.15767360206359624
6.872772772772772
0.15613134144040372
6.892692692692692
0.1546015039357252
6.912612612612612
0.15308402825454526
6.932532532532532
0.1515788527974188
6.952452452452452
0.1500859156730968
6.972372372372372
0.14860515471091476
6.992292292292292
0.14713650747304685
7.012212212212211
0.14567991126657387
7.032132132132132
0.1442353031553685
7.052052052052051
0.14280261997189525
7.071971971971972
0.1413817983287185
7.091891891891891
0.1399727746299834
7.111811811811811
0.13857548508259313
7.1317317317317315
0.13718986570736835
7.151651651651651
0.1358158523499109
7.171571571571571
0.13445338069141313
7.191491491491491
0.1331023862592517
7.211411411411411
0.131762804437412
7.23133133133133
0.13043457047681165
7.251251251251251
0.1291176195054103
7.27117117117117
0.12781188653818934
7.291091091091091
0.12651730648700613
7.3110110110110105
0.12523381417019971
7.33093093093093
0.12396134432218679
7.3508508508508505
0.12269983160275273
7.37077077077077
0.12144921060633021
7.39069069069069
0.12020941587101498
7.41061061061061
0.11898038188753854
7.43053053053053
0.11776204310796987
7.450450450450449
0.11655433395441421
7.47037037037037
0.11535718882746214
7.4902902902902895
0.11417054211449729
7.51021021021021
0.11299432819795387
7.5301301301301296
0.11182848146333302
7.550050050050049
0.11067293630712155
7.56996996996997
0.10952762714458318
7.589889889889889
0.10839248841736254
7.609809809809809
0.10726745460102519
7.629729729729729
0.10615246021242368
7.649649649649649
0.1050474398168841
7.669569569569569
0.10395232803538813
7.689489489489489
0.1028670595514394
7.7094094094094086
0.10179156911799184
7.729329329329329
0.10072579156409735
7.749249249249249
0.09966966180153615
7.769169169169168
0.09862311483120736
7.789089089089089
0.0975860857495358
7.809009009009008
0.09655850975461085
7.828928928928928
0.09554032215229968
7.848848848848848
0.09453145836221
7.868768768768768
0.09353185392349594
7.888688688688688
0.09254144450060037
7.908608608608608
0.09156016588887171
7.928528528528528
0.0905879540200305
7.948448448448448
0.08962474496753405
7.968368368368368
0.08867047495179739
7.988288288288287
0.08772508034544162
8.008208208208208
0.0867884976781744
8.028128128128127
0.08586066364183674
8.048048048048049
0.08494151509512457
8.067967967967968
0.08403098906835321
8.087887887887888
0.08312902276797965
8.107807807807808
0.08223555358114669
8.127727727727727
0.08135051908005307
8.147647647647647
0.08047385702618713
8.167567567567566
0.07960550537454839
8.187487487487488
0.07874540227773394
8.207407407407407
0.07789348608987585
8.227327327327327
0.07704969537048258
8.247247247247246
0.07621396888834907
8.267167167167166
0.07538624562506652
8.287087087087086
0.07456646477872587
8.307007007007007
0.0737545657673991
8.326926926926927
0.07295048823247982
8.346846846846846
0.072154172042065
8.366766766766766
0.07136555729406438
8.386686686686685
0.07058458431945848
8.406606606606607
0.0698111936852751
8.426526526526526
0.06904532619749759
8.446446446446446
0.06828692290399715
8.466366366366366
0.06753592509731057
8.486286286286285
0.06679227431726918
8.506206206206205
0.06605591235372667
8.526126126126126
0.06532678124895862
8.546046046046046
0.06460482330023952
8.565965965965965
0.06388998106212321
8.585885885885885
0.06318219734881683
8.605805805805804
0.062481415236283706
8.625725725725726
0.06178757806455926
8.645645645645645
0.06110062943963224
8.665565565565565
0.06042051323556861
8.685485485485485
0.059747173596394185
8.705405405405404
0.059080554937903415
8.725325325325324
0.05842060194948414
8.745245245245245
0.05776725959585003
8.765165165165165
0.057120473118585105
8.785085085085084
0.0564801880378142
8.805005005005004
0.05584635015363459
8.824924924924924
0.055218905547646864
8.844844844844845
0.05459780058420911
8.864764764764764
0.05398298191185163
8.884684684684684
0.05337439646449526
8.904604604604604
0.05277199146260345
8.924524524524523
0.05217571441435795
8.944444444444445
0.051585513116679256
8.964364364364364
0.05100133565630137
8.984284284284284
0.050423130410667635
9.004204204204203
0.04985084604880707
9.024124124124123
0.049284431532232664
9.044044044044043
0.04872383611574725
9.063963963963964
0.04816900934800631
9.083883883883884
0.04761990107242555
9.103803803803803
0.04707646142760399
9.123723723723723
0.046538640848035225
9.143643643643642
0.0460063900645591
9.163563563563564
0.04547966010485428
9.183483483483483
0.04495840229384462
9.203403403403403
0.04444256825408038
9.223323323323322
0.04393210990607361
9.243243243243242
0.04342697946862191
9.263163163163162
0.042927129458952835
9.283083083083083
0.04243251269297893
9.303003003003003
0.041943082285469266
9.322922922922922
0.041458791650107726
9.342842842842842
0.04097959449949632
9.362762762762761
0.0405054448453189
9.382682682682683
0.04003629699827819
9.402602602602602
0.0395721055679499
9.422522522522522
0.039112825462771644
9.442442442442442
0.03865841188989133
9.462362362362361
0.03820882035496326
9.48228228228228
0.03776400666201816
9.502202202202202
0.0373239269131508
9.522122122122122
0.03688853750814396
9.542042042042041
0.03645779514438938
9.561961961961961
0.03603165681638373
9.58188188188188
0.035610079815311724
9.601801801801802
0.035193021728717744
9.621721721721721
0.034780440440061365
9.641641641641641
0.03437229412817843
9.66156156156156
0.03396854126681201
9.68148148148148
0.03356914062406984
9.7014014014014
0.03317405126183199
9.721321321321321
0.032783232535206853
9.74124124124124
0.03239664409184769
9.76116116116116
0.032014245871369584
9.78108108108108
0.031635998104603866
9.801001001001
0.031261861312894074
9.820920920920921
0.030891796307425286
9.84084084084084
0.03052576418850118
9.86076076076076
0.030163726344637997
9.88068068068068
0.029805644451838732
9.9006006006006
0.029451480472771838
9.92052052052052
0.029101196655913146
9.94044044044044
0.028754755534713374
9.96036036036036
0.028412119926576582
9.98028028028028
0.028073252932189423
10.000200200200199
0.02773811793430616
10.020120120120119
0.02740667859709389
10.04004004004004
0.027078898864805395
10.05995995995996
0.026754742961231814
10.07987987987988
0.026434175388226257
10.099799799799799
0.02611716092505924
10.119719719719718
0.025803664627213712
10.13963963963964
0.025493651825259547
10.15955955955956
0.02518708812396615
10.179479479479479
0.024883939401025533
10.199399399399399
0.024584171806052914
10.219319319319318
0.02428775175949792
10.239239239239238
0.02399464595134516
10.259159159159159
0.023704821340116262
10.279079079079079
0.023418245151749992
10.298998998998998
0.023134884878232852
10.318918918918918
0.022854708276549514
10.338838838838837
0.02257768336747048
10.358758758758759
0.022303778434377544
10.378678678678678
0.022032962021859087
10.398598598598598
0.021765202934761727
10.418518518518518
0.021500470236664453
10.438438438438437
0.02123873324879857
10.458358358358357
0.0209799615487097
10.478278278278278
0.020724124969067143
10.498198198198198
0.02047119359634228
10.518118118118117
0.020221137769365856
10.538038038038037
0.01997392807823933
10.557957957957957
0.019729535363013303
10.577877877877878
0.019487930712240902
10.597797797797798
0.019249085461680485
10.617717717717717
0.019012971193119732
10.637637637637637
0.018779559732859382
10.657557557557556
0.01854882315045035
10.677477477477476
0.018320733757386447
10.697397397397397
0.018095264105544465
10.717317317317317
0.017872386986208393
10.737237237237236
0.017652075428322447
10.757157157157156
0.01743430269730242
10.777077077077076
0.017219042293710646
10.796996996996997
0.017006267951743415
10.816916916916917
0.01679595363788296
10.836836836836836
0.016588073549679568
10.856756756756756
0.016382602114094792
10.876676676676675
0.016179513986346976
10.896596596596597
0.015978784048281586
10.916516516516516
0.015780387407220754
10.936436436436436
0.015584299394479067
10.956356356356356
0.015390495563846822
10.976276276276275
0.015198951690300482
10.996196196196195
0.015009643768653626
11.016116116116116
0.014822548011968405
11.036036036036036
0.014637640850298558
11.055955955955955
0.014454898929347077
11.075875875875875
0.014274299108786975
11.095795795795794
0.014095818461085225
11.115715715715716
0.0139194342700826
11.135635635635635
0.013745124029459379
11.155555555555555
0.013572865441426035
11.175475475475475
0.01340263641539414
11.195395395395394
0.013234415066230465
11.215315315315314
0.013068179713381369
11.235235235235235
0.012903908878928777
11.255155155155155
0.012741581286612602
11.275075075075074
0.012581175860064197
11.294994994994994
0.012422671721840693
11.314914914914914
0.01226604819153661
11.334834834834835
0.01211128478472465
11.354754754754754
0.011958361211481144
11.374674674674674
0.011807257374992844
11.394594594594594
0.011657953370112767
11.414514514514513
0.011510429481946133
11.434434434434433
0.011364666184701897
11.454354354354354
0.011220644139931173
11.474274274274274
0.011078344195492957
11.494194194194193
0.010937747383997736
11.514114114114113
0.010798834921479228
11.534034034034033
0.010661588206005766
11.553953953953954
0.010525988816393182
11.573873873873874
0.010392018510639535
11.593793793793793
0.010259659224790281
11.613713713713713
0.010128893071625608
11.633633633633632
0.009999702338925985
11.653553553553552
0.009872069488522045
11.673473473473473
0.0097459771548681
11.693393393393393
0.009621408143534262
11.713313313313312
0.009498345430037363
11.733233233233232
0.009376772158365807
11.753153153153152
0.009256671640035177
11.773073073073073
0.009138027352006512
11.792992992992993
0.009020822936333496
11.812912912912912
0.00890504219809134
11.832832832832832
0.008790669104379466
11.852752752752751
0.008677687783057796
11.872672672672673
0.00856608252120907
11.892592592592592
0.008455837764212241
11.912512512512512
0.008346938114207818
11.932432432432432
0.00823936832883541
11.952352352352351
0.00813311332008256
11.97227227227227
0.00802815815270541
11.992192192192192
0.00792448804359585
12.012112112112112
0.007822088359816588
12.032032032032031
0.007720944617592642
12.051951951951951
0.007621042481463684
12.07187187187187
0.007522367762369211
12.091791791791792
0.00742490641702326
12.111711711711711
0.007328644546325263
12.131631631631631
0.007233568394032226
12.15155155155155
0.007139664346106569
12.17147147147147
0.007046918928796368
12.19139139139139
0.006955318808186079
12.211311311311311
0.006864850788078003
12.23123123123123
0.006775501809673965
12.25115115115115
0.006687258950090629
12.27107107107107
0.006600109420784994
12.29099099099099
0.006514040567032932
12.310910910910911
0.006429039866221192
12.33083083083083
0.006345094927212977
12.35075075075075
0.006262193488514163
12.37067067067067
0.006180323417855106
12.39059059059059
0.006099472710467115
12.410510510510509
0.006019629488485572
12.43043043043043
0.005940781999138982
12.45035035035035
0.005862918614197967
12.47027027027027
0.005786027828980136
12.490190190190189
0.005710098260444974
12.510110110110109
0.0056351186468127585
12.53003003003003
0.005561077846410417
12.54994994994995
0.005487964836165013
12.56986986986987
0.005415768711112115
12.589789789789789
0.005344478682542065
12.609709709709708
0.005274084077753494
12.629629629629628
0.00520457433856151
12.64954954954955
0.005135939020277053
12.669469469469469
0.005068167790708873
12.689389389389389
0.005001250428952999
12.709309309309308
0.004935176824931336
12.729229229229228
0.004869936977526854
12.749149149149149
0.004805520994072198
12.769069069069069
0.004741919089657027
12.788988988988988
0.004679121585126833
12.808908908908908
0.004617118907098763
12.828828828828827
0.004555901586562137
12.848748748748749
0.004495460257522406
12.868668668668668
0.004435785656720595
12.888588588588588
0.004376868622161892
12.908508508508508
0.0043187000924772186
12.928428428428427
0.004261271105591753
12.948348348348347
0.004204572798251863
12.968268268268268
0.004148596404729918
12.988188188188188
0.004093333255605406
13.008108108108107
0.0040387747777079226
13.028028028028027
0.003984912492569101
13.047947947947947
0.003931738015361743
13.067867867867868
0.0038792430544917936
13.087787787787788
0.0038274194104926927
13.107707707707707
0.003776258975027561
13.127627627627627
0.0037257537298672426
13.147547547547546
0.003675895746553975
13.167467467467466
0.0036266771847916234
13.187387387387387
0.003578090292373387
13.207307307307307
0.0035301274035456653
13.227227227227226
0.0034827809386448728
13.247147147147146
0.0034360434031674575
13.267067067067066
0.003389907386838026
13.286986986986987
0.0033443655628269246
13.306906906906907
0.003299410686528558
13.326826826826826
0.0032550355958411346
13.346746746746746
0.0032112332089258545
13.366666666666665
0.003167996524367795
13.386586586586585
0.003125318620011942
13.406506506506506
0.0030831926524258887
13.426426426426426
0.0030416118557742024
13.446346346346346
0.003000569541020718
13.466266266266265
0.0029600590956355456
13.486186186186185
0.00292007398224069
13.506106106106106
0.0028806077382297545
13.526026026026026
0.002841653974635298
13.545945945945945
0.0028032063761604656
13.565865865865865
0.0027652586989957793
13.585785785785784
0.002727804771919968
13.605705705705704
0.002690838494042125
13.625625625625625
0.002654353834705234
13.645545545545545
0.0026183448329666235
13.665465465465465
0.002582805596128411
13.685385385385384
0.002547730300002688
13.705305305305304
0.0025131131873917054
13.725225225225225
0.0024789485678101517
13.745145145145145
0.0024452308169452563
13.765065065065064
0.0024119543751429857
13.784984984984984
0.0023791137476978095
13.804904904904904
0.002346703503838047
13.824824824824823
0.0023147182757759623
13.844744744744744
0.0022831527585476614
13.864664664664664
0.0022520017086892596
13.884584584584584
0.0022212599442490944
13.904504504504503
0.00219092234363074
13.924424424424423
0.0021609838456157675
13.944344344344344
0.002131439448018782
13.964264264264264
0.002102284206972096
13.984184184184183
0.002073513237437534
14.004104104104103
0.002045121711207975
14.024024024024023
0.0020171048570589876
14.043943943943944
0.0019894579600760816
14.063863863863864
0.001962176361088083
14.083783783783783
0.0019352554556284125
14.103703703703703
0.001908690693973414
14.123623623623622
0.001882477579939593
14.143543543543542
0.001856611670569934
14.163463463463463
0.001831088576152105
14.183383383383383
0.0018059039587721088
14.203303303303302
0.0017810535315669475
14.223223223223222
0.0017565330595271105
14.243143143143142
0.001732338357813124
14.263063063063063
0.0017084652909870432
14.282982982982983
0.0016849097736196055
14.302902902902902
0.0016616677685667577
14.322822822822822
0.0016387352876586912
14.342742742742741
0.0016161083896083209
14.362662662662661
0.0015937831812070527
14.382582582582582
0.0015717558152953965
14.402502502502502
0.0015500224912038338
14.422422422422422
0.0015285794538584907
14.442342342342341
0.001507422993683317
14.46226226226226
0.0014865494453507055
14.482182182182182
0.001465955187993853
14.502102102102102
0.0014456366442668978
14.522022022022021
0.0014255902802255706
14.541941941941941
0.0014058126047086063
14.56186186186186
0.0013863001684259301
14.58178178178178
0.0013670495643467642
14.601701701701701
0.001348057426447418
14.621621621621621
0.001329320429764616
14.64154154154154
0.0013108352897109865
14.66146146146146
0.0012925987615610814
14.68138138138138
0.0012746076403534997
14.701301301301301
0.0012568587597991798
14.72122122122122
0.0012393489923100641
14.74114114114114
0.0012220752487518366
14.76106106106106
0.0012050344776660556
14.78098098098098
0.0011882236646719277
14.8009009009009
0.0011716398325487723
14.82082082082082
0.001155280040545514
14.84074074074074
0.0011391413841285545
14.86066066066066
0.0011232209939354152
14.88058058058058
0.0011075160364217727
14.900500500500499
0.001092023712471163
14.92042042042042
0.0010767412577081783
14.94034034034034
0.0010616659415079634
14.96026026026026
0.0010467950677480941
14.980180180180179
0.0010321259724362798
15.000100100100099
0.0010176560254086882
15.02002002002002
0.0010033826286383336
15.03993993993994
0.000989303216041743
15.05985985985986
0.0009754152540509777
15.079779779779779
0.0009617162397633142
15.099699699699698
0.0009482037016954567
15.119619619619618
0.0009348751991805022
15.13953953953954
0.0009217283214422545
15.159459459459459
0.000908760688535474
15.179379379379379
0.0008959699492497334
15.199299299299298
0.0008833537819745839
15.219219219219218
0.0008709098947315857
15.239139139139139
0.0008586360229261949
15.259059059059059
0.0008465299312493575
15.278978978978978
0.000834589412199666
15.298898898898898
0.0008228122853889558
15.318818818818817
0.0008111963985340809
15.338738738738737
0.0007997396255542087
15.358658658658658
0.0007884398677946228
15.378578578578578
0.0007772950523295892
15.398498498498498
0.0007663031328471932
15.418418418418417
0.0007554620881612748
15.438338338338337
0.0007447699230467285
15.458258258258258
0.0007342246672749042
15.478178178178178
0.0007238243752002878
15.498098098098097
0.000713567126533904
15.518018018018017
0.0007034510243601155
15.537937937937937
0.0006934741958435121
15.557857857857856
0.0006836347926321067
15.577777777777778
0.000673930989066191
15.597697697697697
0.0006643609828214921
15.617617617617617
0.0006549229942912601
15.637537537537536
0.0006456152665651959
15.657457457457456
0.0006364360650696302
15.677377377377377
0.0006273836778222328
15.697297297297297
0.0006184564134081773
15.717217217217216
0.000609652603108614
15.737137137137136
0.0006009705988222577
15.757057057057056
0.0005924087735373351
15.776976976976975
0.0005839655214726934
15.796896896896897
0.0005756392568712856
15.816816816816816
0.0005674284144157543
15.836736736736736
0.0005593314486292783
15.856656656656655
0.0005513468342606279
15.876576576576575
0.0005434730652992361
15.896496496496496
0.0005357086549732396
15.916416416416416
0.0005280521353869872
15.936336336336336
0.0005205020585252566
15.956256256256255
0.0005130569937746894
15.976176176176175
0.0005057155295735061
15.996096096096096
0.0004984762722700127
16.016016016016017
0.0004913378467106775
16.035935935935935
0.0004842988943243308
16.055855855855857
0.0004773580750959448
16.075775775775774
0.00047051406596748224
16.095695695695696
0.0004637655609953354
16.115615615615617
0.0004571112711339687
16.135535535535535
0.0004505499239999187
16.155455455455456
0.00044408026361566593
16.175375375375378
0.00043770105013288485
16.195295295295296
0.0004314110606627002
16.215215215215217
0.00042520908671971107
16.235135135135135
0.00041909393651069364
16.255055055055056
0.00041306443384935747
16.274974974974977
0.0004071194170218269
16.294894894894895
0.000401257740311804
16.314814814814817
0.0003954782720645735
16.334734734734734
0.0003897798961975737
16.354654654654656
0.0003841615109965815
16.374574574574574
0.0003786220282558463
16.394494494494495
0.0003731603751681087
16.414414414414416
0.00036777549226321335
16.434334334334334
0.0003624663340868476
16.454254254254256
0.0003572318690830256
16.474174174174173
0.00035207107864774486
16.494094094094095
0.00034698295778124724
16.514014014014016
0.00034196651534177064
16.533933933933934
0.00033702077181021225
16.553853853853855
0.0003321447619753384
16.573773773773773
0.00032733753224893815
16.593693693693695
0.00032259814209956796
16.613613613613616
0.000317925662981478
16.633533533533534
0.00031331917935262205
16.653453453453455
0.00030877778671498145
16.673373373373373
0.0003043005930332984
16.693293293293294
0.0002998867180243595
16.713213213213216
0.0002955352932874298
16.733133133133133
0.0002912454615534932
16.753053053053055
0.00028701637634308107
16.772972972972973
0.000282847203381867
16.792892892892894
0.0002787371189312718
16.812812812812815
0.00027468531030057656
16.832732732732733
0.0002706909750148068
16.852652652652655
0.0002667533226729473
16.872572572572572
0.0002628715713813038
16.892492492492494
0.00025904495094931706
16.91241241241241
0.00025527270156856254
16.932332332332333
0.00025155407290467755
16.952252252252254
0.0002478883240866833
16.972172172172172
0.0002442747255691836
16.992092092092093
0.000240712556799952
17.01201201201201
0.00023720110617761106
17.031931931931933
0.00023373967195782495
17.051851851851854
0.0002303275631844539
17.071771771771772
0.00022696409581580805
17.091691691691693
0.00022364859648645665
17.11161161161161
0.00022038040052949472
17.131531531531532
0.0002171588518911252
17.151451451451454
0.0002139833030372741
17.17137137137137
0.00021085311634180747
17.191291291291293
0.00020776766102185553
17.21121121121121
0.0002047263164929847
17.231131131131132
0.000201728468763349
17.251051051051054
0.00019877351380983687
17.27097097097097
0.00019586085391560672
17.290890890890893
0.0001929899010667374
17.31081081081081
0.00019016007374807707
17.330730730730732
0.00018737079985516308
17.35065065065065
0.00018462151343690908
17.37057057057057
0.00018191165709693604
17.390490490490492
0.00017924068025014557
17.41041041041041
0.00017660804049971724
17.43033033033033
0.0001740132023888759
17.45025025025025
0.00017145563771586963
17.47017017017017
0.00016893482531623016
17.490090090090092
0.00016645025137597747
17.51001001001001
0.00016400140866106524
17.52992992992993
0.00016158779681364974
17.54984984984985
0.0001592089226543932
17.56976976976977
0.00015686429938287997
17.589689689689692
0.00015455344686207264
17.60960960960961
0.00015227589134853093
17.62952952952953
0.00015003116577328988
17.64944944944945
0.0001478188094623078
17.66936936936937
0.00014563836727512244
17.68928928928929
0.00014348939100101765
17.70920920920921
0.00014137143849619798
17.72912912912913
0.00013928407394617502
17.74904904904905
0.00013722686580739017
17.76896896896897
0.00013519939052537434
17.78888888888889
0.00013320122931721783
17.80880880880881
0.00013123196839182045
17.82872872872873
0.00012929120155102632
17.84864864864865
0.0001273785257045386
17.86856856856857
0.00012549354584426287
17.888488488488488
0.00012363587051786233
17.90840840840841
0.00012180511382891963
17.92832832832833
0.00012000089627898094
17.948248248248248
0.00011822284195346422
17.96816816816817
0.00011647058178072016
17.988088088088087
0.00011474375007424915
18.00800800800801
0.00011304198781639942
18.02792792792793
0.0001113649391533711
18.047847847847848
0.00010971225533319289
18.06776776776777
0.00010808358990309648
18.087687687687687
0.0001064786026618706
18.10760760760761
0.00010489695861746448
18.12752752752753
0.00010333832562200965
18.147447447447448
0.0001018023777490171
18.16736736736737
0.0001002887922756234
18.187287287287287
9.879725179403856e-05
18.207207207207208
9.732744310360628e-05
18.22712712712713
9.587905738599062e-05
18.247047047047047
9.445178905624074e-05
18.26696696696697
9.304533857915722e-05
18.286886886886887
9.165940933574347e-05
18.306806806806808
9.029370843396416e-05
18.326726726726726
8.894794822127781e-05
18.346646646646647
8.762184511745175e-05
18.36656656656657
8.631511772347687e-05
18.386486486486486
8.502748968846858e-05
18.406406406406408
8.375868920494258e-05
18.426326326326325
8.250844639910688e-05
18.446246246246247
8.127649762988971e-05
18.46616616616617
8.006258008100132e-05
18.486086086086086
7.886643677920974e-05
18.506006006006007
7.76878132463796e-05
18.525925925925925
7.652645904157247e-05
18.545845845845847
7.538212719727813e-05
18.565765765765768
7.425457291509328e-05
18.585685685685686
7.314355729388385e-05
18.605605605605607
7.204884242830103e-05
18.625525525525525
7.097019440966082e-05
18.645445445445446
6.99073834742673e-05
18.665365365365368
6.886018267455875e-05
18.685285285285286
6.782836725118217e-05
18.705205205205207
6.681171622713939e-05
18.725125125125125
6.581001179577223e-05
18.745045045045046
6.482304019867966e-05
18.764964964964967
6.38505880746184e-05
18.784884884884885
6.28924478502141e-05
18.804804804804807
6.194841255961433e-05
18.824724724724724
6.1018280522939267e-05
18.844644644644646
6.010185009657763e-05
18.864564564564564
5.919892516152937e-05
18.884484484484485
5.830930982308036e-05
18.904404404404406
5.7432813958154216e-05
18.924324324324324
5.6569246282910806e-05
18.944244244244246
5.571842230316469e-05
18.964164164164163
5.488015653573334e-05
18.984084084084085
5.405426893737341e-05
19.004004004004006
5.3240579429418385e-05
19.023923923923924
5.243891279346149e-05
19.043843843843845
5.1649094752412405e-05
19.063763763763763
5.087095366328026e-05
19.083683683683685
5.0104321437657605e-05
19.103603603603606
4.934903118021012e-05
19.123523523523524
4.860491807969498e-05
19.143443443443445
4.787182116178268e-05
19.163363363363363
4.714958089539142e-05
19.183283283283284
4.6438039257044384e-05
19.203203203203206
4.5737041492732e-05
19.223123123123123
4.504643452268965e-05
19.243043043043045
4.4366067866713844e-05
19.262962962962963
4.369579201393735e-05
19.282882882882884
4.303546193357194e-05
19.302802802802802
4.238493199572314e-05
19.322722722722723
4.17440594763621e-05
19.342642642642645
4.111270553277728e-05
19.362562562562562
4.0490730912080406e-05
19.382482482482484
3.987799862507335e-05
19.4024024024024
3.9274374917363265e-05
19.422322322322323
3.8679726685818494e-05
19.442242242242244
3.809392421741585e-05
19.462162162162162
3.75168367729398e-05
19.482082082082083
3.694833985515943e-05
19.502002002002
3.63883062503096e-05
19.521921921921923
3.5836612407383696e-05
19.541841841841844
3.529313854970623e-05
19.561761761761762
3.475776322623621e-05
19.581681681681683
3.423036794785845e-05
19.6016016016016
3.371083728030504e-05
19.621521521521522
3.319905611643832e-05
19.641441441441444
3.269491064841263e-05
19.66136136136136
3.2198289368288146e-05
19.681281281281283
3.170908218830645e-05
19.7012012012012
3.122718049370861e-05
19.721121121121122
3.0752478160474994e-05
19.741041041041044
3.0284868727741714e-05
19.76096096096096
2.982424930000712e-05
19.780880880880883
2.9370516738802123e-05
19.8008008008008
2.892357062167162e-05
19.820720720720722
2.8483311349494738e-05
19.84064064064064
2.8049640182410035e-05
19.86056056056056
2.7622461270900122e-05
19.880480480480482
2.7201679737437824e-05
19.9004004004004
2.678719970128912e-05
19.92032032032032
2.6378930339657096e-05
19.94024024024024
2.597677992531001e-05
19.96016016016016
2.5580658883392046e-05
19.980080080080082
2.5190477804763292e-05
20.0
2.4806149526702055e-05
